t,V1
-5.4e-05,0.0028
-5.396e-05,0.0024000000000000002
-5.392e-05,-0.0004
-5.388e-05,0.004
-5.384e-05,0.002
-5.38e-05,0.0044
-5.376e-05,0.0032
-5.372e-05,0.002
-5.368e-05,0.0036000000000000003
-5.3639999999999995e-05,0.004
-5.3599999999999995e-05,0.0028
-5.3559999999999995e-05,0.004
-5.3519999999999996e-05,0.0012000000000000001
-5.3479999999999996e-05,0.0024000000000000002
-5.3439999999999997e-05,0.0024000000000000002
-5.34e-05,0.0036000000000000003
-5.336e-05,0.0032
-5.332e-05,0.0024000000000000002
-5.328e-05,0.0024000000000000002
-5.324e-05,0.0024000000000000002
-5.32e-05,0.0036000000000000003
-5.316e-05,0.004
-5.312e-05,0.002
-5.308e-05,0.0016
-5.304e-05,0.0032
-5.3e-05,0.0016
-5.296e-05,0.0032
-5.2919999999999995e-05,0.002
-5.2879999999999995e-05,0.0032
-5.2839999999999996e-05,0.0028
-5.2799999999999996e-05,0.0028
-5.2759999999999996e-05,0.0028
-5.272e-05,0.0024000000000000002
-5.268e-05,0.0016
-5.264e-05,0.0048000000000000004
-5.26e-05,0.0016
-5.256e-05,0.0016
-5.252e-05,0.002
-5.248e-05,0.0028
-5.244e-05,0.0044
-5.24e-05,0.0044
-5.236e-05,0.0044
-5.232e-05,0.0056
-5.228e-05,0.0028
-5.224e-05,0.0032
-5.2199999999999995e-05,0.0032
-5.2159999999999995e-05,0.004
-5.2119999999999996e-05,0.0032
-5.2079999999999996e-05,0.0012000000000000001
-5.2039999999999996e-05,0.0012000000000000001
-5.2e-05,0.002
-5.196e-05,0.002
-5.192e-05,0.0036000000000000003
-5.188e-05,0.0024000000000000002
-5.184e-05,0.0016
-5.18e-05,0.0028
-5.176e-05,0.0016
-5.172e-05,0.0044
-5.168e-05,0.002
-5.164e-05,0.0016
-5.16e-05,0.002
-5.156e-05,0.0028
-5.1519999999999995e-05,0.0036000000000000003
-5.1479999999999995e-05,0.0036000000000000003
-5.1439999999999995e-05,0.0008
-5.1399999999999996e-05,0.0044
-5.1359999999999996e-05,0.0004
-5.1319999999999997e-05,0.0032
-5.128e-05,0.002
-5.124e-05,0.0012000000000000001
-5.12e-05,0.0012000000000000001
-5.116e-05,0.0028
-5.112e-05,0.0036000000000000003
-5.108e-05,0.0036000000000000003
-5.104e-05,0.0004
-5.1e-05,0.002
-5.096e-05,0.0024000000000000002
-5.092e-05,0.0044
-5.088e-05,0.0032
-5.0839999999999994e-05,0.0004
-5.08e-05,0.0
-5.0759999999999995e-05,0.0016
-5.0719999999999996e-05,0.0032
-5.0679999999999996e-05,0.0044
-5.0639999999999996e-05,0.0008
-5.06e-05,0.0008
-5.056e-05,0.0036000000000000003
-5.052e-05,0.0028
-5.048e-05,0.0044
-5.044e-05,0.0012000000000000001
-5.04e-05,0.0024000000000000002
-5.036e-05,0.0024000000000000002
-5.032e-05,0.0028
-5.028e-05,0.0028
-5.024e-05,0.0012000000000000001
-5.02e-05,0.0008
-5.0159999999999994e-05,0.0032
-5.012e-05,0.0004
-5.0079999999999995e-05,0.0032
-5.0039999999999995e-05,0.0016
-4.9999999999999996e-05,0.0016
-4.9959999999999996e-05,0.0028
-4.9919999999999996e-05,0.0024000000000000002
-4.988e-05,0.0024000000000000002
-4.984e-05,0.0024000000000000002
-4.98e-05,0.0008
-4.976e-05,0.0028
-4.972e-05,0.0028
-4.968e-05,0.0036000000000000003
-4.964e-05,0.002
-4.96e-05,-0.0004
-4.956e-05,0.0024000000000000002
-4.952e-05,0.0036000000000000003
-4.948e-05,0.004
-4.944e-05,0.0028
-4.9399999999999995e-05,0.0016
-4.9359999999999995e-05,0.0024000000000000002
-4.9319999999999995e-05,0.004
-4.9279999999999996e-05,0.0028
-4.9239999999999996e-05,0.004
-4.9199999999999997e-05,0.0
-4.916e-05,0.0036000000000000003
-4.912e-05,0.0024000000000000002
-4.908e-05,0.0032
-4.904e-05,0.0032
-4.9e-05,0.0024000000000000002
-4.896e-05,0.0016
-4.892e-05,0.0036000000000000003
-4.888e-05,0.0
-4.884e-05,0.0048000000000000004
-4.88e-05,0.0016
-4.876e-05,0.0028
-4.8719999999999994e-05,0.0032
-4.868e-05,0.0024000000000000002
-4.8639999999999995e-05,0.0016
-4.8599999999999995e-05,0.0016
-4.8559999999999996e-05,0.0008
-4.8519999999999996e-05,0.0032
-4.848e-05,0.002
-4.844e-05,0.0028
-4.84e-05,0.002
-4.836e-05,0.0016
-4.832e-05,0.0032
-4.828e-05,0.0036000000000000003
-4.824e-05,0.0048000000000000004
-4.82e-05,0.0032
-4.816e-05,0.0016
-4.812e-05,0.0028
-4.808e-05,0.0036000000000000003
-4.8039999999999994e-05,0.0024000000000000002
-4.8e-05,0.0044
-4.7959999999999995e-05,0.0
-4.7919999999999995e-05,0.0036000000000000003
-4.7879999999999996e-05,0.0012000000000000001
-4.7839999999999996e-05,0.0028
-4.7799999999999996e-05,0.0028
-4.776e-05,0.0012000000000000001
-4.772e-05,0.0012000000000000001
-4.768e-05,0.0012000000000000001
-4.764e-05,0.0004
-4.76e-05,0.0036000000000000003
-4.756e-05,0.0016
-4.752e-05,0.002
-4.748e-05,0.0028
-4.744e-05,0.0008
-4.74e-05,0.0028
-4.736e-05,0.0016
-4.732e-05,0.0008
-4.7279999999999995e-05,0.0016
-4.7239999999999995e-05,0.0016
-4.7199999999999995e-05,0.0032
-4.7159999999999996e-05,0.0016
-4.7119999999999996e-05,0.0004
-4.7079999999999996e-05,0.004
-4.704e-05,0.0028
-4.7e-05,0.0032
-4.696e-05,0.0012000000000000001
-4.692e-05,0.0004
-4.688e-05,0.0012000000000000001
-4.684e-05,0.002
-4.68e-05,0.0032
-4.676e-05,0.0028
-4.672e-05,-0.0004
-4.668e-05,0.002
-4.664e-05,0.0012000000000000001
-4.6599999999999994e-05,0.0028
-4.656e-05,0.0032
-4.6519999999999995e-05,0.0012000000000000001
-4.6479999999999995e-05,0.0012000000000000001
-4.6439999999999996e-05,0.0016
-4.6399999999999996e-05,0.0012000000000000001
-4.6359999999999997e-05,0.004
-4.632e-05,-0.0004
-4.628e-05,0.0012000000000000001
-4.624e-05,0.0016
-4.62e-05,0.002
-4.616e-05,0.0036000000000000003
-4.612e-05,0.0
-4.608e-05,0.0012000000000000001
-4.604e-05,0.002
-4.6e-05,0.002
-4.596e-05,0.0028
-4.5919999999999994e-05,0.0
-4.588e-05,0.0008
-4.5839999999999995e-05,0.004
-4.58e-05,0.0024000000000000002
-4.5759999999999996e-05,0.0036000000000000003
-4.5719999999999996e-05,0.0004
-4.5679999999999996e-05,0.0008
-4.564e-05,0.0028
-4.56e-05,0.0032
-4.556e-05,0.0012000000000000001
-4.552e-05,0.0008
-4.548e-05,0.0
-4.544e-05,0.0016
-4.54e-05,0.002
-4.536e-05,0.0036000000000000003
-4.532e-05,0.0024000000000000002
-4.528e-05,0.0012000000000000001
-4.5239999999999994e-05,0.0016
-4.52e-05,0.0024000000000000002
-4.5159999999999995e-05,0.0024000000000000002
-4.512e-05,0.0032
-4.5079999999999995e-05,0.0
-4.5039999999999996e-05,0.002
-4.4999999999999996e-05,0.002
-4.4959999999999996e-05,0.002
-4.492e-05,0.002
-4.488e-05,0.0004
-4.484e-05,0.0024000000000000002
-4.48e-05,0.0036000000000000003
-4.476e-05,0.0028
-4.472e-05,0.0028
-4.468e-05,0.0008
-4.464e-05,0.0028
-4.46e-05,0.0036000000000000003
-4.456e-05,0.002
-4.452e-05,0.0024000000000000002
-4.4479999999999994e-05,-0.0008
-4.444e-05,0.002
-4.4399999999999995e-05,0.002
-4.4359999999999995e-05,0.0032
-4.4319999999999996e-05,0.0024000000000000002
-4.4279999999999996e-05,0.0016
-4.4239999999999997e-05,0.0004
-4.42e-05,0.0028
-4.416e-05,0.0004
-4.412e-05,0.0036000000000000003
-4.408e-05,0.0012000000000000001
-4.404e-05,0.0012000000000000001
-4.4e-05,0.0008
-4.396e-05,0.0016
-4.392e-05,0.0032
-4.388e-05,0.0032
-4.384e-05,0.0008
-4.3799999999999994e-05,0.0028
-4.376e-05,0.0012000000000000001
-4.3719999999999995e-05,0.0028
-4.368e-05,0.0024000000000000002
-4.3639999999999996e-05,0.0016
-4.3599999999999996e-05,0.0024000000000000002
-4.3559999999999996e-05,0.0012000000000000001
-4.352e-05,0.0028
-4.348e-05,0.0024000000000000002
-4.344e-05,0.0016
-4.34e-05,0.0036000000000000003
-4.336e-05,0.0024000000000000002
-4.332e-05,0.0016
-4.328e-05,0.0024000000000000002
-4.324e-05,0.0008
-4.32e-05,0.0036000000000000003
-4.316e-05,0.0016
-4.3119999999999994e-05,0.0028
-4.308e-05,0.0032
-4.3039999999999994e-05,0.0012000000000000001
-4.3e-05,0.002
-4.2959999999999995e-05,0.0032
-4.2919999999999996e-05,0.0028
-4.2879999999999996e-05,0.005200000000000001
-4.2839999999999996e-05,0.0
-4.28e-05,0.0016
-4.276e-05,0.002
-4.272e-05,0.004
-4.268e-05,0.0036000000000000003
-4.264e-05,0.0028
-4.26e-05,0.0008
-4.256e-05,0.002
-4.252e-05,0.0024000000000000002
-4.248e-05,0.005200000000000001
-4.244e-05,0.002
-4.24e-05,0.0012000000000000001
-4.2359999999999994e-05,0.0028
-4.232e-05,0.0008
-4.2279999999999995e-05,0.0036000000000000003
-4.2239999999999995e-05,0.0028
-4.2199999999999996e-05,0.0024000000000000002
-4.2159999999999996e-05,0.0024000000000000002
-4.2119999999999997e-05,0.002
-4.208e-05,0.002
-4.204e-05,0.0024000000000000002
-4.2e-05,0.0004
-4.196e-05,0.0028
-4.192e-05,0.002
-4.188e-05,0.0044
-4.184e-05,0.002
-4.18e-05,0.0016
-4.176e-05,0.0016
-4.172e-05,0.0032
-4.1679999999999994e-05,0.0028
-4.164e-05,0.0036000000000000003
-4.1599999999999995e-05,-0.0012000000000000001
-4.156e-05,0.0016
-4.1519999999999995e-05,0.002
-4.1479999999999996e-05,0.0048000000000000004
-4.1439999999999996e-05,0.0036000000000000003
-4.14e-05,0.0024000000000000002
-4.136e-05,0.0012000000000000001
-4.132e-05,0.004
-4.128e-05,0.0024000000000000002
-4.124e-05,0.0036000000000000003
-4.12e-05,0.0008
-4.116e-05,0.0016
-4.112e-05,0.0028
-4.108e-05,0.002
-4.104e-05,0.0028
-4.0999999999999994e-05,0.0012000000000000001
-4.096e-05,0.0016
-4.0919999999999994e-05,0.0036000000000000003
-4.088e-05,0.0028
-4.0839999999999995e-05,0.0032
-4.0799999999999996e-05,0.0024000000000000002
-4.0759999999999996e-05,0.0016
-4.0719999999999996e-05,0.004
-4.068e-05,0.0016
-4.064e-05,0.0036000000000000003
-4.06e-05,0.0024000000000000002
-4.056e-05,0.0016
-4.052e-05,0.0028
-4.048e-05,0.0036000000000000003
-4.044e-05,0.0036000000000000003
-4.04e-05,0.0028
-4.036e-05,0.0004
-4.032e-05,0.004
-4.028e-05,0.0036000000000000003
-4.0239999999999994e-05,0.004
-4.02e-05,0.0028
-4.0159999999999995e-05,0.0004
-4.0119999999999995e-05,0.002
-4.0079999999999996e-05,0.0036000000000000003
-4.0039999999999996e-05,0.002
-3.9999999999999996e-05,0.0036000000000000003
-3.996e-05,0.0008
-3.992e-05,0.0028
-3.988e-05,0.002
-3.984e-05,0.002
-3.98e-05,0.004
-3.976e-05,0.0024000000000000002
-3.972e-05,0.0024000000000000002
-3.968e-05,0.002
-3.964e-05,0.002
-3.96e-05,0.0028
-3.9559999999999994e-05,0.0024000000000000002
-3.952e-05,0.0028
-3.9479999999999995e-05,0.0036000000000000003
-3.944e-05,0.0016
-3.9399999999999995e-05,0.0048000000000000004
-3.9359999999999996e-05,0.0016
-3.9319999999999996e-05,0.0028
-3.928e-05,0.002
-3.924e-05,0.0032
-3.92e-05,0.0028
-3.916e-05,0.004
-3.912e-05,0.0004
-3.908e-05,0.0036000000000000003
-3.904e-05,0.0032
-3.9e-05,0.0048000000000000004
-3.896e-05,0.0032
-3.892e-05,0.0012000000000000001
-3.8879999999999994e-05,0.0012000000000000001
-3.884e-05,0.0028
-3.8799999999999994e-05,0.0028
-3.876e-05,0.004
-3.8719999999999995e-05,0.0012000000000000001
-3.868e-05,0.002
-3.8639999999999996e-05,0.002
-3.8599999999999996e-05,0.0032
-3.856e-05,0.0048000000000000004
-3.852e-05,0.0028
-3.848e-05,0.002
-3.844e-05,0.0016
-3.84e-05,0.0024000000000000002
-3.836e-05,0.004
-3.832e-05,0.002
-3.827999999999999e-05,0.0012000000000000001
-3.824e-05,0.0032
-3.8199999999999993e-05,0.0036000000000000003
-3.816e-05,0.0056
-3.8119999999999994e-05,0.002
-3.808e-05,0.0028
-3.8039999999999995e-05,0.0024000000000000002
-3.8e-05,0.0032
-3.7959999999999996e-05,0.0024000000000000002
-3.7919999999999996e-05,0.002
-3.7879999999999996e-05,0.0
-3.784e-05,0.0048000000000000004
-3.78e-05,0.002
-3.776e-05,0.0036000000000000003
-3.772e-05,0.0012000000000000001
-3.768e-05,0.0004
-3.764e-05,0.0028
-3.76e-05,0.0036000000000000003
-3.756e-05,0.0028
-3.751999999999999e-05,0.002
-3.748e-05,-0.0004
-3.7439999999999994e-05,0.0028
-3.74e-05,0.0028
-3.7359999999999995e-05,0.0044
-3.732e-05,0.0028
-3.7279999999999995e-05,0.0004
-3.724e-05,0.0012000000000000001
-3.7199999999999996e-05,0.0012000000000000001
-3.7159999999999997e-05,0.0032
-3.712e-05,0.0028
-3.708e-05,0.002
-3.704e-05,0.0008
-3.7e-05,0.0028
-3.696e-05,0.0028
-3.692e-05,0.004
-3.688e-05,0.0008
-3.683999999999999e-05,0.0024000000000000002
-3.68e-05,0.0032
-3.6759999999999994e-05,0.0028
-3.672e-05,0.0024000000000000002
-3.6679999999999994e-05,0.0016
-3.664e-05,0.002
-3.6599999999999995e-05,0.0048000000000000004
-3.656e-05,0.0016
-3.6519999999999996e-05,0.0028
-3.6479999999999996e-05,0.0012000000000000001
-3.644e-05,0.0016
-3.64e-05,0.0036000000000000003
-3.636e-05,0.0028
-3.632e-05,0.0008
-3.628e-05,0.002
-3.624e-05,0.0004
-3.62e-05,0.0028
-3.615999999999999e-05,0.0032
-3.612e-05,0.0036000000000000003
-3.607999999999999e-05,0.0036000000000000003
-3.604e-05,0.0016
-3.5999999999999994e-05,0.0024000000000000002
-3.596e-05,0.002
-3.5919999999999995e-05,0.0028
-3.588e-05,0.0036000000000000003
-3.5839999999999996e-05,0.0008
-3.5799999999999996e-05,0.0012000000000000001
-3.5759999999999996e-05,0.0032
-3.572e-05,0.0016
-3.568e-05,0.004
-3.564e-05,0.0008
-3.56e-05,0.0028
-3.556e-05,0.0024000000000000002
-3.552e-05,0.002
-3.548e-05,0.002
-3.544e-05,0.002
-3.539999999999999e-05,0.0012000000000000001
-3.536e-05,0.0044
-3.5319999999999994e-05,0.0008
-3.528e-05,0.0036000000000000003
-3.5239999999999995e-05,0.0004
-3.52e-05,0.0028
-3.5159999999999995e-05,0.0036000000000000003
-3.512e-05,0.0024000000000000002
-3.5079999999999996e-05,0.0028
-3.5039999999999997e-05,0.002
-3.5e-05,0.0008
-3.496e-05,0.0024000000000000002
-3.492e-05,0.0028
-3.488e-05,0.0036000000000000003
-3.484e-05,0.0028
-3.48e-05,0.0008
-3.476e-05,0.0024000000000000002
-3.471999999999999e-05,0.0028
-3.468e-05,0.004
-3.4639999999999994e-05,0.004
-3.46e-05,0.0008
-3.4559999999999994e-05,0.0016
-3.452e-05,0.0028
-3.4479999999999995e-05,0.0016
-3.444e-05,0.004
-3.4399999999999996e-05,0.0004
-3.4359999999999996e-05,0.002
-3.432e-05,0.0016
-3.428e-05,0.0024000000000000002
-3.424e-05,0.0024000000000000002
-3.42e-05,0.0036000000000000003
-3.416e-05,0.0016
-3.412e-05,0.004
-3.408e-05,0.0012000000000000001
-3.403999999999999e-05,0.0032
-3.4e-05,0.0008
-3.395999999999999e-05,0.0008
-3.392e-05,0.0024000000000000002
-3.3879999999999994e-05,0.0032
-3.384e-05,0.0028
-3.3799999999999995e-05,0.002
-3.376e-05,0.0008
-3.3719999999999996e-05,0.004
-3.3679999999999996e-05,0.0044
-3.3639999999999996e-05,0.0024000000000000002
-3.36e-05,0.002
-3.356e-05,-0.0012000000000000001
-3.352e-05,0.002
-3.348e-05,0.0032
-3.344e-05,0.002
-3.34e-05,0.0008
-3.336e-05,0.0004
-3.332e-05,0.0004
-3.327999999999999e-05,0.0036000000000000003
-3.324e-05,0.0012000000000000001
-3.3199999999999994e-05,0.0028
-3.316e-05,0.0
-3.3119999999999995e-05,0.002
-3.308e-05,0.002
-3.3039999999999995e-05,0.0012000000000000001
-3.3e-05,0.0012000000000000001
-3.2959999999999996e-05,0.002
-3.2919999999999997e-05,0.0012000000000000001
-3.288e-05,0.0028
-3.284e-05,0.0008
-3.28e-05,0.0024000000000000002
-3.276e-05,0.0004
-3.272e-05,0.002
-3.268e-05,0.0016
-3.264e-05,0.0012000000000000001
-3.259999999999999e-05,0.0
-3.256e-05,0.0004
-3.2519999999999994e-05,0.0008
-3.248e-05,0.0028
-3.2439999999999994e-05,0.0028
-3.24e-05,0.0004
-3.2359999999999995e-05,0.0012000000000000001
-3.232e-05,-0.0008
-3.2279999999999996e-05,0.002
-3.2239999999999996e-05,0.0024000000000000002
-3.22e-05,0.0012000000000000001
-3.216e-05,0.0004
-3.212e-05,0.0
-3.208e-05,0.0008
-3.204e-05,0.0036000000000000003
-3.2e-05,-0.0004
-3.196e-05,0.0028
-3.191999999999999e-05,0.0008
-3.188e-05,0.0032
-3.183999999999999e-05,0.0016
-3.18e-05,0.0012000000000000001
-3.1759999999999994e-05,0.0016
-3.172e-05,0.0028
-3.1679999999999995e-05,0.0012000000000000001
-3.164e-05,0.0028
-3.1599999999999996e-05,0.0008
-3.1559999999999996e-05,0.0028
-3.1519999999999996e-05,0.0036000000000000003
-3.148e-05,0.0024000000000000002
-3.144e-05,0.0024000000000000002
-3.14e-05,0.002
-3.136e-05,0.002
-3.132e-05,0.004
-3.128e-05,0.0016
-3.124e-05,0.0028
-3.12e-05,0.0036000000000000003
-3.115999999999999e-05,0.0008
-3.112e-05,0.002
-3.1079999999999994e-05,-0.0004
-3.104e-05,0.0028
-3.0999999999999995e-05,0.0048000000000000004
-3.096e-05,0.002
-3.0919999999999995e-05,0.0024000000000000002
-3.088e-05,0.0012000000000000001
-3.0839999999999996e-05,0.0016
-3.0799999999999996e-05,0.004
-3.076e-05,0.0016
-3.072e-05,0.0028
-3.068e-05,0.0004
-3.064e-05,0.0016
-3.06e-05,0.0036000000000000003
-3.056e-05,0.0028
-3.052e-05,0.0032
-3.0479999999999996e-05,0.0024000000000000002
-3.0439999999999997e-05,0.0008
-3.0399999999999997e-05,0.0032
-3.0359999999999997e-05,0.002
-3.0319999999999998e-05,0.0028
-3.0279999999999998e-05,0.0024000000000000002
-3.024e-05,0.0012000000000000001
-3.02e-05,0.0024000000000000002
-3.0159999999999996e-05,0.0012000000000000001
-3.0119999999999996e-05,0.0016
-3.0079999999999997e-05,0.0016
-3.0039999999999997e-05,0.0016
-2.9999999999999997e-05,0.0028
-2.9959999999999998e-05,0.002
-2.9919999999999998e-05,0.0004
-2.988e-05,0.0008
-2.984e-05,0.0008
-2.9799999999999996e-05,0.0024000000000000002
-2.9759999999999996e-05,0.0036000000000000003
-2.9719999999999997e-05,0.0008
-2.9679999999999997e-05,0.0
-2.9639999999999997e-05,0.0016
-2.9599999999999998e-05,0.0032
-2.9559999999999998e-05,0.006
-2.952e-05,0.0012000000000000001
-2.948e-05,0.002
-2.9439999999999996e-05,0.0008
-2.9399999999999996e-05,0.002
-2.9359999999999997e-05,0.0028
-2.9319999999999997e-05,0.0028
-2.9279999999999997e-05,0.0004
-2.9239999999999998e-05,0.0024000000000000002
-2.9199999999999998e-05,0.0016
-2.916e-05,0.0044
-2.912e-05,0.002
-2.9079999999999996e-05,0.0016
-2.9039999999999996e-05,0.0036000000000000003
-2.8999999999999997e-05,0.0012000000000000001
-2.8959999999999997e-05,0.0028
-2.8919999999999998e-05,0.0004
-2.8879999999999998e-05,0.0012000000000000001
-2.884e-05,0.0012000000000000001
-2.88e-05,0.0016
-2.876e-05,0.0024000000000000002
-2.8719999999999996e-05,0.0012000000000000001
-2.8679999999999996e-05,-0.0016
-2.8639999999999997e-05,0.0024000000000000002
-2.8599999999999997e-05,0.0024000000000000002
-2.8559999999999998e-05,0.004
-2.8519999999999998e-05,0.002
-2.848e-05,0.0008
-2.844e-05,0.002
-2.84e-05,0.0036000000000000003
-2.8359999999999996e-05,0.0028
-2.8319999999999997e-05,0.0032
-2.8279999999999997e-05,0.0
-2.8239999999999997e-05,0.0028
-2.8199999999999998e-05,0.0028
-2.8159999999999998e-05,0.0028
-2.812e-05,0.0028
-2.808e-05,0.0024000000000000002
-2.8039999999999996e-05,0.0024000000000000002
-2.7999999999999996e-05,0.0032
-2.7959999999999997e-05,0.0012000000000000001
-2.7919999999999997e-05,0.0028
-2.7879999999999997e-05,0.002
-2.7839999999999998e-05,0.0028
-2.7799999999999998e-05,0.002
-2.776e-05,0.0024000000000000002
-2.772e-05,0.0032
-2.7679999999999996e-05,0.002
-2.7639999999999996e-05,0.0028
-2.7599999999999997e-05,0.0032
-2.7559999999999997e-05,0.004
-2.7519999999999997e-05,0.002
-2.7479999999999998e-05,0.0028
-2.7439999999999998e-05,0.0004
-2.74e-05,0.004
-2.736e-05,0.0032
-2.7319999999999996e-05,0.004
-2.7279999999999996e-05,0.0036000000000000003
-2.7239999999999997e-05,0.0024000000000000002
-2.7199999999999997e-05,0.0044
-2.7159999999999997e-05,0.0048000000000000004
-2.7119999999999998e-05,0.0032
-2.7079999999999998e-05,0.0048000000000000004
-2.704e-05,0.0008
-2.7e-05,0.0032
-2.6959999999999996e-05,0.0016
-2.6919999999999996e-05,0.0028
-2.6879999999999997e-05,0.0032
-2.6839999999999997e-05,0.0016
-2.6799999999999998e-05,0.002
-2.6759999999999998e-05,0.002
-2.6719999999999998e-05,0.0004
-2.668e-05,0.0032
-2.664e-05,0.0036000000000000003
-2.6599999999999996e-05,0.002
-2.6559999999999996e-05,0.0024000000000000002
-2.6519999999999997e-05,0.0012000000000000001
-2.6479999999999997e-05,0.004
-2.6439999999999998e-05,0.0032
-2.6399999999999998e-05,0.0024000000000000002
-2.636e-05,0.0024000000000000002
-2.632e-05,0.0036000000000000003
-2.6279999999999996e-05,0.0036000000000000003
-2.6239999999999996e-05,0.0024000000000000002
-2.6199999999999996e-05,0.0012000000000000001
-2.6159999999999997e-05,0.004
-2.6119999999999997e-05,0.0032
-2.6079999999999998e-05,0.005200000000000001
-2.6039999999999998e-05,0.0024000000000000002
-2.6e-05,0.0012000000000000001
-2.596e-05,0.002
-2.5919999999999996e-05,0.0048000000000000004
-2.5879999999999996e-05,0.0028
-2.5839999999999997e-05,0.0028
-2.5799999999999997e-05,-0.0004
-2.5759999999999997e-05,0.0028
-2.5719999999999998e-05,0.0024000000000000002
-2.5679999999999998e-05,0.0036000000000000003
-2.564e-05,0.0036000000000000003
-2.56e-05,0.002
-2.5559999999999996e-05,0.0016
-2.5519999999999996e-05,0.0012000000000000001
-2.5479999999999997e-05,0.0024000000000000002
-2.5439999999999997e-05,0.002
-2.5399999999999997e-05,0.0016
-2.5359999999999998e-05,0.0
-2.5319999999999998e-05,0.0028
-2.528e-05,0.002
-2.524e-05,0.0044
-2.5199999999999996e-05,0.002
-2.5159999999999996e-05,0.0012000000000000001
-2.5119999999999997e-05,0.0024000000000000002
-2.5079999999999997e-05,0.0036000000000000003
-2.5039999999999997e-05,0.0036000000000000003
-2.4999999999999998e-05,0.002
-2.4959999999999998e-05,0.0004
-2.492e-05,0.0044
-2.488e-05,0.0028
-2.4839999999999996e-05,0.0036000000000000003
-2.4799999999999996e-05,0.0008
-2.4759999999999997e-05,0.0004
-2.4719999999999997e-05,0.0032
-2.4679999999999997e-05,0.0032
-2.4639999999999998e-05,0.0024000000000000002
-2.4599999999999998e-05,0.002
-2.456e-05,-0.0004
-2.452e-05,0.0036000000000000003
-2.4479999999999996e-05,0.0032
-2.4439999999999996e-05,0.0028
-2.4399999999999997e-05,0.0032
-2.4359999999999997e-05,0.0
-2.4319999999999998e-05,0.0028
-2.4279999999999998e-05,0.0024000000000000002
-2.424e-05,0.0028
-2.42e-05,0.002
-2.4159999999999996e-05,0.0016
-2.4119999999999996e-05,0.002
-2.4079999999999996e-05,0.0036000000000000003
-2.4039999999999997e-05,0.0016
-2.3999999999999997e-05,0.0048000000000000004
-2.3959999999999998e-05,0.002
-2.3919999999999998e-05,0.0032
-2.388e-05,0.0024000000000000002
-2.384e-05,0.0028
-2.3799999999999996e-05,0.0024000000000000002
-2.3759999999999996e-05,0.0024000000000000002
-2.3719999999999997e-05,0.0024000000000000002
-2.3679999999999997e-05,0.004
-2.3639999999999997e-05,0.0012000000000000001
-2.3599999999999998e-05,0.0032
-2.3559999999999998e-05,0.0016
-2.352e-05,0.002
-2.348e-05,0.0028
-2.344e-05,0.0028
-2.34e-05,0.0028
-2.336e-05,0.0016
-2.332e-05,0.0024000000000000002
-2.3279999999999994e-05,0.004
-2.3239999999999994e-05,0.0032
-2.3199999999999995e-05,0.0028
-2.3159999999999995e-05,0.0044
-2.3119999999999995e-05,0.0016
-2.3079999999999996e-05,0.0024000000000000002
-2.3039999999999996e-05,0.0024000000000000002
-2.2999999999999997e-05,0.0036000000000000003
-2.2959999999999997e-05,0.004
-2.2919999999999997e-05,0.0016
-2.2879999999999998e-05,0.0016
-2.2839999999999998e-05,0.0032
-2.28e-05,0.0028
-2.276e-05,0.0048000000000000004
-2.272e-05,0.0012000000000000001
-2.268e-05,0.0024000000000000002
-2.264e-05,0.0028
-2.26e-05,0.0024000000000000002
-2.2559999999999994e-05,0.0032
-2.2519999999999994e-05,0.0024000000000000002
-2.2479999999999995e-05,0.0024000000000000002
-2.2439999999999995e-05,0.004
-2.2399999999999996e-05,0.002
-2.2359999999999996e-05,0.0036000000000000003
-2.2319999999999996e-05,0.002
-2.2279999999999997e-05,0.0016
-2.2239999999999997e-05,0.0044
-2.2199999999999998e-05,0.0016
-2.2159999999999998e-05,0.0024000000000000002
-2.2119999999999998e-05,0.0008
-2.208e-05,0.002
-2.204e-05,0.0036000000000000003
-2.2e-05,0.0032
-2.196e-05,0.0036000000000000003
-2.192e-05,0.0036000000000000003
-2.188e-05,0.0004
-2.1839999999999994e-05,0.0032
-2.1799999999999995e-05,0.002
-2.1759999999999995e-05,0.0044
-2.1719999999999995e-05,0.0016
-2.1679999999999996e-05,-0.0008
-2.1639999999999996e-05,0.0004
-2.1599999999999996e-05,0.0036000000000000003
-2.1559999999999997e-05,0.0032
-2.1519999999999997e-05,0.0036000000000000003
-2.1479999999999998e-05,-0.0012000000000000001
-2.1439999999999998e-05,0.0012000000000000001
-2.14e-05,0.0012000000000000001
-2.136e-05,0.0036000000000000003
-2.132e-05,0.0016
-2.128e-05,-0.0004
-2.124e-05,0.0012000000000000001
-2.12e-05,0.0024000000000000002
-2.1159999999999994e-05,0.0004
-2.1119999999999994e-05,0.0024000000000000002
-2.1079999999999995e-05,0.0004
-2.1039999999999995e-05,0.0012000000000000001
-2.0999999999999995e-05,0.0028
-2.0959999999999996e-05,0.002
-2.0919999999999996e-05,0.002
-2.0879999999999997e-05,-0.0004
-2.0839999999999997e-05,0.002
-2.0799999999999997e-05,0.0028
-2.0759999999999998e-05,0.002
-2.0719999999999998e-05,0.0012000000000000001
-2.068e-05,-0.0004
-2.064e-05,-0.0004
-2.06e-05,0.0036000000000000003
-2.056e-05,0.0024000000000000002
-2.052e-05,0.0036000000000000003
-2.048e-05,0.0012000000000000001
-2.0439999999999994e-05,0.0012000000000000001
-2.0399999999999994e-05,0.0024000000000000002
-2.0359999999999995e-05,0.0036000000000000003
-2.0319999999999995e-05,0.0024000000000000002
-2.0279999999999996e-05,0.0028
-2.0239999999999996e-05,-0.002
-2.0199999999999996e-05,0.002
-2.0159999999999997e-05,0.002
-2.0119999999999997e-05,0.0028
-2.0079999999999997e-05,0.0016
-2.0039999999999998e-05,0.0008
-1.9999999999999998e-05,0.0032
-1.996e-05,0.0032
-1.992e-05,0.002
-1.988e-05,0.0024000000000000002
-1.984e-05,0.0016
-1.98e-05,0.0032
-1.976e-05,0.0032
-1.9719999999999994e-05,0.0
-1.9679999999999995e-05,0.002
-1.9639999999999995e-05,0.0012000000000000001
-1.9599999999999995e-05,0.0044
-1.9559999999999996e-05,0.0032
-1.9519999999999996e-05,0.002
-1.9479999999999996e-05,0.0024000000000000002
-1.9439999999999997e-05,0.002
-1.9399999999999997e-05,0.0008
-1.9359999999999998e-05,0.004
-1.9319999999999998e-05,0.002
-1.928e-05,0.0036000000000000003
-1.924e-05,0.0024000000000000002
-1.92e-05,0.002
-1.916e-05,0.0032
-1.912e-05,0.0032
-1.908e-05,0.002
-1.9039999999999994e-05,0.0024000000000000002
-1.8999999999999994e-05,0.0
-1.8959999999999995e-05,0.0024000000000000002
-1.8919999999999995e-05,0.0016
-1.8879999999999995e-05,0.0028
-1.8839999999999996e-05,0.0012000000000000001
-1.8799999999999996e-05,0.0008
-1.8759999999999997e-05,0.004
-1.8719999999999997e-05,0.0016
-1.8679999999999997e-05,0.002
-1.8639999999999998e-05,0.0028
-1.8599999999999998e-05,0.002
-1.856e-05,0.0028
-1.852e-05,0.0012000000000000001
-1.848e-05,0.0012000000000000001
-1.844e-05,0.0032
-1.84e-05,0.0008
-1.836e-05,0.0036000000000000003
-1.8319999999999994e-05,0.0016
-1.8279999999999994e-05,0.0024000000000000002
-1.8239999999999995e-05,0.002
-1.8199999999999995e-05,0.0012000000000000001
-1.8159999999999996e-05,0.0008
-1.8119999999999996e-05,0.0032
-1.8079999999999996e-05,0.0012000000000000001
-1.8039999999999997e-05,0.0032
-1.7999999999999997e-05,-0.0004
-1.7959999999999997e-05,0.0012000000000000001
-1.7919999999999998e-05,0.0032
-1.7879999999999998e-05,0.0028
-1.784e-05,0.0032
-1.78e-05,0.0
-1.776e-05,0.0004
-1.772e-05,0.002
-1.768e-05,0.002
-1.764e-05,0.0024000000000000002
-1.7599999999999994e-05,0.0016
-1.7559999999999995e-05,0.0008
-1.7519999999999995e-05,0.0028
-1.7479999999999995e-05,0.002
-1.7439999999999996e-05,0.0036000000000000003
-1.7399999999999996e-05,0.0016
-1.7359999999999996e-05,0.0016
-1.7319999999999997e-05,0.0008
-1.7279999999999997e-05,0.0016
-1.7239999999999998e-05,0.0008
-1.7199999999999998e-05,0.0028
-1.716e-05,-0.0004
-1.712e-05,0.0028
-1.708e-05,0.0016
-1.704e-05,0.0024000000000000002
-1.7e-05,0.0016
-1.696e-05,0.0
-1.6919999999999994e-05,0.0012000000000000001
-1.6879999999999994e-05,0.0028
-1.6839999999999995e-05,0.0016
-1.6799999999999995e-05,0.002
-1.6759999999999995e-05,-0.002
-1.6719999999999996e-05,0.002
-1.6679999999999996e-05,0.0028
-1.6639999999999997e-05,0.0024000000000000002
-1.6599999999999997e-05,0.0012000000000000001
-1.6559999999999997e-05,-0.0012000000000000001
-1.6519999999999998e-05,0.0016
-1.6479999999999998e-05,0.004
-1.644e-05,0.0032
-1.64e-05,0.002
-1.636e-05,0.0008
-1.632e-05,0.0028
-1.628e-05,0.0032
-1.624e-05,0.0012000000000000001
-1.6199999999999994e-05,0.0028
-1.6159999999999994e-05,-0.0008
-1.6119999999999995e-05,0.002
-1.6079999999999995e-05,0.002
-1.6039999999999996e-05,0.0016
-1.5999999999999996e-05,0.002
-1.5959999999999996e-05,0.0024000000000000002
-1.5919999999999997e-05,0.0016
-1.5879999999999997e-05,0.0036000000000000003
-1.5839999999999997e-05,0.0004
-1.5799999999999998e-05,0.0024000000000000002
-1.5759999999999998e-05,0.0016
-1.572e-05,0.0012000000000000001
-1.568e-05,0.0036000000000000003
-1.564e-05,0.0028
-1.56e-05,0.0016
-1.556e-05,0.0012000000000000001
-1.552e-05,0.0016
-1.5479999999999994e-05,0.004
-1.5439999999999994e-05,0.0032
-1.5399999999999995e-05,0.0024000000000000002
-1.5359999999999995e-05,0.0024000000000000002
-1.5319999999999996e-05,0.0004
-1.5279999999999996e-05,0.0044
-1.5239999999999996e-05,0.004
-1.5199999999999997e-05,0.0032
-1.5159999999999997e-05,0.002
-1.5119999999999998e-05,0.002
-1.5079999999999998e-05,0.0008
-1.5039999999999998e-05,0.002
-1.4999999999999999e-05,0.0
-1.4959999999999999e-05,0.0024000000000000002
-1.492e-05,0.0
-1.488e-05,0.0028
-1.484e-05,0.002
-1.4799999999999994e-05,0.0024000000000000002
-1.4759999999999994e-05,0.0036000000000000003
-1.4719999999999995e-05,0.004
-1.4679999999999995e-05,0.002
-1.4639999999999995e-05,0.0048000000000000004
-1.4599999999999996e-05,0.0012000000000000001
-1.4559999999999996e-05,0.0032
-1.4519999999999997e-05,0.0024000000000000002
-1.4479999999999997e-05,0.002
-1.4439999999999997e-05,0.004
-1.4399999999999998e-05,0.0016
-1.4359999999999998e-05,0.0016
-1.4319999999999998e-05,0.0016
-1.4279999999999999e-05,0.0012000000000000001
-1.424e-05,0.0036000000000000003
-1.42e-05,0.0024000000000000002
-1.416e-05,0.0012000000000000001
-1.412e-05,0.0016
-1.4079999999999994e-05,0.0008
-1.4039999999999994e-05,0.0036000000000000003
-1.3999999999999995e-05,0.0024000000000000002
-1.3959999999999995e-05,0.0032
-1.3919999999999995e-05,0.0024000000000000002
-1.3879999999999996e-05,0.0024000000000000002
-1.3839999999999996e-05,0.0028
-1.3799999999999997e-05,0.0028
-1.3759999999999997e-05,0.002
-1.3719999999999997e-05,0.0036000000000000003
-1.3679999999999998e-05,-0.0004
-1.3639999999999998e-05,0.0016
-1.3599999999999999e-05,0.002
-1.3559999999999999e-05,0.002
-1.352e-05,0.0036000000000000003
-1.348e-05,0.002
-1.344e-05,0.0012000000000000001
-1.34e-05,0.0032
-1.3359999999999994e-05,0.002
-1.3319999999999994e-05,0.0044
-1.3279999999999995e-05,0.002
-1.3239999999999995e-05,0.0024000000000000002
-1.3199999999999996e-05,0.0044
-1.3159999999999996e-05,0.0016
-1.3119999999999996e-05,0.002
-1.3079999999999997e-05,0.0012000000000000001
-1.3039999999999997e-05,0.002
-1.2999999999999998e-05,0.0032
-1.2959999999999998e-05,0.0028
-1.2919999999999998e-05,0.0016
-1.2879999999999999e-05,0.0012000000000000001
-1.2839999999999999e-05,0.0012000000000000001
-1.28e-05,0.0044
-1.276e-05,0.002
-1.272e-05,0.002
-1.2679999999999994e-05,0.0008
-1.2639999999999994e-05,0.0032
-1.2599999999999995e-05,0.0028
-1.2559999999999995e-05,0.004
-1.2519999999999995e-05,0.0024000000000000002
-1.2479999999999996e-05,0.0032
-1.2439999999999996e-05,0.0012000000000000001
-1.2399999999999996e-05,0.0036000000000000003
-1.2359999999999997e-05,0.0032
-1.2319999999999997e-05,0.0036000000000000003
-1.2279999999999998e-05,0.0028
-1.2239999999999998e-05,0.0004
-1.2199999999999998e-05,0.0012000000000000001
-1.2159999999999999e-05,0.0032
-1.212e-05,0.0012000000000000001
-1.208e-05,0.0024000000000000002
-1.204e-05,0.0008
-1.2e-05,0.0028
-1.1959999999999994e-05,0.004
-1.1919999999999994e-05,0.002
-1.1879999999999995e-05,0.002
-1.1839999999999995e-05,0.0016
-1.1799999999999995e-05,0.0032
-1.1759999999999996e-05,0.0048000000000000004
-1.1719999999999996e-05,0.0024000000000000002
-1.1679999999999997e-05,0.002
-1.1639999999999997e-05,0.002
-1.1599999999999997e-05,0.0024000000000000002
-1.1559999999999998e-05,0.0068000000000000005
-1.1519999999999998e-05,0.002
-1.1479999999999999e-05,0.0016
-1.1439999999999999e-05,0.002
-1.14e-05,0.0032
-1.136e-05,0.004
-1.132e-05,0.004
-1.128e-05,0.0016
-1.1239999999999994e-05,0.0028
-1.1199999999999994e-05,0.0008
-1.1159999999999995e-05,0.0048000000000000004
-1.1119999999999995e-05,0.0024000000000000002
-1.1079999999999996e-05,0.0028
-1.1039999999999996e-05,0.002
-1.0999999999999996e-05,0.0008
-1.0959999999999997e-05,0.0032
-1.0919999999999997e-05,0.0028
-1.0879999999999997e-05,0.0012000000000000001
-1.0839999999999998e-05,0.0024000000000000002
-1.0799999999999998e-05,0.0024000000000000002
-1.0759999999999999e-05,0.0036000000000000003
-1.0719999999999999e-05,0.0032
-1.068e-05,0.0008
-1.064e-05,0.002
-1.06e-05,0.0024000000000000002
-1.0559999999999994e-05,0.0044
-1.0519999999999994e-05,0.0036000000000000003
-1.0479999999999995e-05,0.0016
-1.0439999999999995e-05,0.002
-1.0399999999999995e-05,0.004
-1.0359999999999996e-05,0.0032
-1.0319999999999996e-05,0.0044
-1.0279999999999996e-05,0.0016
-1.0239999999999997e-05,0.002
-1.0199999999999997e-05,0.0024000000000000002
-1.0159999999999998e-05,0.0036000000000000003
-1.0119999999999998e-05,0.004
-1.0079999999999998e-05,0.0024000000000000002
-1.0039999999999999e-05,0.002
-9.999999999999999e-06,0.0032
-9.96e-06,0.0016
-9.92e-06,0.0044
-9.88e-06,0.0028
-9.839999999999994e-06,0.0028
-9.799999999999994e-06,0.002
-9.759999999999995e-06,0.0028
-9.719999999999995e-06,0.0024000000000000002
-9.679999999999995e-06,0.0032
-9.639999999999996e-06,0.0012000000000000001
-9.599999999999996e-06,0.0028
-9.559999999999997e-06,0.002
-9.519999999999997e-06,0.0028
-9.479999999999997e-06,0.0032
-9.439999999999998e-06,0.0004
-9.399999999999998e-06,0.0044
-9.359999999999998e-06,0.0032
-9.319999999999999e-06,0.0036000000000000003
-9.28e-06,0.0028
-9.24e-06,0.0024000000000000002
-9.2e-06,0.002
-9.16e-06,0.0044
-9.119999999999994e-06,0.0024000000000000002
-9.079999999999994e-06,0.004
-9.039999999999995e-06,0.0016
-8.999999999999995e-06,0.0036000000000000003
-8.959999999999996e-06,0.0028
-8.919999999999996e-06,0.0028
-8.879999999999996e-06,0.0036000000000000003
-8.839999999999997e-06,0.002
-8.799999999999997e-06,0.0012000000000000001
-8.759999999999997e-06,0.0024000000000000002
-8.719999999999998e-06,0.0012000000000000001
-8.679999999999998e-06,0.0056
-8.639999999999999e-06,0.0028
-8.599999999999999e-06,0.0024000000000000002
-8.56e-06,0.0016
-8.52e-06,0.0008
-8.48e-06,0.0036000000000000003
-8.439999999999994e-06,0.0036000000000000003
-8.399999999999994e-06,0.0016
-8.359999999999994e-06,0.0024000000000000002
-8.319999999999995e-06,0.0012000000000000001
-8.279999999999995e-06,0.0024000000000000002
-8.239999999999996e-06,0.0032
-8.199999999999996e-06,0.0008
-8.159999999999996e-06,0.0036000000000000003
-8.119999999999997e-06,0.0028
-8.079999999999997e-06,0.0028
-8.039999999999998e-06,0.0024000000000000002
-7.999999999999998e-06,0.0024000000000000002
-7.959999999999998e-06,0.002
-7.919999999999999e-06,0.004
-7.879999999999999e-06,0.002
-7.84e-06,0.0036000000000000003
-7.8e-06,0.0
-7.76e-06,0.0032
-7.719999999999994e-06,0.0016
-7.679999999999994e-06,0.0024000000000000002
-7.639999999999995e-06,0.0032
-7.599999999999995e-06,0.0016
-7.559999999999995e-06,0.0008
-7.519999999999996e-06,0.0028
-7.479999999999996e-06,0.0016
-7.4399999999999965e-06,0.0044
-7.399999999999997e-06,0.0016
-7.359999999999997e-06,0.0004
-7.319999999999998e-06,0.0016
-7.279999999999998e-06,0.0012000000000000001
-7.2399999999999984e-06,0.0044
-7.199999999999999e-06,0.0036000000000000003
-7.159999999999999e-06,0.0008
-7.12e-06,0.0024000000000000002
-7.08e-06,0.0012000000000000001
-7.04e-06,0.0032
-6.999999999999994e-06,0.0028
-6.959999999999994e-06,0.0
-6.919999999999995e-06,0.0024000000000000002
-6.879999999999995e-06,0.0016
-6.8399999999999955e-06,0.002
-6.799999999999996e-06,0.002
-6.759999999999996e-06,0.0004
-6.719999999999997e-06,0.0016
-6.679999999999997e-06,0.0032
-6.639999999999997e-06,0.0016
-6.599999999999998e-06,0.002
-6.559999999999998e-06,-0.0008
-6.5199999999999986e-06,0.0028
-6.479999999999999e-06,0.0032
-6.439999999999999e-06,0.0032
-6.4e-06,0.002
-6.36e-06,0.0004
-6.319999999999994e-06,0.0012000000000000001
-6.279999999999994e-06,0.0036000000000000003
-6.2399999999999945e-06,0.0024000000000000002
-6.199999999999995e-06,0.0032
-6.159999999999995e-06,0.0004
-6.119999999999996e-06,0.0008
-6.079999999999996e-06,0.0024000000000000002
-6.039999999999996e-06,0.0028
-5.999999999999997e-06,0.0036000000000000003
-5.959999999999997e-06,0.0024000000000000002
-5.9199999999999975e-06,0.0024000000000000002
-5.879999999999998e-06,0.0032
-5.839999999999998e-06,0.004
-5.799999999999999e-06,0.0028
-5.759999999999999e-06,0.0032
-5.7199999999999994e-06,-0.0004
-5.68e-06,0.0036000000000000003
-5.64e-06,0.0008
-5.599999999999994e-06,0.0016
-5.559999999999994e-06,0.0012000000000000001
-5.519999999999995e-06,0.002
-5.479999999999995e-06,0.0032
-5.439999999999995e-06,0.0036000000000000003
-5.399999999999996e-06,0.0012000000000000001
-5.359999999999996e-06,0.0024000000000000002
-5.3199999999999965e-06,0.0004
-5.279999999999997e-06,0.0036000000000000003
-5.239999999999997e-06,0.0032
-5.199999999999998e-06,0.0012000000000000001
-5.159999999999998e-06,0.0016
-5.119999999999998e-06,0.002
-5.079999999999999e-06,0.0016
-5.039999999999999e-06,0.0036000000000000003
-4.9999999999999996e-06,0.0024000000000000002
-4.96e-06,0.0032
-4.92e-06,0.0004
-4.879999999999994e-06,0.0008
-4.839999999999994e-06,0.0024000000000000002
-4.799999999999995e-06,0.0012000000000000001
-4.759999999999995e-06,0.002
-4.7199999999999955e-06,0.002
-4.679999999999996e-06,0.0
-4.639999999999996e-06,0.0028
-4.599999999999997e-06,0.0012000000000000001
-4.559999999999997e-06,0.002
-4.519999999999997e-06,0.0024000000000000002
-4.479999999999998e-06,-0.0004
-4.439999999999998e-06,0.0032
-4.3999999999999985e-06,0.0
-4.359999999999999e-06,0.0012000000000000001
-4.319999999999999e-06,0.0024000000000000002
-4.28e-06,0.0028
-4.24e-06,0.0028
-4.199999999999994e-06,0.0028
-4.159999999999994e-06,0.0016
-4.1199999999999944e-06,0.0032
-4.079999999999995e-06,0.0012000000000000001
-4.039999999999995e-06,0.0028
-3.999999999999996e-06,0.002
-3.959999999999996e-06,0.0012000000000000001
-3.919999999999996e-06,0.0012000000000000001
-3.879999999999997e-06,0.002
-3.839999999999997e-06,0.0016
-3.7999999999999975e-06,0.0028
-3.759999999999998e-06,0.002
-3.7199999999999983e-06,0.0016
-3.6799999999999986e-06,0.0008
-3.639999999999999e-06,0.0012000000000000001
-3.5999999999999994e-06,0.0036000000000000003
-3.56e-06,0.0028
-3.52e-06,0.0032
-3.4799999999999938e-06,0.0008
-3.439999999999994e-06,0.0
-3.3999999999999946e-06,0.0024000000000000002
-3.359999999999995e-06,0.0028
-3.3199999999999953e-06,0.0024000000000000002
-3.2799999999999957e-06,0.0016
-3.239999999999996e-06,-0.0004
-3.1999999999999965e-06,0.0032
-3.159999999999997e-06,0.0016
-3.1199999999999972e-06,0.0024000000000000002
-3.0799999999999976e-06,0.0016
-3.039999999999998e-06,0.0012000000000000001
-2.9999999999999984e-06,0.002
-2.9599999999999988e-06,0.0016
-2.919999999999999e-06,0.0008
-2.8799999999999995e-06,0.0036000000000000003
-2.84e-06,0.0004
-2.8000000000000003e-06,0.0032
-2.759999999999994e-06,0.002
-2.7199999999999943e-06,0.0008
-2.6799999999999947e-06,0.002
-2.639999999999995e-06,0.0008
-2.5999999999999954e-06,0.0008
-2.559999999999996e-06,0.0036000000000000003
-2.519999999999996e-06,0.0016
-2.4799999999999966e-06,0.0012000000000000001
-2.439999999999997e-06,-0.0004
-2.3999999999999974e-06,0.0016
-2.3599999999999977e-06,0.0048000000000000004
-2.319999999999998e-06,0.0036000000000000003
-2.2799999999999985e-06,0.0044
-2.239999999999999e-06,0.0004
-2.1999999999999993e-06,0.002
-2.1599999999999996e-06,0.0044
-2.12e-06,0.004
-2.0799999999999936e-06,0.0012000000000000001
-2.039999999999994e-06,0.0004
-1.9999999999999944e-06,0.0
-1.9599999999999948e-06,0.0048000000000000004
-1.919999999999995e-06,0.0024000000000000002
-1.8799999999999956e-06,0.0028
-1.839999999999996e-06,0.0016
-1.7999999999999963e-06,0.002
-1.7599999999999967e-06,0.0036000000000000003
-1.719999999999997e-06,0.004
-1.6799999999999975e-06,0.0008
-1.6399999999999979e-06,0.0028
-1.5999999999999982e-06,0.0012000000000000001
-1.5599999999999986e-06,0.004
-1.519999999999999e-06,0.0024000000000000002
-1.4799999999999994e-06,0.0016
-1.4399999999999998e-06,0.002
-1.4000000000000001e-06,0.0016
-1.3599999999999938e-06,0.0028
-1.3199999999999941e-06,0.004
-1.2799999999999945e-06,0.0008
-1.239999999999995e-06,0.002
-1.1999999999999953e-06,0.0008
-1.1599999999999957e-06,0.0032
-1.119999999999996e-06,0.0048000000000000004
-1.0799999999999964e-06,0.0016
-1.0399999999999968e-06,0.0032
-9.999999999999972e-07,0.0
-9.599999999999976e-07,0.0024000000000000002
-9.19999999999998e-07,0.0036000000000000003
-8.799999999999984e-07,0.0032
-8.399999999999987e-07,0.0024000000000000002
-7.999999999999991e-07,0.0024000000000000002
-7.599999999999995e-07,0.0016
-7.199999999999999e-07,0.0056
-6.799999999999935e-07,0.0016
-6.399999999999939e-07,0.0028
-5.999999999999943e-07,0.0016
-5.599999999999946e-07,0.002
-5.19999999999995e-07,0.0032
-4.799999999999954e-07,0.0032
-4.399999999999958e-07,0.0004
-3.9999999999999617e-07,0.0032
-3.5999999999999655e-07,0.0016
-3.1999999999999694e-07,0.0036000000000000003
-2.799999999999973e-07,0.0016
-2.399999999999977e-07,0.0012000000000000001
-1.9999999999999809e-07,0.0032
-1.5999999999999847e-07,0.0016
-1.1999999999999885e-07,0.0024000000000000002
-7.999999999999923e-08,0.0024000000000000002
-3.999999999999962e-08,0.0004
0.0,0.002
4.000000000000639e-08,0.0016
8.000000000000601e-08,0.0028
1.2000000000000563e-07,0.0032
1.6000000000000524e-07,0.0016
2.0000000000000486e-07,0.0028
2.400000000000045e-07,0.0012000000000000001
2.800000000000041e-07,0.0024000000000000002
3.200000000000037e-07,0.0032
3.6000000000000333e-07,0.0028
4.0000000000000295e-07,0.0004
4.4000000000000256e-07,0.0012000000000000001
4.800000000000022e-07,0.0016
5.200000000000018e-07,0.004
5.600000000000014e-07,0.0028
6.00000000000001e-07,0.0032
6.400000000000006e-07,0.002
6.800000000000003e-07,0.0016
7.199999999999999e-07,0.0024000000000000002
7.600000000000063e-07,0.0028
8.000000000000059e-07,0.0016
8.400000000000055e-07,0.0036000000000000003
8.800000000000051e-07,0.0012000000000000001
9.200000000000047e-07,0.0036000000000000003
9.600000000000044e-07,0.0024000000000000002
1.000000000000004e-06,0.0028
1.0400000000000036e-06,0.0028
1.0800000000000032e-06,0.0024000000000000002
1.1200000000000028e-06,0.0024000000000000002
1.1600000000000024e-06,0.0028
1.200000000000002e-06,0.0024000000000000002
1.2400000000000017e-06,0.002
1.2800000000000013e-06,0.0024000000000000002
1.320000000000001e-06,0.0024000000000000002
1.3600000000000005e-06,0.004
1.4000000000000001e-06,0.0016
1.4400000000000065e-06,0.0028
1.4800000000000062e-06,0.0012000000000000001
1.5200000000000058e-06,0.0032
1.5600000000000054e-06,0.0044
1.600000000000005e-06,0.002
1.6400000000000046e-06,0.0004
1.6800000000000042e-06,0.0008
1.7200000000000039e-06,0.002
1.7600000000000035e-06,0.005200000000000001
1.800000000000003e-06,0.002
1.8400000000000027e-06,0.002
1.8800000000000023e-06,0.0012000000000000001
1.920000000000002e-06,0.002
1.9600000000000016e-06,0.0036000000000000003
2.000000000000001e-06,0.0036000000000000003
2.040000000000001e-06,0.0016
2.0800000000000004e-06,0.0032
2.12e-06,0.0012000000000000001
2.1600000000000064e-06,0.0048000000000000004
2.200000000000006e-06,0.0036000000000000003
2.2400000000000057e-06,0.0032
2.2800000000000053e-06,0.0024000000000000002
2.320000000000005e-06,0.002
2.3600000000000045e-06,0.0036000000000000003
2.400000000000004e-06,0.0044
2.4400000000000037e-06,0.0028
2.4800000000000034e-06,0.0028
2.520000000000003e-06,0.0032
2.5600000000000026e-06,0.0036000000000000003
2.600000000000002e-06,0.005200000000000001
2.640000000000002e-06,0.0016
2.6800000000000014e-06,0.0028
2.720000000000001e-06,0.0016
2.7600000000000007e-06,0.0036000000000000003
2.8000000000000003e-06,0.004
2.84e-06,0.0024000000000000002
2.8800000000000063e-06,0.0004
2.920000000000006e-06,0.0032
2.9600000000000055e-06,0.0036000000000000003
3.000000000000005e-06,0.0056
3.0400000000000048e-06,0.0008
3.0800000000000044e-06,0.0008
3.120000000000004e-06,0.0016
3.1600000000000036e-06,0.0028
3.2000000000000032e-06,0.004
3.240000000000003e-06,0.0036000000000000003
3.2800000000000025e-06,0.0012000000000000001
3.320000000000002e-06,0.0036000000000000003
3.3600000000000017e-06,0.002
3.4000000000000013e-06,0.0044
3.440000000000001e-06,0.0032
3.4800000000000006e-06,0.0028
3.52e-06,0.0028
3.5600000000000066e-06,0.0024000000000000002
3.600000000000006e-06,0.0012000000000000001
3.640000000000006e-06,0.0028
3.6800000000000054e-06,0.0016
3.720000000000005e-06,0.004
3.7600000000000047e-06,0.0028
3.8000000000000043e-06,0.0028
3.840000000000004e-06,0.004
3.8800000000000035e-06,0.0004
3.920000000000003e-06,0.0024000000000000002
3.960000000000003e-06,0.002
4.000000000000002e-06,0.0032
4.040000000000002e-06,0.0024000000000000002
4.080000000000002e-06,0.0008
4.120000000000001e-06,0.0012000000000000001
4.160000000000001e-06,0.0036000000000000003
4.2000000000000004e-06,0.002
4.24e-06,0.0044
4.2800000000000065e-06,0.0012000000000000001
4.320000000000006e-06,0.0024000000000000002
4.360000000000006e-06,0.002
4.400000000000005e-06,0.0024000000000000002
4.440000000000005e-06,0.0036000000000000003
4.4800000000000045e-06,0.0016
4.520000000000004e-06,0.0008
4.560000000000004e-06,0.0032
4.600000000000003e-06,0.0012000000000000001
4.640000000000003e-06,0.0028
4.680000000000003e-06,0.002
4.720000000000002e-06,0.002
4.760000000000002e-06,0.0028
4.8000000000000015e-06,0.0008
4.840000000000001e-06,0.0016
4.880000000000001e-06,0.0028
4.92e-06,0.0016
4.96e-06,0.0032
5.000000000000006e-06,0.0008
5.040000000000006e-06,0.0012000000000000001
5.0800000000000056e-06,0.0024000000000000002
5.120000000000005e-06,0.0008
5.160000000000005e-06,0.0016
5.200000000000004e-06,0.0008
5.240000000000004e-06,0.0024000000000000002
5.280000000000004e-06,0.002
5.320000000000003e-06,0.0012000000000000001
5.360000000000003e-06,0.0016
5.4000000000000025e-06,0.004
5.440000000000002e-06,0.0028
5.480000000000002e-06,0.004
5.520000000000001e-06,0.0008
5.560000000000001e-06,0.002
5.600000000000001e-06,0.002
5.64e-06,0.004
5.680000000000007e-06,0.0028
5.720000000000006e-06,0.0024000000000000002
5.760000000000006e-06,0.0004
5.8000000000000055e-06,0.002
5.840000000000005e-06,0.0004
5.880000000000005e-06,0.004
5.920000000000004e-06,0.0036000000000000003
5.960000000000004e-06,0.0008
6.0000000000000035e-06,0.0016
6.040000000000003e-06,0.0012000000000000001
6.080000000000003e-06,0.0028
6.120000000000002e-06,0.004
6.160000000000002e-06,0.002
6.200000000000002e-06,0.002
6.240000000000001e-06,0.0016
6.280000000000001e-06,0.0016
6.3200000000000005e-06,0.004
6.36e-06,0.0012000000000000001
6.4000000000000065e-06,0.0024000000000000002
6.440000000000006e-06,0.0016
6.480000000000006e-06,0.0024000000000000002
6.520000000000005e-06,0.0024000000000000002
6.560000000000005e-06,0.002
6.6000000000000046e-06,0.0016
6.640000000000004e-06,0.004
6.680000000000004e-06,0.0032
6.720000000000003e-06,0.004
6.760000000000003e-06,0.0016
6.800000000000003e-06,0.0012000000000000001
6.840000000000002e-06,0.0028
6.880000000000002e-06,0.004
6.9200000000000015e-06,0.0028
6.960000000000001e-06,0.002
7.000000000000001e-06,-0.0012000000000000001
7.04e-06,0.0032
7.080000000000007e-06,0.0024000000000000002
7.12e-06,0.004
7.160000000000006e-06,0.0032
7.199999999999999e-06,0.0004
7.240000000000005e-06,0.0008
7.279999999999998e-06,0.002
7.3200000000000045e-06,0.0032
7.359999999999997e-06,0.0036000000000000003
7.400000000000004e-06,0.0
7.44000000000001e-06,0.0016
7.480000000000003e-06,0.002
7.520000000000009e-06,0.0024000000000000002
7.560000000000002e-06,0.0032
7.6000000000000085e-06,0.0004
7.640000000000001e-06,0.0016
7.680000000000008e-06,0.0024000000000000002
7.72e-06,0.0032
7.760000000000007e-06,0.0016
7.8e-06,0.0012000000000000001
7.840000000000006e-06,0.0004
7.879999999999999e-06,0.0044
7.920000000000005e-06,0.002
7.959999999999998e-06,0.0024000000000000002
8.000000000000005e-06,-0.0004
8.039999999999998e-06,0.0008
8.080000000000004e-06,0.0032
8.119999999999997e-06,0.0032
8.160000000000003e-06,0.0008
8.20000000000001e-06,0.0012000000000000001
8.240000000000002e-06,0.0004
8.280000000000009e-06,0.0032
8.320000000000002e-06,0.002
8.360000000000008e-06,0.002
8.400000000000001e-06,0.0016
8.440000000000007e-06,0.0
8.48e-06,0.0016
8.520000000000007e-06,0.0028
8.56e-06,0.0024000000000000002
8.600000000000006e-06,0.0032
8.639999999999999e-06,0.0012000000000000001
8.680000000000005e-06,0.0016
8.719999999999998e-06,0.0028
8.760000000000004e-06,0.0024000000000000002
8.799999999999997e-06,0.0032
8.840000000000003e-06,0.0
8.88000000000001e-06,0.0012000000000000001
8.920000000000003e-06,0.0024000000000000002
8.960000000000009e-06,0.0008
9.000000000000002e-06,0.0016
9.040000000000008e-06,0.0024000000000000002
9.080000000000001e-06,0.0016
9.120000000000008e-06,0.0048000000000000004
9.16e-06,0.0008
9.200000000000007e-06,0.0016
9.24e-06,0.0008
9.280000000000006e-06,0.0012000000000000001
9.319999999999999e-06,0.002
9.360000000000005e-06,0.0024000000000000002
9.399999999999998e-06,0.0008
9.440000000000004e-06,0.0028
9.479999999999997e-06,0.0008
9.520000000000004e-06,0.0032
9.56000000000001e-06,0.002
9.600000000000003e-06,0.004
9.64000000000001e-06,0.0024000000000000002
9.680000000000002e-06,0.0004
9.720000000000009e-06,0.0012000000000000001
9.760000000000001e-06,0.002
9.800000000000008e-06,0.0024000000000000002
9.84e-06,0.0032
9.880000000000007e-06,0.0008
9.92e-06,0.0016
9.960000000000006e-06,0.0032
9.999999999999999e-06,0.0032
1.0040000000000006e-05,0.0036000000000000003
1.0079999999999998e-05,0.0024000000000000002
1.0120000000000005e-05,0.0008
1.0159999999999998e-05,0.002
1.0200000000000004e-05,0.0016
1.0239999999999997e-05,0.002
1.0280000000000003e-05,0.0032
1.032000000000001e-05,0.0008
1.0360000000000002e-05,0.0036000000000000003
1.0400000000000009e-05,0.0012000000000000001
1.0440000000000002e-05,0.0024000000000000002
1.0480000000000008e-05,0.0016
1.0520000000000001e-05,0.0024000000000000002
1.0560000000000007e-05,0.0028
1.06e-05,0.0032
1.0640000000000007e-05,0.0016
1.068e-05,0.0032
1.0720000000000006e-05,0.0004
1.0759999999999999e-05,0.004
1.0800000000000005e-05,0.0036000000000000003
1.0839999999999998e-05,0.0036000000000000003
1.0880000000000004e-05,0.002
1.0919999999999997e-05,0.0004
1.0960000000000003e-05,0.0024000000000000002
1.100000000000001e-05,0.0048000000000000004
1.1040000000000003e-05,0.004
1.1080000000000009e-05,0.0028
1.1120000000000002e-05,0.0008
1.1160000000000008e-05,0.0004
1.1200000000000001e-05,0.0032
1.1240000000000008e-05,0.0032
1.128e-05,0.0028
1.1320000000000007e-05,0.0004
1.136e-05,0.0008
1.1400000000000006e-05,0.0036000000000000003
1.1439999999999999e-05,0.0028
1.1480000000000005e-05,0.0032
1.1519999999999998e-05,0.0028
1.1560000000000005e-05,-0.0004
1.1599999999999997e-05,0.0032
1.1640000000000004e-05,0.0016
1.168000000000001e-05,0.002
1.1720000000000003e-05,0.0008
1.176000000000001e-05,0.0008
1.1800000000000002e-05,0.0012000000000000001
1.1840000000000009e-05,0.0032
1.1880000000000001e-05,0.0012000000000000001
1.1920000000000008e-05,0.0032
1.196e-05,0.0004
1.2000000000000007e-05,0.0032
1.204e-05,0.0028
1.2080000000000006e-05,0.0016
1.212e-05,-0.0008
1.2160000000000006e-05,-0.0004
1.2199999999999998e-05,0.002
1.2240000000000005e-05,0.005200000000000001
1.2279999999999998e-05,0.0008
1.2320000000000004e-05,0.0008
1.2359999999999997e-05,-0.0012000000000000001
1.2400000000000003e-05,0.0016
1.244000000000001e-05,0.004
1.2480000000000002e-05,0.0024000000000000002
1.2520000000000009e-05,0.0016
1.2560000000000002e-05,0.0
1.2600000000000008e-05,0.0
1.2640000000000001e-05,0.002
1.2680000000000007e-05,0.0016
1.272e-05,0.0008
1.2760000000000007e-05,0.0016
1.28e-05,0.0
1.2840000000000006e-05,0.0032
1.2879999999999999e-05,0.002
1.2920000000000005e-05,0.0028
1.2959999999999998e-05,0.002
1.3000000000000004e-05,0.0024000000000000002
1.3039999999999997e-05,0.0032
1.3080000000000004e-05,0.0032
1.312000000000001e-05,0.0008
1.3160000000000003e-05,0.0036000000000000003
1.3200000000000009e-05,0.0012000000000000001
1.3240000000000002e-05,0.0032
1.3280000000000008e-05,0.002
1.3320000000000001e-05,0.0012000000000000001
1.3360000000000008e-05,0.0004
1.34e-05,0.0012000000000000001
1.3440000000000007e-05,0.0028
1.348e-05,0.0044
1.3520000000000006e-05,0.0016
1.3559999999999999e-05,0.0024000000000000002
1.3600000000000005e-05,0.0012000000000000001
1.3639999999999998e-05,0.0028
1.3680000000000005e-05,0.0036000000000000003
1.3719999999999997e-05,0.002
1.3760000000000004e-05,0.0016
1.380000000000001e-05,0.0012000000000000001
1.3840000000000003e-05,0.0024000000000000002
1.388000000000001e-05,0.004
1.3920000000000002e-05,0.0028
1.3960000000000009e-05,0.0032
1.4000000000000001e-05,0.0036000000000000003
1.4040000000000008e-05,0.002
1.408e-05,0.0036000000000000003
1.4120000000000007e-05,0.0028
1.416e-05,0.0036000000000000003
1.4200000000000006e-05,0.0036000000000000003
1.424e-05,0.0028
1.4280000000000006e-05,0.002
1.4319999999999998e-05,0.0044
1.4360000000000005e-05,0.0016
1.4399999999999998e-05,0.004
1.4440000000000004e-05,0.0012000000000000001
1.4479999999999997e-05,0.0024000000000000002
1.4520000000000003e-05,0.0028
1.456000000000001e-05,0.0012000000000000001
1.4600000000000003e-05,0.0016
1.4640000000000009e-05,0.0016
1.4680000000000002e-05,0.002
1.4720000000000008e-05,0.004
1.4760000000000001e-05,0.002
1.4800000000000007e-05,0.0024000000000000002
1.484e-05,0.0016
1.4880000000000007e-05,0.0032
1.492e-05,0.0044
1.4960000000000006e-05,0.0032
1.4999999999999999e-05,0.0016
1.5040000000000005e-05,0.0016
1.5079999999999998e-05,0.002
1.5120000000000004e-05,0.004
1.5159999999999997e-05,0.0032
1.5200000000000004e-05,0.0028
1.524000000000001e-05,0.0028
1.5280000000000003e-05,0.0012000000000000001
1.532000000000001e-05,0.0036000000000000003
1.5360000000000002e-05,0.0048000000000000004
1.540000000000001e-05,0.0036000000000000003
1.544e-05,0.0032
1.5480000000000008e-05,0.002
1.552e-05,0.0028
1.5560000000000007e-05,0.0048000000000000004
1.56e-05,0.002
1.5640000000000006e-05,0.0036000000000000003
1.568e-05,0.0008
1.5720000000000005e-05,0.0024000000000000002
1.5759999999999998e-05,0.002
1.5800000000000005e-05,0.0012000000000000001
1.5839999999999997e-05,0.0012000000000000001
1.5880000000000004e-05,0.0008
1.592000000000001e-05,0.0016
1.5960000000000003e-05,0.0028
1.600000000000001e-05,0.0008
1.6040000000000002e-05,0.0016
1.608000000000001e-05,0.002
1.612e-05,0.0032
1.6160000000000008e-05,0.005200000000000001
1.62e-05,0.0028
1.6240000000000007e-05,0.0012000000000000001
1.628e-05,0.0008
1.6320000000000006e-05,0.002
1.636e-05,0.0044
1.6400000000000006e-05,0.0032
1.644e-05,0.0012000000000000001
1.6480000000000005e-05,0.0024000000000000002
1.6519999999999998e-05,0.0016
1.6560000000000004e-05,0.0044
1.6599999999999997e-05,0.0036000000000000003
1.6640000000000003e-05,0.0024000000000000002
1.668000000000001e-05,0.0012000000000000001
1.6720000000000003e-05,0.0016
1.676000000000001e-05,0.0036000000000000003
1.6800000000000002e-05,0.004
1.6840000000000008e-05,0.0004
1.688e-05,0.0024000000000000002
1.6920000000000007e-05,0.0016
1.696e-05,0.0044
1.7000000000000007e-05,0.0024000000000000002
1.704e-05,0.002
1.7080000000000006e-05,0.0016
1.712e-05,0.004
1.7160000000000005e-05,0.0024000000000000002
1.7199999999999998e-05,0.004
1.7240000000000004e-05,-0.0008
1.7279999999999997e-05,0.002
1.7320000000000004e-05,0.002
1.736000000000001e-05,0.0024000000000000002
1.7400000000000003e-05,0.0028
1.744000000000001e-05,0.0016
1.7480000000000002e-05,0.002
1.752000000000001e-05,0.004
1.756e-05,0.0032
1.7600000000000008e-05,0.0056
1.764e-05,0.004
1.7680000000000007e-05,0.002
1.772e-05,0.0032
1.7760000000000006e-05,0.0016
1.78e-05,0.0044
1.7840000000000005e-05,0.0032
1.7879999999999998e-05,0.0016
1.7920000000000005e-05,0.0016
1.7959999999999997e-05,0.0024000000000000002
1.8000000000000004e-05,0.005200000000000001
1.804000000000001e-05,0.0032
1.8080000000000003e-05,0.0028
1.812000000000001e-05,0.0036000000000000003
1.8160000000000002e-05,0.0016
1.820000000000001e-05,0.0032
1.824e-05,0.0024000000000000002
1.8280000000000008e-05,0.0024000000000000002
1.832e-05,0.002
1.8360000000000007e-05,0.0044
1.84e-05,0.0028
1.8440000000000006e-05,0.004
1.848e-05,0.0012000000000000001
1.8520000000000006e-05,0.004
1.856e-05,0.0036000000000000003
1.8600000000000005e-05,0.0028
1.8639999999999998e-05,0.0028
1.8680000000000004e-05,0.0016
1.8719999999999997e-05,0.0012000000000000001
1.8760000000000003e-05,0.004
1.880000000000001e-05,0.0024000000000000002
1.8840000000000003e-05,0.004
1.888000000000001e-05,0.0016
1.8920000000000002e-05,0.0012000000000000001
1.8960000000000008e-05,0.002
1.9e-05,0.0008
1.9040000000000007e-05,0.0036000000000000003
1.908e-05,0.0028
1.9120000000000007e-05,0.0024000000000000002
1.916e-05,0.0016
1.9200000000000006e-05,0.002
1.924e-05,0.0036000000000000003
1.9280000000000005e-05,0.005200000000000001
1.9319999999999998e-05,0.0028
1.9360000000000004e-05,0.0044
1.9399999999999997e-05,0.002
1.9440000000000004e-05,0.0032
1.948000000000001e-05,0.0028
1.9520000000000003e-05,0.0032
1.956000000000001e-05,0.0036000000000000003
1.9600000000000002e-05,0.0036000000000000003
1.964000000000001e-05,0.0008
1.968e-05,0.004
1.9720000000000008e-05,0.0004
1.976e-05,0.0032
1.9800000000000007e-05,0.0016
1.984e-05,0.002
1.9880000000000006e-05,0.002
1.992e-05,0.002
1.9960000000000005e-05,0.002
1.9999999999999998e-05,0.0036000000000000003
2.0040000000000005e-05,0.0028
2.0079999999999997e-05,0.0048000000000000004
2.0120000000000004e-05,0.0008
2.016000000000001e-05,0.0008
2.0200000000000003e-05,0.0008
2.024000000000001e-05,0.0016
2.0280000000000002e-05,0.0036000000000000003
2.032000000000001e-05,0.0016
2.036e-05,0.0
2.0400000000000008e-05,0.0012000000000000001
2.044e-05,0.0032
2.0480000000000007e-05,0.0044
2.052e-05,0.0036000000000000003
2.0560000000000006e-05,0.0008
2.06e-05,0.0024000000000000002
2.0640000000000006e-05,0.0004
2.068e-05,0.0032
2.0720000000000005e-05,0.0032
2.0759999999999998e-05,0.0024000000000000002
2.0800000000000004e-05,0.0024000000000000002
2.0839999999999997e-05,0.0036000000000000003
2.0880000000000003e-05,0.0028
2.092000000000001e-05,0.0056
2.0960000000000003e-05,0.0024000000000000002
2.100000000000001e-05,0.0032
2.1040000000000002e-05,0.0028
2.1080000000000008e-05,0.0024000000000000002
2.112e-05,0.0024000000000000002
2.1160000000000007e-05,0.0
2.12e-05,0.0008
2.1240000000000007e-05,0.0032
2.128e-05,0.0024000000000000002
2.1320000000000006e-05,0.004
2.136e-05,0.0016
2.1400000000000005e-05,0.0008
2.1439999999999998e-05,0.0028
2.1480000000000004e-05,0.004
2.1519999999999997e-05,0.0036000000000000003
2.1560000000000004e-05,0.0024000000000000002
2.160000000000001e-05,0.0
2.1640000000000003e-05,0.0024000000000000002
2.168000000000001e-05,0.0036000000000000003
2.1720000000000002e-05,0.004
2.176000000000001e-05,0.0016
2.18e-05,0.0
2.1840000000000008e-05,0.0036000000000000003
2.188e-05,0.0032
2.1920000000000007e-05,0.0032
2.196e-05,0.0028
2.2000000000000006e-05,0.0024000000000000002
2.204e-05,0.0028
2.2080000000000005e-05,0.0032
2.2119999999999998e-05,0.0012000000000000001
2.2160000000000005e-05,0.0028
2.2199999999999998e-05,0.0
2.2240000000000004e-05,0.004
2.228000000000001e-05,0.0016
2.2320000000000003e-05,0.0032
2.236000000000001e-05,0.002
2.2400000000000002e-05,0.0016
2.244000000000001e-05,0.0032
2.248e-05,0.0044
2.2520000000000008e-05,0.0024000000000000002
2.256e-05,0.0036000000000000003
2.2600000000000007e-05,0.002
2.264e-05,0.0016
2.2680000000000006e-05,0.0044
2.272e-05,0.0036000000000000003
2.2760000000000006e-05,0.0028
2.28e-05,0.0016
2.2840000000000005e-05,0.0004
2.2879999999999998e-05,0.0028
2.2920000000000004e-05,0.0032
2.2959999999999997e-05,0.0024000000000000002
2.3000000000000003e-05,0.0016
2.304000000000001e-05,0.0
2.3080000000000003e-05,0.002
2.312000000000001e-05,0.002
2.3160000000000002e-05,0.0016
2.3200000000000008e-05,0.002
2.324e-05,0.0004
2.3280000000000008e-05,0.0028
2.332e-05,0.0024000000000000002
2.3360000000000007e-05,0.0004
2.34e-05,0.002
2.3440000000000006e-05,0.0004
2.348e-05,0.0028
2.3520000000000005e-05,0.0016
2.3559999999999998e-05,0.0008
2.3600000000000004e-05,0.002
2.3639999999999997e-05,0.0028
2.3680000000000004e-05,0.0008
2.372000000000001e-05,0.004
2.3760000000000003e-05,0.0012000000000000001
2.380000000000001e-05,0.0028
2.3840000000000002e-05,0.0012000000000000001
2.388000000000001e-05,0.0028
2.392e-05,0.004
2.3960000000000008e-05,0.0024000000000000002
2.4e-05,0.0024000000000000002
2.4040000000000007e-05,0.0012000000000000001
2.408e-05,0.0008
2.4120000000000006e-05,0.0036000000000000003
2.416e-05,0.0028
2.4200000000000005e-05,0.0028
2.424e-05,0.0012000000000000001
2.4280000000000005e-05,0.0
2.4319999999999998e-05,0.002
2.4360000000000004e-05,0.0016
2.440000000000001e-05,0.0032
2.4440000000000003e-05,0.002
2.448000000000001e-05,0.0016
2.4520000000000002e-05,0.0008
2.456000000000001e-05,0.0028
2.46e-05,0.0016
2.4640000000000008e-05,0.0032
2.468e-05,0.0004
2.4720000000000007e-05,0.0028
2.476e-05,0.0008
2.4800000000000007e-05,0.0028
2.484e-05,0.0036000000000000003
2.4880000000000006e-05,0.0024000000000000002
2.492e-05,0.0016
2.4960000000000005e-05,0.004
2.4999999999999998e-05,0.0008
2.5040000000000004e-05,0.0032
2.5079999999999997e-05,0.0008
2.5120000000000003e-05,0.0012000000000000001
2.516000000000001e-05,0.0036000000000000003
2.5200000000000003e-05,0.0028
2.524000000000001e-05,0.0016
2.5280000000000002e-05,0.0012000000000000001
2.5320000000000008e-05,0.0004
2.536e-05,0.004
2.5400000000000008e-05,0.0036000000000000003
2.544e-05,0.0028
2.5480000000000007e-05,0.0016
2.552e-05,0.0004
2.5560000000000006e-05,0.0028
2.56e-05,0.0024000000000000002
2.5640000000000005e-05,0.0032
2.5679999999999998e-05,0.002
2.5720000000000004e-05,0.0
2.5759999999999997e-05,0.002
2.5800000000000004e-05,0.0032
2.584000000000001e-05,0.002
2.5880000000000003e-05,0.004
2.592000000000001e-05,0.0
2.5960000000000002e-05,0.002
2.600000000000001e-05,0.002
2.604e-05,0.0024000000000000002
2.6080000000000008e-05,0.0032
2.612e-05,0.0016
2.6160000000000007e-05,0.0024000000000000002
2.62e-05,0.004
2.6240000000000006e-05,0.0016
2.628e-05,0.0024000000000000002
2.6320000000000006e-05,-0.0004
2.636e-05,0.0016
2.6400000000000005e-05,0.004
2.6439999999999998e-05,0.0024000000000000002
2.6480000000000004e-05,0.0004
2.652000000000001e-05,0.0008
2.6560000000000003e-05,0.0012000000000000001
2.660000000000001e-05,0.0048000000000000004
2.6640000000000002e-05,0.0032
2.668000000000001e-05,0.002
2.672e-05,0.0008
2.6760000000000008e-05,0.0008
2.68e-05,0.0028
2.6840000000000007e-05,0.0024000000000000002
2.688e-05,0.0016
2.6920000000000007e-05,0.0004
2.696e-05,0.0008
2.7000000000000006e-05,0.0012000000000000001
2.704e-05,0.0036000000000000003
2.7080000000000005e-05,0.0012000000000000001
2.7119999999999998e-05,0.0028
2.7160000000000004e-05,-0.0004
2.7199999999999997e-05,0.0032
2.7240000000000003e-05,0.0016
2.728000000000001e-05,0.002
2.7320000000000003e-05,0.0016
2.736000000000001e-05,0.0008
2.7400000000000002e-05,0.0012000000000000001
2.744000000000001e-05,0.0032
2.748e-05,0.0004
2.7520000000000008e-05,0.002
2.756e-05,0.0004
2.7600000000000007e-05,0.0036000000000000003
2.764e-05,0.0032
2.7680000000000006e-05,0.0012000000000000001
2.772e-05,-0.0004
2.7760000000000005e-05,0.0012000000000000001
2.7799999999999998e-05,0.002
2.7840000000000005e-05,0.004
2.7879999999999997e-05,0.0012000000000000001
2.7920000000000004e-05,0.0
2.796000000000001e-05,0.0008
2.8000000000000003e-05,0.0016
2.804000000000001e-05,0.0036000000000000003
2.8080000000000002e-05,0.0036000000000000003
2.812000000000001e-05,0.0012000000000000001
2.816e-05,0.002
2.8200000000000008e-05,0.0012000000000000001
2.824e-05,0.0028
2.8280000000000007e-05,0.004
2.832e-05,0.0012000000000000001
2.8360000000000006e-05,0.0032
2.84e-05,0.0012000000000000001
2.8440000000000006e-05,0.0028
2.848e-05,0.0024000000000000002
2.8520000000000005e-05,0.0028
2.8559999999999998e-05,0.0028
2.8600000000000004e-05,0.0016
2.864000000000001e-05,0.0016
2.8680000000000003e-05,0.0032
2.872000000000001e-05,-0.0012000000000000001
2.8760000000000002e-05,0.002
2.880000000000001e-05,0.0016
2.8840000000000002e-05,0.0028
2.8880000000000008e-05,0.002
2.892e-05,0.0008
2.8960000000000007e-05,0.0012000000000000001
2.9e-05,0.0032
2.9040000000000007e-05,0.002
2.908e-05,0.0032
2.9120000000000006e-05,0.0008
2.916e-05,0.0008
2.9200000000000005e-05,0.0016
2.9239999999999998e-05,0.0012000000000000001
2.9280000000000004e-05,0.0024000000000000002
2.9319999999999997e-05,0.002
2.9360000000000003e-05,0.0016
2.940000000000001e-05,0.002
2.9440000000000003e-05,0.0008
2.948000000000001e-05,0.0028
2.9520000000000002e-05,0.004
2.956000000000001e-05,0.0016
2.96e-05,0.0024000000000000002
2.9640000000000008e-05,0.0004
2.968e-05,0.0028
2.9720000000000007e-05,0.0028
2.976e-05,0.0028
2.9800000000000006e-05,0.0024000000000000002
2.984e-05,0.0012000000000000001
2.9880000000000005e-05,0.0024000000000000002
2.9919999999999998e-05,0.0036000000000000003
2.9960000000000005e-05,0.0008
2.9999999999999997e-05,0.0028
3.0040000000000004e-05,0.0004
3.008000000000001e-05,0.0024000000000000002
3.0120000000000003e-05,0.0028
3.016000000000001e-05,0.0016
3.0200000000000002e-05,0.002
3.024000000000001e-05,0.0032
3.028e-05,0.0008
3.0320000000000008e-05,0.0032
3.036e-05,0.0008
3.0400000000000007e-05,0.0016
3.044e-05,0.002
3.0480000000000006e-05,0.0012000000000000001
3.052e-05,0.0036000000000000003
3.0560000000000006e-05,0.0016
3.06e-05,0.0024000000000000002
3.0640000000000005e-05,0.0024000000000000002
3.068e-05,0.0008
3.0720000000000004e-05,0.0036000000000000003
3.076000000000001e-05,0.0036000000000000003
3.08e-05,0.0004
3.084000000000001e-05,0.0008
3.088e-05,-0.0012000000000000001
3.092000000000001e-05,0.0032
3.096e-05,0.004
3.100000000000001e-05,0.0016
3.104e-05,0.0012000000000000001
3.108000000000001e-05,0.0008
3.112e-05,0.0012000000000000001
3.1160000000000007e-05,0.004
3.12e-05,0.0008
3.1240000000000006e-05,0.002
3.128e-05,0.0008
3.1320000000000005e-05,0.002
3.136e-05,0.0024000000000000002
3.1400000000000004e-05,0.0012000000000000001
3.144e-05,0.0008
3.1480000000000004e-05,0.002
3.152000000000001e-05,0.0016
3.156e-05,0.004
3.160000000000001e-05,0.0004
3.164e-05,0.0012000000000000001
3.168000000000001e-05,0.0012000000000000001
3.172e-05,0.0016
3.176000000000001e-05,0.0032
3.18e-05,0.002
3.184000000000001e-05,0.0012000000000000001
3.188e-05,0.002
3.1920000000000006e-05,0.0016
3.196e-05,0.0036000000000000003
3.2000000000000005e-05,0.004
3.204e-05,0.0004
3.2080000000000005e-05,0.0004
3.212e-05,0.0008
3.2160000000000004e-05,0.0048000000000000004
3.220000000000001e-05,0.0036000000000000003
3.224e-05,0.0024000000000000002
3.228000000000001e-05,0.0004
3.232e-05,0.0024000000000000002
3.236000000000001e-05,0.004
3.24e-05,0.0048000000000000004
3.244000000000001e-05,0.0012000000000000001
3.248e-05,0.0032
3.252000000000001e-05,0.002
3.256e-05,0.0032
3.2600000000000006e-05,0.0028
3.264e-05,0.0008
3.2680000000000006e-05,0.002
3.272e-05,0.004
3.2760000000000005e-05,0.004
3.28e-05,0.0044
3.2840000000000004e-05,0.0004
3.288000000000001e-05,0.0016
3.292e-05,0.0036000000000000003
3.296000000000001e-05,0.0032
3.3e-05,0.0032
3.304000000000001e-05,0.0012000000000000001
3.308e-05,0.0004
3.312000000000001e-05,0.0028
3.316e-05,0.0024000000000000002
3.320000000000001e-05,0.0032
3.324e-05,0.0012000000000000001
3.328000000000001e-05,-0.0012000000000000001
3.332e-05,0.0032
3.3360000000000006e-05,0.0028
3.34e-05,0.0048000000000000004
3.3440000000000005e-05,0.0028
3.348e-05,0.0004
3.3520000000000004e-05,0.0012000000000000001
3.356e-05,0.0016
3.3600000000000004e-05,0.0024000000000000002
3.364000000000001e-05,0.0036000000000000003
3.368e-05,0.0
3.372000000000001e-05,0.004
3.376e-05,0.002
3.380000000000001e-05,0.0032
3.384e-05,0.002
3.388000000000001e-05,0.0032
3.392e-05,0.0036000000000000003
3.396000000000001e-05,0.002
3.4e-05,0.0004
3.4040000000000006e-05,0.0016
3.408e-05,0.0008
3.4120000000000005e-05,0.0024000000000000002
3.416e-05,0.0024000000000000002
3.4200000000000005e-05,0.002
3.424e-05,0.0028
3.4280000000000004e-05,0.0008
3.432000000000001e-05,0.0016
3.436e-05,0.0028
3.440000000000001e-05,0.0028
3.444e-05,0.0024000000000000002
3.448000000000001e-05,0.0016
3.452e-05,0.0004
3.456000000000001e-05,0.0036000000000000003
3.46e-05,0.002
3.464000000000001e-05,0.0048000000000000004
3.468e-05,0.002
3.4720000000000006e-05,0.0008
3.476e-05,0.0024000000000000002
3.4800000000000006e-05,0.0024000000000000002
3.484e-05,0.0016
3.4880000000000005e-05,0.0036000000000000003
3.492e-05,0.0
3.4960000000000004e-05,0.0036000000000000003
3.500000000000001e-05,0.0012000000000000001
3.504e-05,0.002
3.508000000000001e-05,0.0028
3.512e-05,0.0028
3.516000000000001e-05,0.0032
3.52e-05,0.0028
3.524000000000001e-05,0.002
3.528e-05,0.0036000000000000003
3.532000000000001e-05,0.0008
3.536e-05,0.004
3.540000000000001e-05,0.0024000000000000002
3.544e-05,0.0012000000000000001
3.5480000000000006e-05,0.004
3.552e-05,0.0028
3.5560000000000005e-05,0.0024000000000000002
3.56e-05,0.0028
3.5640000000000004e-05,0.0028
3.568e-05,0.0048000000000000004
3.5720000000000004e-05,0.0028
3.576000000000001e-05,0.0004
3.58e-05,0.0048000000000000004
3.584000000000001e-05,0.0032
3.588e-05,0.0048000000000000004
3.592000000000001e-05,0.002
3.596e-05,0.0016
3.600000000000001e-05,0.002
3.604e-05,0.0024000000000000002
3.608000000000001e-05,0.0036000000000000003
3.612e-05,0.0028
3.6160000000000006e-05,0.0012000000000000001
3.62e-05,0.0036000000000000003
3.6240000000000005e-05,0.002
3.628e-05,0.0044
3.6320000000000005e-05,0.0032
3.636e-05,0.0032
3.6400000000000004e-05,0.0024000000000000002
3.644000000000001e-05,0.0012000000000000001
3.648e-05,0.0028
3.652000000000001e-05,0.004
3.656e-05,0.0016
3.660000000000001e-05,0.004
3.664e-05,0.002
3.668000000000001e-05,0.0032
3.672e-05,0.0036000000000000003
3.676000000000001e-05,0.0016
3.68e-05,0.0024000000000000002
3.6840000000000006e-05,0.0036000000000000003
3.688e-05,0.0024000000000000002
3.6920000000000006e-05,0.0028
3.696e-05,0.0012000000000000001
3.7000000000000005e-05,0.0012000000000000001
3.704e-05,0.0036000000000000003
3.7080000000000004e-05,0.0032
3.712000000000001e-05,0.0028
3.716e-05,0.0008
3.720000000000001e-05,0.0004
3.724e-05,0.0016
3.728000000000001e-05,0.0032
3.732e-05,0.0032
3.736000000000001e-05,0.0012000000000000001
3.74e-05,-0.0008
3.744000000000001e-05,0.002
3.748e-05,0.0012000000000000001
3.752000000000001e-05,0.004
3.756e-05,0.002
3.7600000000000006e-05,0.002
3.764e-05,0.002
3.7680000000000005e-05,0.0036000000000000003
3.772e-05,0.0032
3.7760000000000004e-05,0.004
3.78e-05,0.0008
3.7840000000000004e-05,0.0036000000000000003
3.788000000000001e-05,0.0036000000000000003
3.792e-05,0.0028
3.796000000000001e-05,0.0028
3.8e-05,0.0004
3.804000000000001e-05,0.0028
3.808e-05,0.004
3.812000000000001e-05,0.0024000000000000002
3.816e-05,0.0024000000000000002
3.820000000000001e-05,0.0
3.824e-05,0.0032
3.8280000000000006e-05,0.0048000000000000004
3.832e-05,0.0024000000000000002
3.8360000000000005e-05,0.002
3.84e-05,-0.0004
3.8440000000000005e-05,0.0024000000000000002
3.848e-05,0.0028
3.8520000000000004e-05,0.0036000000000000003
3.856000000000001e-05,0.0024000000000000002
3.86e-05,0.0016
3.864000000000001e-05,0.002
3.868e-05,0.0044
3.872000000000001e-05,0.002
3.876e-05,0.0048000000000000004
3.880000000000001e-05,0.002
3.884e-05,0.0016
3.888000000000001e-05,0.0016
3.892e-05,0.0024000000000000002
3.8960000000000006e-05,0.0028
3.9e-05,0.0032
3.9040000000000006e-05,0.0016
3.908e-05,0.005200000000000001
3.9120000000000005e-05,0.0032
3.916e-05,0.0024000000000000002
3.9200000000000004e-05,0.0028
3.924000000000001e-05,0.0024000000000000002
3.9280000000000003e-05,0.0036000000000000003
3.932000000000001e-05,0.0048000000000000004
3.936e-05,0.0024000000000000002
3.940000000000001e-05,0.0024000000000000002
3.944e-05,0.0008
3.948000000000001e-05,0.0044
3.952e-05,0.0048000000000000004
3.956000000000001e-05,0.0024000000000000002
3.96e-05,0.0024000000000000002
3.964000000000001e-05,0.0012000000000000001
3.968e-05,0.0044
3.9720000000000006e-05,0.005200000000000001
3.976e-05,0.0036000000000000003
3.9800000000000005e-05,0.0028
3.984e-05,0.0024000000000000002
3.9880000000000004e-05,0.0024000000000000002
3.992e-05,0.005200000000000001
3.9960000000000004e-05,0.0024000000000000002
4.000000000000001e-05,0.0044
4.004e-05,0.0028
4.008000000000001e-05,0.0032
4.012e-05,0.0028
4.016000000000001e-05,0.0032
4.02e-05,0.0028
4.024000000000001e-05,0.0036000000000000003
4.028e-05,0.0008
4.032000000000001e-05,0.0044
4.036e-05,0.002
4.0400000000000006e-05,0.0028
4.044e-05,0.0024000000000000002
4.0480000000000005e-05,0.0016
4.052e-05,0.0036000000000000003
4.0560000000000005e-05,0.002
4.06e-05,0.0012000000000000001
4.0640000000000004e-05,0.002
4.068000000000001e-05,0.0016
4.072e-05,0.0032
4.076000000000001e-05,0.0028
4.08e-05,0.0
4.084000000000001e-05,0.0024000000000000002
4.088e-05,0.0016
4.092000000000001e-05,0.0036000000000000003
4.096e-05,0.0028
4.100000000000001e-05,0.0028
4.104e-05,0.002
4.1080000000000006e-05,0.0012000000000000001
4.112e-05,0.002
4.1160000000000006e-05,0.0032
4.12e-05,0.0024000000000000002
4.1240000000000005e-05,0.004
4.128e-05,0.0008
4.1320000000000004e-05,0.002
4.136000000000001e-05,0.0012000000000000001
4.1400000000000003e-05,0.0024000000000000002
4.144000000000001e-05,0.002
4.148e-05,0.002
4.152000000000001e-05,0.0008
4.156e-05,0.0036000000000000003
4.160000000000001e-05,0.0008
4.164e-05,0.0028
4.168000000000001e-05,0.0032
4.172e-05,0.002
4.176000000000001e-05,0.0032
4.18e-05,0.0024000000000000002
4.1840000000000006e-05,0.0028
4.188e-05,0.0032
4.1920000000000005e-05,0.002
4.196e-05,0.0036000000000000003
4.2000000000000004e-05,0.0028
4.204e-05,0.0012000000000000001
4.2080000000000004e-05,0.0028
4.212000000000001e-05,0.002
4.216e-05,0.0024000000000000002
4.220000000000001e-05,0.0036000000000000003
4.224e-05,0.0024000000000000002
4.228000000000001e-05,0.002
4.232e-05,0.0024000000000000002
4.236000000000001e-05,0.002
4.24e-05,0.0048000000000000004
4.244000000000001e-05,0.0028
4.248e-05,0.0036000000000000003
4.2520000000000006e-05,-0.0004
4.256e-05,0.0012000000000000001
4.2600000000000005e-05,0.004
4.264e-05,0.0028
4.2680000000000005e-05,0.0024000000000000002
4.272e-05,0.0024000000000000002
4.2760000000000004e-05,0.0012000000000000001
4.280000000000001e-05,0.0056
4.284e-05,0.0024000000000000002
4.288000000000001e-05,0.0032
4.292e-05,0.0024000000000000002
4.296000000000001e-05,0.0016
4.3e-05,0.0044
4.304000000000001e-05,0.0028
4.308e-05,0.0024000000000000002
4.312000000000001e-05,0.0028
4.316e-05,0.0024000000000000002
4.3200000000000007e-05,0.0036000000000000003
4.324e-05,0.0016
4.3280000000000006e-05,0.0008
4.332e-05,0.0032
4.3360000000000005e-05,0.0016
4.34e-05,0.0036000000000000003
4.3440000000000004e-05,0.002
4.348000000000001e-05,0.0012000000000000001
4.3520000000000003e-05,0.0012000000000000001
4.356000000000001e-05,0.002
4.36e-05,0.0024000000000000002
4.364000000000001e-05,0.005200000000000001
4.368e-05,0.0008
4.372000000000001e-05,0.0028
4.376e-05,0.0
4.380000000000001e-05,0.0028
4.384e-05,0.004
4.388000000000001e-05,0.0044
4.392e-05,0.0016
4.3960000000000006e-05,0.0028
4.4e-05,0.0028
4.4040000000000005e-05,0.005200000000000001
4.408e-05,0.002
4.4120000000000004e-05,0.0016
4.416e-05,0.002
4.4200000000000004e-05,0.0024000000000000002
4.424000000000001e-05,0.0036000000000000003
4.428e-05,0.0028
4.432000000000001e-05,0.0012000000000000001
4.436e-05,0.0028
4.440000000000001e-05,0.0024000000000000002
4.444e-05,0.0024000000000000002
4.448000000000001e-05,0.0024000000000000002
4.452e-05,0.0
4.456000000000001e-05,0.0024000000000000002
4.46e-05,0.002
4.4640000000000006e-05,0.0032
4.468e-05,0.0016
4.4720000000000006e-05,-0.0004
4.476e-05,0.0012000000000000001
4.4800000000000005e-05,0.0024000000000000002
4.484e-05,0.0032
4.4880000000000004e-05,0.0048000000000000004
4.492000000000001e-05,-0.0008
4.496e-05,0.0024000000000000002
4.500000000000001e-05,0.0012000000000000001
4.504e-05,0.0044
4.508000000000001e-05,0.0036000000000000003
4.512e-05,0.0016
4.516000000000001e-05,0.0012000000000000001
4.52e-05,0.0028
4.524000000000001e-05,0.002
4.528e-05,0.0044
4.5320000000000007e-05,0.0008
4.536e-05,0.002
4.5400000000000006e-05,0.002
4.544e-05,0.002
4.5480000000000005e-05,0.0032
4.552e-05,0.0012000000000000001
4.5560000000000004e-05,0.002
4.560000000000001e-05,0.0028
4.5640000000000003e-05,0.0016
4.568000000000001e-05,0.0024000000000000002
4.572e-05,0.0024000000000000002
4.576000000000001e-05,0.0024000000000000002
4.58e-05,0.006
4.584000000000001e-05,0.0032
4.588e-05,0.0032
4.592000000000001e-05,0.0008
4.596e-05,0.0008
