t,V1
-9e-06,0.0024000000000000002
-8.996e-06,0.0012000000000000001
-8.992e-06,0.0028
-8.988000000000001e-06,0.0028
-8.984e-06,0.0008
-8.98e-06,0.0016
-8.976e-06,0.0016
-8.972e-06,0.0012000000000000001
-8.968e-06,0.0032
-8.964000000000001e-06,0.0004
-8.96e-06,0.0008
-8.956e-06,0.0028
-8.952e-06,0.0016
-8.948e-06,0.0028
-8.944e-06,0.0024000000000000002
-8.94e-06,0.0016
-8.936e-06,0.0028
-8.932e-06,0.0036000000000000003
-8.928e-06,0.0012000000000000001
-8.924e-06,0.002
-8.920000000000001e-06,0.002
-8.916e-06,0.0012000000000000001
-8.912e-06,0.0024000000000000002
-8.908e-06,0.0016
-8.904e-06,0.0016
-8.9e-06,0.0036000000000000003
-8.896000000000001e-06,0.0004
-8.892e-06,0.0032
-8.888e-06,0.002
-8.884e-06,0.0
-8.88e-06,0.0028
-8.876000000000001e-06,0.0016
-8.872e-06,0.0024000000000000002
-8.868e-06,0.0032
-8.864e-06,0.0008
-8.86e-06,0.0028
-8.856e-06,0.0012000000000000001
-8.852000000000001e-06,0.0024000000000000002
-8.848e-06,0.0016
-8.844e-06,0.0016
-8.84e-06,0.0024000000000000002
-8.836e-06,0.0016
-8.832e-06,0.002
-8.828000000000001e-06,0.002
-8.824e-06,0.0016
-8.82e-06,0.002
-8.816e-06,0.002
-8.812e-06,0.0028
-8.808000000000001e-06,0.002
-8.804e-06,0.0024000000000000002
-8.8e-06,0.0024000000000000002
-8.796e-06,0.0016
-8.792e-06,0.0032
-8.788e-06,0.0012000000000000001
-8.784000000000001e-06,0.0028
-8.78e-06,0.0024000000000000002
-8.776e-06,0.0008
-8.772e-06,0.004
-8.768e-06,0.0016
-8.764e-06,0.0008
-8.76e-06,0.004
-8.756e-06,0.0008
-8.752e-06,0.0032
-8.748e-06,0.0036000000000000003
-8.744e-06,0.0
-8.740000000000001e-06,0.0044
-8.736e-06,0.0008
-8.732e-06,0.002
-8.728e-06,0.004
-8.724e-06,0.0004
-8.72e-06,0.0036000000000000003
-8.716000000000001e-06,0.002
-8.712e-06,0.0016
-8.708e-06,0.0032
-8.704e-06,0.0016
-8.7e-06,0.0028
-8.696e-06,0.002
-8.692e-06,0.0032
-8.688e-06,0.0032
-8.684e-06,0.0
-8.68e-06,0.0036000000000000003
-8.676e-06,0.0016
-8.672000000000001e-06,0.0016
-8.668e-06,0.0028
-8.664e-06,-0.0004
-8.66e-06,0.0028
-8.656e-06,0.0024000000000000002
-8.652e-06,0.0004
-8.648000000000001e-06,0.0044
-8.644e-06,0.0008
-8.64e-06,0.0012000000000000001
-8.636e-06,0.005200000000000001
-8.632e-06,-0.0004
-8.628e-06,0.004
-8.624e-06,0.0028
-8.62e-06,-0.0004
-8.616e-06,0.0044
-8.612e-06,0.0012000000000000001
-8.608e-06,0.0008
-8.604000000000001e-06,0.0036000000000000003
-8.6e-06,0.0008
-8.596e-06,0.0024000000000000002
-8.592e-06,0.0036000000000000003
-8.588e-06,0.0008
-8.584e-06,0.0028
-8.580000000000001e-06,0.0012000000000000001
-8.576e-06,0.0004
-8.572e-06,0.0036000000000000003
-8.568e-06,0.002
-8.564e-06,0.0008
-8.56e-06,0.0024000000000000002
-8.556e-06,0.0012000000000000001
-8.552e-06,0.0024000000000000002
-8.548e-06,0.0024000000000000002
-8.544e-06,0.0012000000000000001
-8.54e-06,0.0036000000000000003
-8.536000000000001e-06,0.0012000000000000001
-8.532e-06,0.0024000000000000002
-8.528e-06,0.002
-8.524e-06,0.0016
-8.52e-06,0.0036000000000000003
-8.516e-06,0.0
-8.512e-06,0.0016
-8.508e-06,0.0044
-8.504e-06,0.0008
-8.5e-06,0.0032
-8.496e-06,0.0012000000000000001
-8.492e-06,0.0004
-8.488e-06,0.0048000000000000004
-8.484e-06,0.0004
-8.48e-06,0.0028
-8.476e-06,0.0028
-8.472e-06,0.0004
-8.468000000000001e-06,0.0048000000000000004
-8.464e-06,0.0004
-8.46e-06,0.002
-8.456e-06,0.0036000000000000003
-8.452e-06,-0.0012000000000000001
-8.448e-06,0.0044
-8.444e-06,0.0024000000000000002
-8.44e-06,0.0008
-8.436e-06,0.0048000000000000004
-8.432e-06,0.0004
-8.428e-06,0.0028
-8.424e-06,0.0032
-8.42e-06,0.0
-8.416e-06,0.0044
-8.412e-06,0.0012000000000000001
-8.408e-06,0.002
-8.404e-06,0.0044
-8.400000000000001e-06,-0.0004
-8.396e-06,0.0028
-8.392e-06,0.0036000000000000003
-8.388e-06,0.0008
-8.384e-06,0.0036000000000000003
-8.380000000000001e-06,0.0008
-8.376e-06,0.0012000000000000001
-8.372e-06,0.0036000000000000003
-8.368e-06,-0.0004
-8.364e-06,0.0028
-8.36e-06,0.0032
-8.356000000000001e-06,0.0
-8.352e-06,0.0056
-8.348e-06,0.0016
-8.344e-06,0.0012000000000000001
-8.34e-06,0.0056
-8.336e-06,-0.0008
-8.332000000000001e-06,0.0032
-8.328e-06,0.0024000000000000002
-8.324e-06,-0.0004
-8.32e-06,0.0032
-8.316e-06,0.0012000000000000001
-8.312000000000001e-06,0.0008
-8.308e-06,0.0044
-8.304e-06,0.0008
-8.3e-06,0.0032
-8.296e-06,0.0028
-8.292e-06,0.0008
-8.288000000000001e-06,0.0032
-8.284e-06,0.0012000000000000001
-8.28e-06,0.0028
-8.276e-06,0.002
-8.272e-06,0.0016
-8.268e-06,0.0036000000000000003
-8.264e-06,0.0004
-8.26e-06,0.0032
-8.256e-06,0.0024000000000000002
-8.252e-06,0.0
-8.248e-06,0.004
-8.244000000000001e-06,-0.0004
-8.24e-06,0.002
-8.236e-06,0.004
-8.232e-06,-0.0012000000000000001
-8.228e-06,0.005200000000000001
-8.224e-06,0.0024000000000000002
-8.220000000000001e-06,0.0
-8.216e-06,0.006
-8.212e-06,-0.0008
-8.208e-06,0.0024000000000000002
-8.204e-06,0.0048000000000000004
-8.2e-06,-0.0012000000000000001
-8.196e-06,0.0036000000000000003
-8.192e-06,0.0024000000000000002
-8.188e-06,-0.0004
-8.184e-06,0.0036000000000000003
-8.18e-06,0.0
-8.176000000000001e-06,0.002
-8.172e-06,0.0036000000000000003
-8.168e-06,0.0
-8.164e-06,0.002
-8.16e-06,0.0032
-8.156e-06,0.0004
-8.152000000000001e-06,0.002
-8.148e-06,0.002
-8.144e-06,0.0008
-8.14e-06,0.0028
-8.136e-06,0.0012000000000000001
-8.132e-06,0.002
-8.128e-06,0.002
-8.124e-06,0.0008
-8.12e-06,0.002
-8.116e-06,0.0024000000000000002
-8.112e-06,0.002
-8.108000000000001e-06,0.0024000000000000002
-8.104e-06,0.002
-8.1e-06,0.002
-8.096e-06,0.0004
-8.092e-06,0.0016
-8.088e-06,0.0028
-8.084000000000001e-06,0.0012000000000000001
-8.08e-06,0.0024000000000000002
-8.076e-06,0.0016
-8.072e-06,0.0012000000000000001
-8.068e-06,0.0036000000000000003
-8.064e-06,0.0008
-8.06e-06,0.002
-8.056e-06,0.0024000000000000002
-8.052e-06,0.0008
-8.048e-06,0.0044
-8.044e-06,0.002
-8.040000000000001e-06,0.0012000000000000001
-8.036e-06,0.0044
-8.032e-06,0.0004
-8.028e-06,0.0028
-8.024e-06,0.0024000000000000002
-8.02e-06,0.0004
-8.016e-06,0.004
-8.012e-06,0.0008
-8.008e-06,0.0008
-8.004e-06,0.0032
-8e-06,0.0
-7.996e-06,0.0036000000000000003
-7.992e-06,0.0024000000000000002
-7.988e-06,0.0
-7.984e-06,0.0028
-7.98e-06,0.0004
-7.976e-06,0.0024000000000000002
-7.972000000000001e-06,0.0032
-7.968e-06,-0.0008
-7.964e-06,0.0032
-7.96e-06,0.0024000000000000002
-7.956e-06,0.0016
-7.952000000000001e-06,0.0036000000000000003
-7.948e-06,0.0004
-7.944e-06,0.0016
-7.94e-06,0.0028
-7.936e-06,0.0008
-7.932e-06,0.0028
-7.928e-06,0.0028
-7.924e-06,0.0004
-7.92e-06,0.0032
-7.916e-06,0.0024000000000000002
-7.912e-06,0.0016
-7.908e-06,0.0028
-7.904000000000001e-06,0.0012000000000000001
-7.9e-06,0.0012000000000000001
-7.896e-06,0.004
-7.892e-06,0.0016
-7.888e-06,0.0028
-7.884000000000001e-06,0.0024000000000000002
-7.88e-06,0.0008
-7.876e-06,0.0024000000000000002
-7.872e-06,0.0024000000000000002
-7.868e-06,0.0016
-7.864e-06,0.0028
-7.86e-06,0.0024000000000000002
-7.856e-06,0.002
-7.852e-06,0.0036000000000000003
-7.848e-06,0.0024000000000000002
-7.844e-06,0.0016
-7.84e-06,0.0032
-7.836000000000001e-06,0.0016
-7.832e-06,0.0016
-7.828e-06,0.0044
-7.824e-06,0.0004
-7.82e-06,0.0024000000000000002
-7.816000000000001e-06,0.0036000000000000003
-7.812e-06,0.0008
-7.808e-06,0.0036000000000000003
-7.804e-06,0.0028
-7.8e-06,0.0004
-7.796e-06,0.004
-7.792e-06,0.0016
-7.788e-06,0.0012000000000000001
-7.784e-06,0.0036000000000000003
-7.78e-06,0.0012000000000000001
-7.776e-06,0.0032
-7.772e-06,0.0048000000000000004
-7.768e-06,0.0016
-7.764e-06,0.0032
-7.76e-06,0.0028
-7.756e-06,0.0012000000000000001
-7.752e-06,0.0028
-7.748000000000001e-06,0.002
-7.744e-06,0.0008
-7.74e-06,0.0036000000000000003
-7.736e-06,0.0024000000000000002
-7.732e-06,0.0012000000000000001
-7.728e-06,0.0032
-7.724e-06,0.0004
-7.72e-06,0.0024000000000000002
-7.716e-06,0.0036000000000000003
-7.712e-06,0.0008
-7.708e-06,0.0024000000000000002
-7.704e-06,0.002
-7.7e-06,0.0016
-7.696e-06,0.0036000000000000003
-7.692e-06,0.002
-7.688e-06,0.0012000000000000001
-7.684e-06,0.0024000000000000002
-7.680000000000001e-06,0.0032
-7.676e-06,0.0024000000000000002
-7.672e-06,0.0016
-7.668e-06,0.002
-7.664e-06,0.0008
-7.66e-06,0.0036000000000000003
-7.656e-06,0.0028
-7.652e-06,0.0008
-7.648e-06,0.0028
-7.644e-06,0.0012000000000000001
-7.64e-06,0.0032
-7.636e-06,0.004
-7.632e-06,0.002
-7.6280000000000005e-06,0.0024000000000000002
-7.624e-06,0.0012000000000000001
-7.62e-06,0.0012000000000000001
-7.6160000000000004e-06,0.0028
-7.612e-06,0.002
-7.608e-06,0.002
-7.604e-06,0.0012000000000000001
-7.6e-06,0.0024000000000000002
-7.596e-06,0.0012000000000000001
-7.592e-06,0.0016
-7.588e-06,0.0024000000000000002
-7.5840000000000006e-06,0.0016
-7.58e-06,0.0028
-7.576e-06,0.002
-7.572e-06,0.002
-7.568e-06,0.0024000000000000002
-7.564e-06,0.0024000000000000002
-7.5600000000000005e-06,0.0028
-7.556e-06,0.0016
-7.552e-06,0.0028
-7.548e-06,0.0024000000000000002
-7.544e-06,0.0024000000000000002
-7.540000000000001e-06,0.0036000000000000003
-7.536e-06,0.0004
-7.532e-06,0.0032
-7.528e-06,0.0024000000000000002
-7.524e-06,0.0004
-7.52e-06,0.004
-7.5160000000000005e-06,0.0012000000000000001
-7.512e-06,0.0012000000000000001
-7.508e-06,0.0036000000000000003
-7.504e-06,-0.0008
-7.5e-06,0.004
-7.496e-06,0.002
-7.4920000000000004e-06,-0.0004
-7.488e-06,0.0044
-7.484e-06,0.0004
-7.48e-06,0.0024000000000000002
-7.476e-06,0.0036000000000000003
-7.472000000000001e-06,-0.0004
-7.468e-06,0.0024000000000000002
-7.464e-06,0.0024000000000000002
-7.46e-06,0.0008
-7.456e-06,0.0036000000000000003
-7.452e-06,0.0004
-7.4480000000000005e-06,0.0016
-7.444e-06,0.0024000000000000002
-7.44e-06,0.0024000000000000002
-7.436e-06,0.0016
-7.432e-06,0.0016
-7.428e-06,0.0032
-7.424e-06,0.0004
-7.42e-06,0.002
-7.416e-06,0.0032
-7.412e-06,0.0004
-7.408e-06,0.0036000000000000003
-7.404000000000001e-06,0.0016
-7.4e-06,0.0012000000000000001
-7.396e-06,0.004
-7.392e-06,-0.0004
-7.388e-06,0.0024000000000000002
-7.384e-06,0.0032
-7.3800000000000005e-06,-0.0004
-7.376e-06,0.0032
-7.372e-06,0.002
-7.3680000000000004e-06,-0.0004
-7.364e-06,0.0048000000000000004
-7.36e-06,0.002
-7.356e-06,0.0008
-7.352e-06,0.0048000000000000004
-7.348e-06,0.0004
-7.344e-06,0.0028
-7.34e-06,0.0036000000000000003
-7.3360000000000006e-06,-0.0004
-7.332e-06,0.0032
-7.328e-06,0.002
-7.324e-06,0.0
-7.32e-06,0.0036000000000000003
-7.316e-06,0.002
-7.3120000000000005e-06,0.0012000000000000001
-7.308e-06,0.004
-7.304e-06,0.0004
-7.3e-06,0.0032
-7.296e-06,0.0028
-7.292e-06,0.0
-7.288e-06,0.0036000000000000003
-7.284e-06,0.0012000000000000001
-7.28e-06,0.002
-7.276e-06,0.0024000000000000002
-7.272e-06,0.0004
-7.2680000000000005e-06,0.0028
-7.264e-06,0.0004
-7.26e-06,0.0032
-7.256e-06,0.0028
-7.252e-06,0.0004
-7.248e-06,0.0044
-7.2440000000000004e-06,0.0004
-7.24e-06,0.0024000000000000002
-7.236e-06,0.004
-7.232e-06,-0.0008
-7.228e-06,0.0044
-7.224000000000001e-06,0.0016
-7.22e-06,0.0
-7.216e-06,0.0056
-7.212e-06,-0.0008
-7.208e-06,0.002
-7.204e-06,0.0044
-7.2000000000000005e-06,-0.0004
-7.196e-06,0.0048000000000000004
-7.192e-06,0.0016
-7.188e-06,0.0012000000000000001
-7.184e-06,0.004
-7.18e-06,0.0008
-7.176e-06,0.0028
-7.172e-06,0.0028
-7.168e-06,0.0008
-7.164e-06,0.004
-7.16e-06,0.0024000000000000002
-7.156000000000001e-06,0.0028
-7.152e-06,0.004
-7.148e-06,0.0008
-7.144e-06,0.0036000000000000003
-7.14e-06,0.0024000000000000002
-7.136e-06,0.0008
-7.1320000000000005e-06,0.0032
-7.128e-06,0.0016
-7.124e-06,0.0016
-7.12e-06,0.0044
-7.116e-06,0.0
-7.112e-06,0.0028
-7.108e-06,0.0016
-7.104e-06,0.0008
-7.1e-06,0.0048000000000000004
-7.096e-06,0.0008
-7.092e-06,0.0012000000000000001
-7.088000000000001e-06,0.004
-7.084e-06,0.0
-7.08e-06,0.0032
-7.076e-06,0.002
-7.072e-06,0.0
-7.068e-06,0.0048000000000000004
-7.0640000000000005e-06,0.0008
-7.06e-06,0.002
-7.056e-06,0.0032
-7.0519999999999996e-06,-0.0004
-7.048e-06,0.004
-7.044000000000001e-06,0.0032
-7.04e-06,0.0012000000000000001
-7.036e-06,0.0032
-7.032e-06,0.0008
-7.028e-06,0.0032
-7.024e-06,0.0036000000000000003
-7.0200000000000006e-06,0.0012000000000000001
-7.016e-06,0.0028
-7.012e-06,0.0004
-7.008e-06,0.0024000000000000002
-7.004e-06,0.0028
-7e-06,0.0008
-6.9960000000000004e-06,0.0044
-6.992e-06,0.0
-6.988e-06,0.0024000000000000002
-6.9839999999999995e-06,0.0032
-6.98e-06,-0.0012000000000000001
-6.976000000000001e-06,0.005200000000000001
-6.972e-06,0.002
-6.968e-06,0.0012000000000000001
-6.964e-06,0.005200000000000001
-6.96e-06,-0.0004
-6.956e-06,0.0032
-6.9520000000000005e-06,0.0044
-6.948e-06,-0.0008
-6.944e-06,0.0044
-6.94e-06,0.0016
-6.936e-06,0.0004
-6.932000000000001e-06,0.0044
-6.928e-06,0.0012000000000000001
-6.924e-06,0.0016
-6.92e-06,0.0036000000000000003
-6.9159999999999995e-06,0.0008
-6.912e-06,0.0032
-6.908000000000001e-06,0.0028
-6.904e-06,0.0004
-6.9e-06,0.004
-6.896e-06,0.0016
-6.892e-06,0.002
-6.888e-06,0.0036000000000000003
-6.8840000000000005e-06,0.0012000000000000001
-6.88e-06,0.0028
-6.876e-06,0.0028
-6.872e-06,0.0016
-6.868e-06,0.0032
-6.864000000000001e-06,0.0012000000000000001
-6.86e-06,0.0024000000000000002
-6.856e-06,0.0032
-6.852e-06,0.0016
-6.8479999999999995e-06,0.002
-6.844e-06,0.0016
-6.840000000000001e-06,0.0024000000000000002
-6.836e-06,0.0032
-6.832e-06,0.0012000000000000001
-6.828e-06,0.0032
-6.824e-06,0.0016
-6.82e-06,0.0012000000000000001
-6.8160000000000005e-06,0.004
-6.812e-06,0.0008
-6.808e-06,0.0024000000000000002
-6.8039999999999996e-06,0.0024000000000000002
-6.8e-06,0.0008
-6.796000000000001e-06,0.004
-6.792e-06,0.0016
-6.788e-06,0.0016
-6.784e-06,0.0024000000000000002
-6.7799999999999995e-06,0.0008
-6.776e-06,0.0036000000000000003
-6.7720000000000006e-06,0.0024000000000000002
-6.768e-06,0.0012000000000000001
-6.764e-06,0.0032
-6.76e-06,0.0008
-6.756e-06,0.0024000000000000002
-6.752e-06,0.0024000000000000002
-6.7480000000000004e-06,0.0012000000000000001
-6.744e-06,0.002
-6.74e-06,0.0008
-6.7359999999999995e-06,0.0008
-6.732e-06,0.0028
-6.728000000000001e-06,0.0012000000000000001
-6.724e-06,0.0024000000000000002
-6.72e-06,0.0016
-6.716e-06,0.0012000000000000001
-6.712e-06,0.002
-6.708e-06,0.0024000000000000002
-6.7040000000000005e-06,0.0008
-6.7e-06,0.0032
-6.696e-06,0.0012000000000000001
-6.692e-06,0.0016
-6.688e-06,0.0032
-6.684000000000001e-06,0.0008
-6.68e-06,0.0024000000000000002
-6.676e-06,0.002
-6.672e-06,0.0004
-6.6679999999999995e-06,0.0036000000000000003
-6.664e-06,0.0016
-6.660000000000001e-06,0.0
-6.656e-06,0.0036000000000000003
-6.652e-06,0.0004
-6.648e-06,0.0024000000000000002
-6.644e-06,0.0032
-6.64e-06,-0.0004
-6.6360000000000005e-06,0.0028
-6.632e-06,0.0012000000000000001
-6.628e-06,0.0004
-6.624e-06,0.0036000000000000003
-6.62e-06,0.0
-6.616000000000001e-06,0.0016
-6.612e-06,0.002
-6.608e-06,0.0012000000000000001
-6.604e-06,0.0016
-6.5999999999999995e-06,0.0024000000000000002
-6.596e-06,0.0024000000000000002
-6.592000000000001e-06,0.0028
-6.588e-06,0.0024000000000000002
-6.584e-06,0.0012000000000000001
-6.58e-06,0.0016
-6.576e-06,0.0028
-6.572e-06,0.0008
-6.5680000000000005e-06,0.002
-6.564e-06,0.0028
-6.56e-06,0.0008
-6.5559999999999996e-06,0.0032
-6.552e-06,0.002
-6.548000000000001e-06,0.0004
-6.544e-06,0.0036000000000000003
-6.54e-06,0.0012000000000000001
-6.536e-06,0.0016
-6.5319999999999995e-06,0.0032
-6.528e-06,0.0004
-6.5240000000000006e-06,0.002
-6.52e-06,0.0024000000000000002
-6.516e-06,0.0008
-6.512e-06,0.0024000000000000002
-6.508e-06,0.002
-6.504e-06,0.0008
-6.5000000000000004e-06,0.0036000000000000003
-6.496e-06,0.0028
-6.492e-06,0.0016
-6.4879999999999995e-06,0.0032
-6.484e-06,0.0012000000000000001
-6.480000000000001e-06,0.0008
-6.476e-06,0.0032
-6.472e-06,0.0008
-6.468e-06,0.0024000000000000002
-6.4639999999999994e-06,0.0024000000000000002
-6.46e-06,0.0004
-6.4560000000000005e-06,0.0036000000000000003
-6.452e-06,0.002
-6.448e-06,0.0008
-6.444e-06,0.0032
-6.44e-06,0.0016
-6.436e-06,0.0024000000000000002
-6.432e-06,0.002
-6.428e-06,0.0012000000000000001
-6.424e-06,0.0028
-6.4199999999999995e-06,0.002
-6.416e-06,0.0016
-6.412000000000001e-06,0.0028
-6.408e-06,0.002
-6.404e-06,0.0016
-6.4e-06,0.002
-6.396e-06,0.0016
-6.392e-06,0.0024000000000000002
-6.3880000000000005e-06,0.002
-6.384e-06,0.0012000000000000001
-6.38e-06,0.0028
-6.376e-06,0.0012000000000000001
-6.372e-06,0.002
-6.368000000000001e-06,0.002
-6.364e-06,0.0008
-6.36e-06,0.0024000000000000002
-6.356e-06,0.0008
-6.3519999999999995e-06,0.0016
-6.348e-06,0.002
-6.344000000000001e-06,0.0004
-6.34e-06,0.002
-6.336e-06,0.002
-6.332e-06,0.0012000000000000001
-6.328e-06,0.0028
-6.324e-06,0.0004
-6.3200000000000005e-06,0.0016
-6.316e-06,0.0024000000000000002
-6.312e-06,0.0016
-6.3079999999999996e-06,0.0028
-6.304e-06,0.0012000000000000001
-6.300000000000001e-06,0.0028
-6.296e-06,0.0012000000000000001
-6.292e-06,0.002
-6.288e-06,0.002
-6.2839999999999995e-06,0.0
-6.28e-06,0.0024000000000000002
-6.2760000000000006e-06,0.0028
-6.272e-06,0.0016
-6.268e-06,0.0048000000000000004
-6.264e-06,0.0
-6.26e-06,0.0024000000000000002
-6.256e-06,0.0032
-6.2520000000000004e-06,0.0
-6.248e-06,0.0048000000000000004
-6.244e-06,0.0012000000000000001
-6.2399999999999995e-06,0.0004
-6.236e-06,0.004
-6.232000000000001e-06,-0.0008
-6.228e-06,0.0028
-6.224e-06,0.0024000000000000002
-6.22e-06,0.0
-6.2159999999999994e-06,0.0028
-6.212e-06,0.002
-6.2080000000000005e-06,0.0008
-6.204e-06,0.0028
-6.2e-06,0.002
-6.196e-06,0.0024000000000000002
-6.192e-06,0.0016
-6.188e-06,0.0016
-6.184e-06,0.0012000000000000001
-6.18e-06,0.0028
-6.176e-06,0.0024000000000000002
-6.1719999999999995e-06,0.0012000000000000001
-6.168e-06,0.0028
-6.164000000000001e-06,0.0016
-6.16e-06,0.0016
-6.156e-06,0.0032
-6.152e-06,0.0008
-6.148e-06,0.0016
-6.144e-06,0.0024000000000000002
-6.1400000000000005e-06,0.0008
-6.136e-06,0.0028
-6.132e-06,0.0024000000000000002
-6.128e-06,0.0008
-6.124e-06,0.0036000000000000003
-6.12e-06,0.0016
-6.116e-06,0.0012000000000000001
-6.112e-06,0.0036000000000000003
-6.108e-06,0.0008
-6.1039999999999995e-06,0.0016
-6.1e-06,0.0028
-6.096000000000001e-06,0.0004
-6.092e-06,0.002
-6.088e-06,0.0028
-6.084e-06,0.0008
-6.08e-06,0.0032
-6.076e-06,0.002
-6.0720000000000005e-06,-0.0004
-6.068e-06,0.0036000000000000003
-6.064e-06,0.0012000000000000001
-6.06e-06,0.0016
-6.056e-06,0.0028
-6.052000000000001e-06,-0.0004
-6.048e-06,0.002
-6.044e-06,0.0016
-6.04e-06,0.0004
-6.0359999999999995e-06,0.0032
-6.032e-06,0.0012000000000000001
-6.0280000000000006e-06,0.002
-6.024e-06,0.0024000000000000002
-6.02e-06,0.0004
-6.016e-06,0.0024000000000000002
-6.012e-06,0.0012000000000000001
-6.008e-06,0.0028
-6.0040000000000005e-06,0.0024000000000000002
-6e-06,0.0012000000000000001
-5.996e-06,0.0032
-5.9919999999999996e-06,0.0008
-5.988e-06,0.0028
-5.984000000000001e-06,0.0032
-5.98e-06,-0.0004
-5.976e-06,0.0032
-5.972e-06,0.0016
-5.9679999999999994e-06,0.0028
-5.964e-06,0.004
-5.9600000000000005e-06,0.0004
-5.956e-06,0.0032
-5.952e-06,0.002
-5.948e-06,0.0012000000000000001
-5.944e-06,0.0028
-5.94e-06,0.0008
-5.9360000000000004e-06,0.002
-5.932e-06,0.0036000000000000003
-5.928e-06,0.0016
-5.9239999999999995e-06,0.0036000000000000003
-5.92e-06,0.0008
-5.916000000000001e-06,0.002
-5.912e-06,0.0024000000000000002
-5.908e-06,0.002
-5.904e-06,0.0028
-5.899999999999999e-06,0.002
-5.896e-06,0.0004
-5.8920000000000005e-06,0.0028
-5.888e-06,0.0016
-5.884e-06,0.0012000000000000001
-5.88e-06,0.0036000000000000003
-5.876e-06,0.0004
-5.872e-06,0.0028
-5.868e-06,0.0028
-5.864e-06,0.0004
-5.86e-06,0.0036000000000000003
-5.8559999999999995e-06,0.0012000000000000001
-5.852e-06,0.0016
-5.848000000000001e-06,0.005200000000000001
-5.844e-06,-0.0004
-5.84e-06,0.0028
-5.836e-06,0.0036000000000000003
-5.832e-06,0.0004
-5.828e-06,0.004
-5.8240000000000005e-06,0.0012000000000000001
-5.82e-06,0.0
-5.816e-06,0.004
-5.812e-06,0.0
-5.808e-06,0.002
-5.804e-06,0.0032
-5.8e-06,-0.0004
-5.796e-06,0.0032
-5.792e-06,0.0008
-5.7879999999999995e-06,0.0016
-5.784e-06,0.0036000000000000003
-5.7800000000000006e-06,0.0012000000000000001
-5.776e-06,0.0028
-5.772e-06,0.002
-5.768e-06,0.0024000000000000002
-5.764e-06,0.0024000000000000002
-5.76e-06,0.0004
-5.7560000000000005e-06,0.0036000000000000003
-5.752e-06,0.0008
-5.748e-06,0.0024000000000000002
-5.7439999999999996e-06,0.0024000000000000002
-5.74e-06,-0.0008
-5.736000000000001e-06,0.0048000000000000004
-5.732e-06,0.0016
-5.728e-06,0.0004
-5.724e-06,0.0048000000000000004
-5.7199999999999994e-06,-0.0012000000000000001
-5.716e-06,0.0028
-5.7120000000000005e-06,0.0036000000000000003
-5.708e-06,-0.0012000000000000001
-5.704e-06,0.0036000000000000003
-5.7e-06,0.0016
-5.696e-06,0.0
-5.692e-06,0.004
-5.6880000000000004e-06,0.0004
-5.684e-06,0.0016
-5.68e-06,0.0044
-5.6759999999999995e-06,0.0012000000000000001
-5.672e-06,0.002
-5.668000000000001e-06,0.0024000000000000002
-5.664e-06,-0.0004
-5.66e-06,0.0024000000000000002
-5.656e-06,0.0032
-5.651999999999999e-06,0.0004
-5.648e-06,0.0032
-5.6440000000000005e-06,0.002
-5.64e-06,0.0012000000000000001
-5.636e-06,0.0036000000000000003
-5.632e-06,0.0016
-5.628e-06,0.002
-5.624e-06,0.0028
-5.62e-06,0.0012000000000000001
-5.616e-06,0.0032
-5.612e-06,0.0024000000000000002
-5.6079999999999995e-06,0.0008
-5.604e-06,0.0028
-5.600000000000001e-06,0.002
-5.596e-06,0.0016
-5.592e-06,0.0024000000000000002
-5.588e-06,0.002
-5.583999999999999e-06,0.0016
-5.58e-06,0.0016
-5.5760000000000005e-06,0.0028
-5.572e-06,0.0012000000000000001
-5.568e-06,0.0024000000000000002
-5.564e-06,0.002
-5.56e-06,0.0012000000000000001
-5.556e-06,0.0032
-5.552e-06,0.0012000000000000001
-5.548e-06,0.0012000000000000001
-5.544e-06,0.004
-5.5399999999999995e-06,0.0
-5.536e-06,0.0032
-5.5320000000000006e-06,0.0024000000000000002
-5.528e-06,0.0004
-5.524e-06,0.0036000000000000003
-5.52e-06,0.0012000000000000001
-5.516e-06,0.0012000000000000001
-5.512e-06,0.0028
-5.5080000000000005e-06,0.0004
-5.504e-06,0.0028
-5.5e-06,0.002
-5.4959999999999996e-06,0.0008
-5.492e-06,0.0028
-5.488e-06,0.0012000000000000001
-5.484e-06,0.0016
-5.48e-06,0.002
-5.476e-06,0.0016
-5.4719999999999994e-06,0.002
-5.468e-06,0.002
-5.4640000000000005e-06,0.0016
-5.46e-06,0.0024000000000000002
-5.456e-06,0.0016
-5.452e-06,0.002
-5.448e-06,0.0024000000000000002
-5.444e-06,0.0016
-5.4400000000000004e-06,0.0016
-5.436e-06,0.002
-5.432e-06,0.0016
-5.4279999999999995e-06,0.0024000000000000002
-5.424e-06,0.0016
-5.420000000000001e-06,0.0012000000000000001
-5.416e-06,0.0028
-5.412e-06,0.0012000000000000001
-5.408e-06,0.0004
-5.403999999999999e-06,0.0032
-5.4e-06,0.0004
-5.3960000000000005e-06,0.0016
-5.392e-06,0.002
-5.388e-06,-0.0004
-5.384e-06,0.0028
-5.38e-06,0.002
-5.376e-06,0.0012000000000000001
-5.372e-06,0.004
-5.368e-06,0.0004
-5.364e-06,0.0016
-5.3599999999999995e-06,0.0032
-5.356e-06,0.0012000000000000001
-5.352000000000001e-06,0.0024000000000000002
-5.348e-06,0.0032
-5.344e-06,-0.0004
-5.34e-06,0.002
-5.335999999999999e-06,0.0036000000000000003
-5.332e-06,0.0004
-5.3280000000000005e-06,0.0028
-5.324e-06,0.0016
-5.32e-06,0.0004
-5.316e-06,0.004
-5.312e-06,0.0008
-5.308e-06,0.0012000000000000001
-5.304e-06,0.0036000000000000003
-5.3e-06,0.0
-5.296e-06,0.0028
-5.2919999999999995e-06,0.0032
-5.288e-06,0.0004
-5.2840000000000006e-06,0.0028
-5.28e-06,0.002
-5.276e-06,0.0008
-5.272e-06,0.0036000000000000003
-5.267999999999999e-06,0.0012000000000000001
-5.264e-06,0.0012000000000000001
-5.2600000000000005e-06,0.0032
-5.256e-06,0.0024000000000000002
-5.252e-06,0.0012000000000000001
-5.2479999999999996e-06,0.002
-5.244e-06,0.0012000000000000001
-5.24e-06,0.0012000000000000001
-5.236e-06,0.0032
-5.232e-06,0.0012000000000000001
-5.228e-06,0.002
-5.2239999999999995e-06,0.0032
-5.22e-06,0.0008
-5.2160000000000005e-06,0.0036000000000000003
-5.212e-06,0.0024000000000000002
-5.208e-06,0.0008
-5.204e-06,0.0036000000000000003
-5.2e-06,0.0008
-5.196e-06,0.0008
-5.1920000000000004e-06,0.0028
-5.188e-06,0.0004
-5.184e-06,0.0024000000000000002
-5.18e-06,0.0028
-5.176e-06,0.0012000000000000001
-5.172e-06,0.0024000000000000002
-5.168e-06,0.0024000000000000002
-5.164e-06,0.0012000000000000001
-5.16e-06,0.0024000000000000002
-5.156e-06,0.0024000000000000002
-5.152e-06,0.0012000000000000001
-5.148e-06,0.0032
-5.144e-06,0.0016
-5.14e-06,0.0024000000000000002
-5.136e-06,0.002
-5.132e-06,0.0012000000000000001
-5.128e-06,0.002
-5.124e-06,0.0016
-5.12e-06,0.0012000000000000001
-5.116e-06,0.0028
-5.112e-06,0.0012000000000000001
-5.108e-06,0.0024000000000000002
-5.104e-06,0.0016
-5.1e-06,0.002
-5.096e-06,0.0012000000000000001
-5.092e-06,0.0
-5.088e-06,0.0032
-5.084e-06,0.0016
-5.08e-06,0.002
-5.076e-06,0.0028
-5.072e-06,0.0016
-5.068e-06,0.0028
-5.064e-06,0.0024000000000000002
-5.06e-06,0.0016
-5.056e-06,0.0028
-5.052e-06,0.0012000000000000001
-5.048e-06,0.0024000000000000002
-5.044e-06,0.0024000000000000002
-5.04e-06,0.0024000000000000002
-5.036e-06,0.0028
-5.032e-06,0.0016
-5.028e-06,0.0024000000000000002
-5.024e-06,0.002
-5.02e-06,0.0008
-5.016e-06,0.0028
-5.012e-06,0.0008
-5.008e-06,0.0032
-5.004e-06,0.0028
-4.9999999999999996e-06,0.0008
-4.996e-06,0.0032
-4.992e-06,0.0012000000000000001
-4.988e-06,0.002
-4.984e-06,0.0036000000000000003
-4.98e-06,0.0008
-4.976e-06,0.0036000000000000003
-4.972e-06,0.0036000000000000003
-4.968e-06,0.0008
-4.964e-06,0.0024000000000000002
-4.96e-06,0.002
-4.956e-06,0.0012000000000000001
-4.952e-06,0.0028
-4.948e-06,0.0024000000000000002
-4.944e-06,0.0016
-4.94e-06,0.0036000000000000003
-4.936e-06,0.0016
-4.932e-06,0.0016
-4.928e-06,0.004
-4.924e-06,0.0012000000000000001
-4.92e-06,0.0012000000000000001
-4.916e-06,0.0032
-4.912e-06,0.0008
-4.908e-06,0.0032
-4.904e-06,0.0024000000000000002
-4.9e-06,0.0008
-4.896e-06,0.0036000000000000003
-4.892e-06,0.0032
-4.888e-06,0.0012000000000000001
-4.884e-06,0.0032
-4.88e-06,0.0012000000000000001
-4.8759999999999996e-06,0.0016
-4.872e-06,0.004
-4.868e-06,0.0016
-4.864e-06,0.0024000000000000002
-4.86e-06,0.0032
-4.856e-06,0.0008
-4.852e-06,0.0036000000000000003
-4.848e-06,0.0028
-4.844e-06,0.0012000000000000001
-4.84e-06,0.0036000000000000003
-4.836e-06,0.0024000000000000002
-4.832e-06,0.0016
-4.828e-06,0.0036000000000000003
-4.824e-06,0.0008
-4.82e-06,0.0012000000000000001
-4.816e-06,0.0036000000000000003
-4.812e-06,0.0012000000000000001
-4.808e-06,0.0028
-4.804e-06,0.0024000000000000002
-4.8e-06,0.0016
-4.796e-06,0.0036000000000000003
-4.792e-06,0.0024000000000000002
-4.788e-06,0.002
-4.784e-06,0.002
-4.78e-06,0.0012000000000000001
-4.776e-06,0.0032
-4.772e-06,0.0016
-4.768e-06,0.0016
-4.764e-06,0.0008
-4.76e-06,0.002
-4.756e-06,0.004
-4.7519999999999996e-06,0.0016
-4.748e-06,0.0028
-4.744e-06,0.0028
-4.74e-06,0.0008
-4.736e-06,0.004
-4.732e-06,0.0012000000000000001
-4.728e-06,0.0012000000000000001
-4.724e-06,0.0028
-4.72e-06,0.0008
-4.716e-06,0.0036000000000000003
-4.712e-06,0.002
-4.708e-06,0.0004
-4.704e-06,0.0032
-4.7e-06,0.0012000000000000001
-4.696e-06,0.002
-4.692e-06,0.0036000000000000003
-4.688e-06,0.0
-4.6839999999999995e-06,0.0028
-4.68e-06,0.0016
-4.676e-06,0.002
-4.672e-06,0.0032
-4.668e-06,0.0016
-4.664e-06,0.0024000000000000002
-4.66e-06,0.002
-4.656e-06,0.0016
-4.652e-06,0.0036000000000000003
-4.648e-06,0.002
-4.644e-06,0.0028
-4.64e-06,0.0028
-4.636e-06,0.0008
-4.632e-06,0.0024000000000000002
-4.6279999999999996e-06,0.0028
-4.624e-06,0.0012000000000000001
-4.62e-06,0.0024000000000000002
-4.616e-06,0.002
-4.612e-06,0.0028
-4.608e-06,0.004
-4.604e-06,0.0012000000000000001
-4.6e-06,0.0016
-4.596e-06,0.0032
-4.592e-06,0.0004
-4.588e-06,0.0036000000000000003
-4.584e-06,0.0028
-4.58e-06,0.0008
-4.576e-06,0.0044
-4.572e-06,0.0008
-4.568e-06,0.0032
-4.564e-06,0.0032
-4.5599999999999995e-06,0.0008
-4.556e-06,0.0028
-4.552e-06,0.002
-4.548e-06,0.0024000000000000002
-4.544e-06,0.0024000000000000002
-4.54e-06,0.0012000000000000001
-4.536e-06,0.0028
-4.532e-06,0.0024000000000000002
-4.528e-06,0.0032
-4.524e-06,0.0024000000000000002
-4.52e-06,0.0
-4.516e-06,0.0032
-4.512e-06,0.0016
-4.508e-06,0.002
-4.5039999999999996e-06,0.0032
-4.5e-06,-0.0004
-4.496e-06,0.0044
-4.492e-06,0.0028
-4.488e-06,0.0
-4.484e-06,0.005200000000000001
-4.48e-06,-0.0004
-4.476e-06,0.0028
-4.472e-06,0.0056
-4.468e-06,-0.0012000000000000001
-4.464e-06,0.0048000000000000004
-4.46e-06,0.0028
-4.456e-06,0.0
-4.452e-06,0.006
-4.448e-06,0.0008
-4.444e-06,0.0016
-4.44e-06,0.0044
-4.4359999999999995e-06,0.0
-4.432e-06,0.0032
-4.428e-06,0.0024000000000000002
-4.424e-06,-0.0008
-4.42e-06,0.0032
-4.416e-06,0.002
-4.412e-06,0.0016
-4.408e-06,0.0028
-4.404e-06,0.0012000000000000001
-4.4e-06,0.0012000000000000001
-4.396e-06,0.004
-4.392e-06,0.0016
-4.388e-06,0.0032
-4.384e-06,0.0032
-4.3799999999999996e-06,0.002
-4.376e-06,0.0028
-4.372e-06,0.002
-4.368e-06,0.0016
-4.364e-06,0.002
-4.36e-06,0.0024000000000000002
-4.356e-06,0.0036000000000000003
-4.352e-06,0.0012000000000000001
-4.348e-06,0.0028
-4.344e-06,0.002
-4.34e-06,0.0012000000000000001
-4.336e-06,0.0036000000000000003
-4.332e-06,0.0012000000000000001
-4.328e-06,0.0024000000000000002
-4.324e-06,0.0024000000000000002
-4.32e-06,0.0
-4.316e-06,0.004
-4.3119999999999995e-06,0.002
-4.308e-06,0.0012000000000000001
-4.304e-06,0.0044
-4.3e-06,0.0008
-4.296e-06,0.0032
-4.292e-06,0.0024000000000000002
-4.288e-06,0.0004
-4.284e-06,0.0036000000000000003
-4.28e-06,0.0016
-4.276e-06,0.002
-4.272e-06,0.0032
-4.268e-06,0.0004
-4.264e-06,0.0032
-4.26e-06,0.002
-4.2559999999999996e-06,0.002
-4.252e-06,0.0032
-4.248e-06,0.0012000000000000001
-4.2439999999999995e-06,0.0028
-4.24e-06,0.0024000000000000002
-4.236e-06,0.0016
-4.232e-06,0.0036000000000000003
-4.228e-06,0.0
-4.224e-06,0.0024000000000000002
-4.22e-06,0.002
-4.216e-06,0.0008
-4.212e-06,0.0032
-4.208e-06,0.0024000000000000002
-4.204e-06,0.002
-4.2e-06,0.0028
-4.196e-06,0.0016
-4.192e-06,0.0028
-4.1879999999999995e-06,0.0028
-4.184e-06,0.002
-4.18e-06,0.0028
-4.176e-06,0.0024000000000000002
-4.172e-06,0.002
-4.168e-06,0.0012000000000000001
-4.164e-06,0.002
-4.16e-06,0.0012000000000000001
-4.156e-06,0.0024000000000000002
-4.152e-06,0.0028
-4.148e-06,0.0008
-4.144e-06,0.004
-4.14e-06,0.0028
-4.136e-06,0.0008
-4.1319999999999996e-06,0.0036000000000000003
-4.128e-06,0.0012000000000000001
-4.124e-06,0.0024000000000000002
-4.1199999999999995e-06,0.0036000000000000003
-4.116e-06,0.0016
-4.112e-06,0.0024000000000000002
-4.108e-06,0.0024000000000000002
-4.104e-06,0.0012000000000000001
-4.1e-06,0.0028
-4.096e-06,0.0028
-4.092e-06,0.0004
-4.088e-06,0.002
-4.084e-06,0.0032
-4.08e-06,0.0004
-4.076e-06,0.0036000000000000003
-4.072e-06,0.0016
-4.068e-06,-0.0004
-4.0639999999999995e-06,0.0044
-4.06e-06,0.0
-4.056e-06,0.0004
-4.052e-06,0.004
-4.048e-06,-0.0004
-4.044e-06,0.0032
-4.04e-06,0.0024000000000000002
-4.036e-06,0.0
-4.032e-06,0.0044
-4.028e-06,0.0008
-4.024e-06,0.002
-4.02e-06,0.0032
-4.016e-06,0.0
-4.012e-06,0.0028
-4.0079999999999996e-06,0.002
-4.004e-06,0.002
-4e-06,0.0028
-3.9959999999999995e-06,0.0024000000000000002
-3.992e-06,0.002
-3.988e-06,0.0032
-3.984e-06,0.0024000000000000002
-3.98e-06,0.002
-3.976e-06,0.0016
-3.972e-06,0.0024000000000000002
-3.968e-06,0.0008
-3.964e-06,0.0024000000000000002
-3.96e-06,0.0024000000000000002
-3.956e-06,0.0004
-3.952e-06,0.0036000000000000003
-3.948e-06,0.002
-3.944e-06,0.0008
-3.9399999999999995e-06,0.0032
-3.936e-06,0.0012000000000000001
-3.932e-06,0.0024000000000000002
-3.9279999999999995e-06,0.0032
-3.924e-06,0.0008
-3.92e-06,0.0024000000000000002
-3.916e-06,0.0024000000000000002
-3.912e-06,0.0004
-3.908e-06,0.004
-3.904e-06,0.002
-3.9e-06,0.0016
-3.896e-06,0.0028
-3.892e-06,0.0008
-3.888e-06,0.0024000000000000002
-3.8839999999999996e-06,0.0024000000000000002
-3.88e-06,0.0012000000000000001
-3.876e-06,0.0028
-3.8719999999999995e-06,0.0016
-3.868e-06,0.0024000000000000002
-3.864e-06,0.0028
-3.86e-06,0.0008
-3.856e-06,0.0028
-3.852e-06,0.0012000000000000001
-3.848e-06,0.002
-3.844e-06,0.0024000000000000002
-3.84e-06,0.0012000000000000001
-3.836e-06,0.0028
-3.832e-06,0.0016
-3.828e-06,0.0016
-3.824e-06,0.002
-3.82e-06,0.0012000000000000001
-3.8159999999999995e-06,0.002
-3.812e-06,0.002
-3.808e-06,0.0016
-3.8039999999999995e-06,0.002
-3.8e-06,0.0024000000000000002
-3.7959999999999997e-06,0.002
-3.7920000000000003e-06,0.0028
-3.788e-06,0.0032
-3.7839999999999997e-06,0.0016
-3.7800000000000002e-06,0.0024000000000000002
-3.776e-06,0.0016
-3.7719999999999996e-06,0.0012000000000000001
-3.768e-06,0.0024000000000000002
-3.764e-06,0.0016
-3.7599999999999996e-06,0.0008
-3.756e-06,0.0036000000000000003
-3.752e-06,0.002
-3.7479999999999995e-06,0.0032
-3.744e-06,0.0032
-3.7399999999999998e-06,-0.0004
-3.7360000000000003e-06,0.0032
-3.732e-06,0.0028
-3.7279999999999997e-06,0.0012000000000000001
-3.7240000000000003e-06,0.0024000000000000002
-3.72e-06,0.0008
-3.7159999999999997e-06,0.0012000000000000001
-3.712e-06,0.0028
-3.708e-06,0.002
-3.7039999999999996e-06,0.0024000000000000002
-3.7e-06,0.002
-3.696e-06,0.002
-3.6919999999999995e-06,0.0012000000000000001
-3.688e-06,0.0028
-3.684e-06,0.002
-3.6799999999999995e-06,0.002
-3.676e-06,0.0032
-3.6719999999999997e-06,0.0008
-3.6680000000000003e-06,0.0016
-3.664e-06,0.004
-3.6599999999999997e-06,0.0
-3.6560000000000002e-06,0.0024000000000000002
-3.652e-06,0.0024000000000000002
-3.6479999999999996e-06,0.0
-3.644e-06,0.0036000000000000003
-3.64e-06,0.0012000000000000001
-3.6359999999999996e-06,0.0012000000000000001
-3.632e-06,0.0032
-3.628e-06,-0.0008
-3.6239999999999995e-06,0.0028
-3.62e-06,0.0028
-3.6159999999999998e-06,0.0
-3.6120000000000003e-06,0.0032
-3.608e-06,0.0024000000000000002
-3.6039999999999997e-06,0.0012000000000000001
-3.6000000000000003e-06,0.004
-3.596e-06,0.0012000000000000001
-3.5919999999999997e-06,0.0024000000000000002
-3.588e-06,0.004
-3.584e-06,0.0004
-3.5799999999999996e-06,0.0032
-3.576e-06,0.0024000000000000002
-3.572e-06,0.0008
-3.5679999999999996e-06,0.0032
-3.564e-06,0.0028
-3.56e-06,0.002
-3.5559999999999995e-06,0.004
-3.552e-06,0.0008
-3.5479999999999997e-06,0.0024000000000000002
-3.5440000000000003e-06,0.0028
-3.54e-06,0.002
-3.5359999999999997e-06,0.0024000000000000002
-3.5320000000000002e-06,0.0016
-3.528e-06,0.0016
-3.5239999999999996e-06,0.0016
-3.52e-06,0.0016
-3.516e-06,0.0032
-3.5119999999999996e-06,0.0016
-3.508e-06,0.0024000000000000002
-3.504e-06,0.0028
-3.4999999999999995e-06,0.0016
-3.496e-06,0.004
-3.4919999999999998e-06,0.0012000000000000001
-3.4879999999999995e-06,0.0012000000000000001
-3.484e-06,0.0044
-3.4799999999999997e-06,0.0008
-3.4760000000000003e-06,0.0032
-3.472e-06,0.004
-3.4679999999999997e-06,0.0004
-3.464e-06,0.0032
-3.46e-06,0.0008
-3.4559999999999996e-06,0.0016
-3.452e-06,0.0036000000000000003
-3.448e-06,0.0
-3.4439999999999996e-06,0.0028
-3.44e-06,0.0028
-3.436e-06,0.0012000000000000001
-3.4319999999999995e-06,0.0036000000000000003
-3.428e-06,0.0012000000000000001
-3.4239999999999997e-06,0.0024000000000000002
-3.4200000000000003e-06,0.0028
-3.416e-06,0.0004
-3.4119999999999997e-06,0.0032
-3.4080000000000002e-06,0.0024000000000000002
-3.404e-06,0.0012000000000000001
-3.3999999999999996e-06,0.0032
-3.396e-06,0.0012000000000000001
-3.392e-06,0.0024000000000000002
-3.3879999999999996e-06,0.0032
-3.384e-06,0.0
-3.38e-06,0.0036000000000000003
-3.3759999999999995e-06,0.002
-3.372e-06,0.0012000000000000001
-3.3679999999999998e-06,0.004
-3.3639999999999995e-06,0.0
-3.36e-06,0.0024000000000000002
-3.3559999999999997e-06,0.004
-3.3520000000000003e-06,0.0
-3.348e-06,0.0036000000000000003
-3.3439999999999997e-06,0.002
-3.34e-06,0.0004
-3.336e-06,0.0048000000000000004
-3.3319999999999996e-06,0.0008
-3.328e-06,0.0024000000000000002
-3.324e-06,0.004
-3.3199999999999996e-06,-0.0004
-3.316e-06,0.0036000000000000003
-3.312e-06,0.002
-3.3079999999999995e-06,0.0008
-3.304e-06,0.0044
-3.2999999999999997e-06,0.0
-3.2960000000000003e-06,0.0028
-3.292e-06,0.0024000000000000002
-3.2879999999999997e-06,0.0008
-3.2840000000000002e-06,0.0032
-3.28e-06,0.0008
-3.2759999999999996e-06,0.0024000000000000002
-3.272e-06,0.0028
-3.268e-06,0.0012000000000000001
-3.2639999999999996e-06,0.004
-3.26e-06,0.0004
-3.256e-06,0.0032
-3.2519999999999995e-06,0.004
-3.248e-06,-0.0004
-3.2439999999999998e-06,0.0056
-3.2399999999999995e-06,0.002
-3.236e-06,0.0012000000000000001
-3.2319999999999997e-06,0.0044
-3.2280000000000003e-06,-0.0016
-3.224e-06,0.0044
-3.2199999999999997e-06,0.0032
-3.216e-06,-0.0012000000000000001
-3.212e-06,0.0068000000000000005
-3.2079999999999996e-06,0.0008
-3.204e-06,0.0012000000000000001
-3.2e-06,0.0048000000000000004
-3.1959999999999996e-06,-0.0012000000000000001
-3.192e-06,0.0032
-3.188e-06,0.0024000000000000002
-3.1839999999999995e-06,-0.0012000000000000001
-3.18e-06,0.004
-3.1759999999999997e-06,0.0012000000000000001
-3.1719999999999994e-06,0.0008
-3.168e-06,0.0044
-3.1639999999999997e-06,0.0008
-3.1600000000000002e-06,0.0024000000000000002
-3.156e-06,0.0032
-3.1519999999999996e-06,0.0008
-3.148e-06,0.0028
-3.144e-06,0.0028
-3.1399999999999996e-06,0.0008
-3.136e-06,0.0032
-3.132e-06,0.0012000000000000001
-3.1279999999999995e-06,0.002
-3.124e-06,0.0036000000000000003
-3.1199999999999998e-06,0.0012000000000000001
-3.1159999999999995e-06,0.0024000000000000002
-3.112e-06,0.0012000000000000001
-3.1079999999999997e-06,0.0028
-3.1040000000000003e-06,0.0036000000000000003
-3.1e-06,0.0008
-3.0959999999999997e-06,0.0028
-3.092e-06,0.002
-3.088e-06,0.0016
-3.0839999999999996e-06,0.004
-3.08e-06,0.0004
-3.076e-06,0.0024000000000000002
-3.0719999999999996e-06,0.0024000000000000002
-3.068e-06,0.0008
-3.064e-06,0.0048000000000000004
-3.0599999999999995e-06,0.0008
-3.056e-06,0.0004
-3.0519999999999997e-06,0.0036000000000000003
-3.0479999999999994e-06,-0.0004
-3.044e-06,0.005200000000000001
-3.0399999999999997e-06,0.0016
-3.0360000000000002e-06,-0.0004
-3.032e-06,0.0044
-3.0279999999999996e-06,0.0008
-3.024e-06,0.0032
-3.02e-06,0.004
-3.0159999999999996e-06,0.0
-3.012e-06,0.0044
-3.008e-06,0.0012000000000000001
-3.0039999999999995e-06,0.0016
-3e-06,0.0044
-2.9959999999999998e-06,0.0004
-2.9919999999999995e-06,0.0036000000000000003
-2.988e-06,0.0028
-2.9839999999999997e-06,0.0004
-2.9800000000000003e-06,0.004
-2.976e-06,0.0008
-2.9719999999999997e-06,0.002
-2.9680000000000002e-06,0.004
-2.964e-06,0.0012000000000000001
-2.9599999999999996e-06,0.0032
-2.956e-06,0.0024000000000000002
-2.952e-06,0.0008
-2.9479999999999996e-06,0.0036000000000000003
-2.944e-06,0.002
-2.94e-06,0.0016
-2.9359999999999995e-06,0.0032
-2.932e-06,0.0008
-2.9279999999999997e-06,0.0024000000000000002
-2.9239999999999994e-06,0.0028
-2.92e-06,0.0004
-2.9159999999999997e-06,0.0032
-2.9120000000000002e-06,0.0032
-2.908e-06,0.0012000000000000001
-2.9039999999999996e-06,0.0032
-2.9e-06,0.0024000000000000002
-2.896e-06,0.002
-2.8919999999999996e-06,0.0036000000000000003
-2.888e-06,0.002
-2.884e-06,0.0028
-2.8799999999999995e-06,0.0036000000000000003
-2.876e-06,0.002
-2.8719999999999998e-06,0.0024000000000000002
-2.8679999999999995e-06,0.0024000000000000002
-2.864e-06,0.0024000000000000002
-2.8599999999999997e-06,0.0032
-2.8559999999999994e-06,0.0024000000000000002
-2.852e-06,0.002
-2.8479999999999997e-06,0.002
-2.8440000000000002e-06,0.004
-2.84e-06,0.0008
-2.8359999999999996e-06,0.0028
-2.832e-06,0.0028
-2.828e-06,0.0
-2.8239999999999996e-06,0.0044
-2.82e-06,0.0016
-2.816e-06,0.0012000000000000001
-2.8119999999999995e-06,0.0048000000000000004
-2.808e-06,-0.0004
-2.8039999999999998e-06,0.0028
-2.7999999999999994e-06,0.004
-2.796e-06,-0.0008
-2.7919999999999997e-06,0.0048000000000000004
-2.7880000000000002e-06,0.002
-2.784e-06,0.0012000000000000001
-2.7799999999999996e-06,0.005200000000000001
-2.776e-06,0.0004
-2.772e-06,0.0024000000000000002
-2.7679999999999996e-06,0.0028
-2.764e-06,0.0016
-2.76e-06,0.0028
-2.7559999999999995e-06,0.0016
-2.752e-06,0.0004
-2.7479999999999998e-06,0.0036000000000000003
-2.7439999999999995e-06,0.0028
-2.74e-06,0.002
-2.7359999999999997e-06,0.0024000000000000002
-2.7319999999999994e-06,0.0016
-2.728e-06,0.002
-2.7239999999999997e-06,0.0032
-2.7200000000000002e-06,0.002
-2.716e-06,0.0012000000000000001
-2.7119999999999996e-06,0.0032
-2.708e-06,0.002
-2.704e-06,0.0024000000000000002
-2.6999999999999996e-06,0.0024000000000000002
-2.696e-06,0.002
-2.692e-06,0.002
-2.6879999999999995e-06,0.0016
-2.684e-06,0.002
-2.6799999999999998e-06,0.002
-2.6759999999999995e-06,0.0016
-2.672e-06,0.0008
-2.6679999999999997e-06,0.0028
-2.6640000000000002e-06,0.0024000000000000002
-2.66e-06,0.0016
-2.6559999999999996e-06,0.0036000000000000003
-2.652e-06,0.0012000000000000001
-2.648e-06,0.0016
-2.6439999999999996e-06,0.0032
-2.64e-06,0.0016
-2.636e-06,0.0024000000000000002
-2.6319999999999995e-06,0.0032
-2.628e-06,0.0004
-2.6239999999999998e-06,0.0028
-2.6199999999999995e-06,0.0024000000000000002
-2.616e-06,0.002
-2.6119999999999997e-06,0.002
-2.6079999999999994e-06,0.0024000000000000002
-2.604e-06,0.0032
-2.5999999999999997e-06,0.0032
-2.5960000000000002e-06,0.0028
-2.592e-06,0.0016
-2.5879999999999996e-06,0.0012000000000000001
-2.584e-06,0.0024000000000000002
-2.58e-06,0.0016
-2.5759999999999996e-06,0.0024000000000000002
-2.572e-06,0.0028
-2.568e-06,0.0024000000000000002
-2.5639999999999995e-06,0.0028
-2.56e-06,0.002
-2.5559999999999998e-06,0.0016
-2.5519999999999995e-06,0.002
-2.548e-06,0.0024000000000000002
-2.5439999999999997e-06,0.0016
-2.5400000000000002e-06,0.0024000000000000002
-2.536e-06,0.0024000000000000002
-2.5319999999999996e-06,0.0016
-2.528e-06,0.0024000000000000002
-2.524e-06,0.0024000000000000002
-2.5199999999999996e-06,0.0008
-2.516e-06,0.0036000000000000003
-2.512e-06,0.0024000000000000002
-2.5079999999999995e-06,0.0016
-2.504e-06,0.0036000000000000003
-2.4999999999999998e-06,0.0008
-2.4959999999999995e-06,0.0032
-2.492e-06,0.0024000000000000002
-2.4879999999999997e-06,0.0008
-2.4839999999999994e-06,0.0044
-2.48e-06,0.002
-2.4759999999999997e-06,0.0012000000000000001
-2.4720000000000002e-06,0.0044
-2.468e-06,0.0016
-2.4639999999999996e-06,0.002
-2.46e-06,0.0028
-2.456e-06,0.0016
-2.4519999999999996e-06,0.0024000000000000002
-2.448e-06,0.0032
-2.444e-06,0.0008
-2.4399999999999995e-06,0.002
-2.436e-06,0.0032
-2.4319999999999998e-06,0.0016
-2.4279999999999995e-06,0.002
-2.424e-06,0.0032
-2.4199999999999997e-06,0.0016
-2.4159999999999994e-06,0.0032
-2.412e-06,0.0024000000000000002
-2.4079999999999996e-06,0.0004
-2.404e-06,0.0032
-2.4e-06,0.0024000000000000002
-2.3959999999999996e-06,0.0008
-2.392e-06,0.0044
-2.388e-06,0.0008
-2.3839999999999995e-06,0.0012000000000000001
-2.38e-06,0.0048000000000000004
-2.3759999999999998e-06,0.0016
-2.3719999999999995e-06,0.0028
-2.368e-06,0.0032
-2.3639999999999997e-06,-0.0004
-2.3599999999999994e-06,0.0044
-2.356e-06,0.0016
-2.3519999999999997e-06,0.0004
-2.3480000000000002e-06,0.004
-2.344e-06,0.0004
-2.3399999999999996e-06,0.0024000000000000002
-2.336e-06,0.0044
-2.332e-06,0.0
-2.3279999999999996e-06,0.0024000000000000002
-2.324e-06,0.0028
-2.32e-06,0.0
-2.3159999999999995e-06,0.004
-2.312e-06,0.0024000000000000002
-2.3079999999999998e-06,0.0016
-2.3039999999999995e-06,0.0036000000000000003
-2.3e-06,0.0012000000000000001
-2.2959999999999997e-06,0.0028
-2.2919999999999994e-06,0.0036000000000000003
-2.288e-06,0.0012000000000000001
-2.2839999999999996e-06,0.0024000000000000002
-2.28e-06,0.0016
-2.276e-06,0.002
-2.2719999999999996e-06,0.0024000000000000002
-2.268e-06,0.002
-2.264e-06,0.0024000000000000002
-2.2599999999999995e-06,0.0008
-2.256e-06,0.0024000000000000002
-2.2519999999999998e-06,0.0028
-2.2479999999999995e-06,0.0
-2.244e-06,0.0036000000000000003
-2.2399999999999997e-06,0.0008
-2.2359999999999994e-06,0.0024000000000000002
-2.232e-06,0.0044
-2.2279999999999997e-06,0.0
-2.2240000000000002e-06,0.0036000000000000003
-2.22e-06,0.0024000000000000002
-2.2159999999999996e-06,0.0004
-2.212e-06,0.005200000000000001
-2.208e-06,0.0016
-2.2039999999999996e-06,0.002
-2.2e-06,0.0048000000000000004
-2.196e-06,0.0
-2.1919999999999995e-06,0.004
-2.188e-06,0.0032
-2.1839999999999998e-06,0.0004
-2.1799999999999995e-06,0.0036000000000000003
-2.176e-06,0.0012000000000000001
-2.1719999999999997e-06,0.0024000000000000002
-2.1679999999999994e-06,0.0036000000000000003
-2.164e-06,0.0
-2.1599999999999996e-06,0.0032
-2.156e-06,0.0016
-2.152e-06,0.0012000000000000001
-2.1479999999999996e-06,0.0032
-2.144e-06,0.0004
-2.14e-06,0.0032
-2.1359999999999995e-06,0.0024000000000000002
-2.132e-06,0.0008
-2.1279999999999998e-06,0.0036000000000000003
-2.1239999999999995e-06,0.002
-2.12e-06,0.0024000000000000002
-2.1159999999999997e-06,0.0032
-2.1119999999999994e-06,0.0
-2.108e-06,0.0028
-2.1039999999999997e-06,0.0036000000000000003
-2.0999999999999994e-06,-0.0008
-2.096e-06,0.0036000000000000003
-2.0919999999999996e-06,0.0008
-2.088e-06,0.0016
-2.084e-06,0.0048000000000000004
-2.0799999999999996e-06,-0.0008
-2.076e-06,0.0036000000000000003
-2.072e-06,0.0028
-2.0679999999999995e-06,-0.0004
-2.064e-06,0.0044
-2.0599999999999998e-06,0.0008
-2.0559999999999995e-06,0.0024000000000000002
-2.052e-06,0.0036000000000000003
-2.0479999999999997e-06,0.0
-2.0439999999999994e-06,0.0032
-2.04e-06,0.0016
-2.0359999999999996e-06,0.0012000000000000001
-2.032e-06,0.0036000000000000003
-2.028e-06,0.0004
-2.0239999999999996e-06,0.0036000000000000003
-2.02e-06,0.0028
-2.016e-06,0.0012000000000000001
-2.0119999999999995e-06,0.0032
-2.008e-06,0.0008
-2.0039999999999998e-06,0.0032
-1.9999999999999995e-06,0.0036000000000000003
-1.996e-06,-0.0008
-1.9919999999999997e-06,0.0044
-1.9879999999999994e-06,0.0008
-1.984e-06,0.002
-1.9799999999999997e-06,0.0048000000000000004
-1.9759999999999994e-06,-0.0012000000000000001
-1.972e-06,0.005200000000000001
-1.9679999999999996e-06,0.0028
-1.964e-06,-0.0004
-1.96e-06,0.0056
-1.9559999999999996e-06,-0.0008
-1.952e-06,0.0012000000000000001
-1.948e-06,0.004
-1.9439999999999995e-06,-0.002
-1.94e-06,0.0032
-1.9359999999999998e-06,0.0028
-1.9319999999999995e-06,-0.0008
-1.928e-06,0.0048000000000000004
-1.9239999999999997e-06,0.0012000000000000001
-1.9199999999999994e-06,0.0004
-1.916e-06,0.004
-1.9119999999999997e-06,0.0
-1.908e-06,0.002
-1.904e-06,0.0036000000000000003
-1.8999999999999996e-06,0.0
-1.8960000000000001e-06,0.0032
-1.8919999999999998e-06,0.0012000000000000001
-1.8879999999999995e-06,0.0008
-1.884e-06,0.0036000000000000003
-1.8799999999999998e-06,0.0
-1.8759999999999995e-06,0.002
-1.872e-06,0.0036000000000000003
-1.8679999999999997e-06,0.0008
-1.8639999999999994e-06,0.0028
-1.86e-06,0.0008
-1.8559999999999997e-06,0.0024000000000000002
-1.8519999999999994e-06,0.0024000000000000002
-1.848e-06,0.0012000000000000001
-1.8439999999999996e-06,0.0036000000000000003
-1.8400000000000002e-06,0.0004
-1.8359999999999999e-06,0.002
-1.8319999999999996e-06,0.0036000000000000003
-1.8280000000000001e-06,0.0
-1.8239999999999998e-06,0.0036000000000000003
-1.8199999999999995e-06,0.0008
-1.816e-06,0.0012000000000000001
-1.8119999999999998e-06,0.005200000000000001
-1.8079999999999995e-06,-0.0004
-1.804e-06,0.0036000000000000003
-1.7999999999999997e-06,0.0028
-1.7959999999999994e-06,-0.0004
-1.792e-06,0.0048000000000000004
-1.7879999999999997e-06,0.0004
-1.7840000000000002e-06,0.0016
-1.78e-06,0.0048000000000000004
-1.7759999999999996e-06,-0.0008
-1.7720000000000001e-06,0.0036000000000000003
-1.7679999999999998e-06,0.0016
-1.7639999999999995e-06,0.0
-1.76e-06,0.004
-1.7559999999999998e-06,0.0004
-1.7519999999999995e-06,0.0028
-1.748e-06,0.0028
-1.7439999999999997e-06,0.0004
-1.7399999999999994e-06,0.0032
-1.736e-06,0.002
-1.7319999999999997e-06,0.002
-1.7279999999999994e-06,0.0032
-1.724e-06,0.0012000000000000001
-1.7199999999999996e-06,0.0016
-1.7160000000000002e-06,0.0024000000000000002
-1.7119999999999999e-06,0.0008
-1.7079999999999996e-06,0.0028
-1.7040000000000001e-06,0.0016
-1.6999999999999998e-06,0.0016
-1.6959999999999995e-06,0.0028
-1.692e-06,0.0008
-1.6879999999999998e-06,0.002
-1.6839999999999995e-06,0.0028
-1.68e-06,0.0012000000000000001
-1.6759999999999997e-06,0.0028
-1.6719999999999994e-06,0.0032
-1.668e-06,-0.0004
-1.6639999999999997e-06,0.0024000000000000002
-1.6599999999999994e-06,0.0012000000000000001
-1.656e-06,0.002
-1.6519999999999996e-06,0.0036000000000000003
-1.6480000000000001e-06,0.0004
-1.6439999999999998e-06,0.0028
-1.6399999999999995e-06,0.0032
-1.636e-06,0.0008
-1.6319999999999998e-06,0.0036000000000000003
-1.6279999999999995e-06,0.0024000000000000002
-1.624e-06,0.0016
-1.6199999999999997e-06,0.004
-1.6159999999999994e-06,0.0016
-1.612e-06,0.0028
-1.6079999999999997e-06,0.0028
-1.6039999999999994e-06,0.0
-1.6e-06,0.002
-1.5959999999999996e-06,0.0016
-1.5920000000000002e-06,0.0028
-1.5879999999999999e-06,0.002
-1.5839999999999996e-06,0.0024000000000000002
-1.5800000000000001e-06,0.0024000000000000002
-1.5759999999999998e-06,0.0012000000000000001
-1.5719999999999995e-06,0.0036000000000000003
-1.568e-06,0.002
-1.5639999999999998e-06,0.0016
-1.5599999999999995e-06,0.0044
-1.556e-06,-0.0004
-1.5519999999999997e-06,0.0036000000000000003
-1.5479999999999994e-06,0.0028
-1.544e-06,0.0
-1.5399999999999997e-06,0.0048000000000000004
-1.5359999999999994e-06,0.0008
-1.532e-06,0.002
-1.5279999999999996e-06,0.0044
-1.5240000000000001e-06,0.0008
-1.5199999999999998e-06,0.0032
-1.5159999999999995e-06,0.0028
-1.512e-06,0.0008
-1.5079999999999998e-06,0.0044
-1.5039999999999995e-06,0.002
-1.5e-06,0.0016
-1.4959999999999997e-06,0.0028
-1.4919999999999994e-06,0.0016
-1.488e-06,0.002
-1.4839999999999997e-06,0.0028
-1.4799999999999994e-06,0.0016
-1.476e-06,0.002
-1.4719999999999996e-06,0.0032
-1.4680000000000002e-06,0.0012000000000000001
-1.4639999999999999e-06,0.002
-1.4599999999999996e-06,0.0028
-1.4560000000000001e-06,0.0004
-1.4519999999999998e-06,0.0024000000000000002
-1.4479999999999995e-06,0.0024000000000000002
-1.444e-06,0.0024000000000000002
-1.4399999999999998e-06,0.0024000000000000002
-1.4359999999999995e-06,0.0012000000000000001
-1.432e-06,0.002
-1.4279999999999997e-06,0.0032
-1.4239999999999994e-06,0.002
-1.42e-06,0.002
-1.4159999999999997e-06,0.0036000000000000003
-1.4119999999999994e-06,0.0024000000000000002
-1.408e-06,0.0032
-1.4039999999999996e-06,0.0028
-1.4000000000000001e-06,0.0016
-1.3959999999999998e-06,0.002
-1.3919999999999995e-06,0.0028
-1.388e-06,0.0024000000000000002
-1.3839999999999998e-06,0.0028
-1.3799999999999995e-06,0.0016
-1.376e-06,0.002
-1.3719999999999997e-06,0.0024000000000000002
-1.3679999999999994e-06,0.002
-1.3639999999999991e-06,0.0028
-1.3600000000000005e-06,0.002
-1.3560000000000002e-06,0.0032
-1.352e-06,0.0024000000000000002
-1.3479999999999996e-06,0.0024000000000000002
-1.3439999999999993e-06,0.0024000000000000002
-1.339999999999999e-06,0.0016
-1.3360000000000004e-06,0.0024000000000000002
-1.3320000000000001e-06,0.0032
-1.3279999999999998e-06,0.0016
-1.3239999999999995e-06,0.0028
-1.3199999999999992e-06,0.0012000000000000001
-1.315999999999999e-06,0.002
-1.3120000000000003e-06,0.0028
-1.308e-06,0.0024000000000000002
-1.3039999999999997e-06,0.0024000000000000002
-1.2999999999999994e-06,0.002
-1.2959999999999991e-06,0.0032
-1.2920000000000005e-06,0.002
-1.2880000000000002e-06,0.0024000000000000002
-1.284e-06,0.0024000000000000002
-1.2799999999999996e-06,0.0012000000000000001
-1.2759999999999993e-06,0.0028
-1.271999999999999e-06,0.0028
-1.2680000000000004e-06,0.0008
-1.264e-06,0.0036000000000000003
-1.2599999999999998e-06,0.0008
-1.2559999999999995e-06,0.0016
-1.2519999999999992e-06,0.0036000000000000003
-1.2480000000000006e-06,0.0004
-1.2440000000000003e-06,0.0032
-1.24e-06,0.0032
-1.2359999999999997e-06,0.0004
-1.2319999999999994e-06,0.0044
-1.227999999999999e-06,0.0016
-1.2240000000000005e-06,0.0012000000000000001
-1.2200000000000002e-06,0.004
-1.2159999999999999e-06,0.0008
-1.2119999999999996e-06,0.0028
-1.2079999999999993e-06,0.0028
-1.203999999999999e-06,0.0012000000000000001
-1.2000000000000004e-06,0.0032
-1.196e-06,0.0024000000000000002
-1.1919999999999998e-06,0.0012000000000000001
-1.1879999999999995e-06,0.0032
-1.1839999999999992e-06,0.002
-1.1800000000000006e-06,0.0024000000000000002
-1.1760000000000003e-06,0.0032
-1.172e-06,0.002
-1.1679999999999997e-06,0.002
-1.1639999999999994e-06,0.004
-1.159999999999999e-06,0.0016
-1.1560000000000005e-06,0.0024000000000000002
-1.1520000000000002e-06,0.0032
-1.1479999999999999e-06,0.0012000000000000001
-1.1439999999999996e-06,0.002
-1.1399999999999992e-06,0.0032
-1.135999999999999e-06,0.002
-1.1320000000000003e-06,0.0028
-1.128e-06,0.0028
-1.1239999999999997e-06,0.0016
-1.1199999999999994e-06,0.004
-1.1159999999999991e-06,0.0032
-1.1120000000000005e-06,0.0016
-1.1080000000000002e-06,0.0032
-1.104e-06,0.002
-1.0999999999999996e-06,0.0028
-1.0959999999999993e-06,0.0036000000000000003
-1.091999999999999e-06,0.0004
-1.0880000000000004e-06,0.0028
-1.0840000000000001e-06,0.0032
-1.0799999999999998e-06,0.0016
-1.0759999999999995e-06,0.004
-1.0719999999999992e-06,0.0016
-1.067999999999999e-06,0.0012000000000000001
-1.0640000000000003e-06,0.0044
-1.06e-06,0.0012000000000000001
-1.0559999999999997e-06,0.002
-1.0519999999999994e-06,0.0032
-1.0479999999999991e-06,0.002
-1.0440000000000005e-06,0.0032
-1.0400000000000002e-06,0.0024000000000000002
-1.036e-06,0.0016
-1.0319999999999996e-06,0.004
-1.0279999999999993e-06,0.0016
-1.023999999999999e-06,0.0032
-1.0200000000000004e-06,0.0032
-1.016e-06,0.002
-1.0119999999999998e-06,0.0032
-1.0079999999999995e-06,0.002
-1.0039999999999992e-06,0.0036000000000000003
-9.99999999999999e-07,0.0024000000000000002
-9.960000000000003e-07,0.0016
-9.92e-07,0.0032
-9.879999999999997e-07,0.0016
-9.839999999999994e-07,0.0028
-9.79999999999999e-07,0.0028
-9.760000000000005e-07,0.0008
-9.720000000000002e-07,0.0032
-9.679999999999999e-07,0.002
-9.639999999999996e-07,0.0012000000000000001
-9.599999999999993e-07,0.0028
-9.55999999999999e-07,0.0008
-9.520000000000004e-07,0.002
-9.480000000000001e-07,0.0032
-9.439999999999998e-07,0.0008
-9.399999999999995e-07,0.0032
-9.359999999999992e-07,0.002
-9.320000000000006e-07,0.0032
-9.280000000000003e-07,0.004
-9.24e-07,0.0016
-9.199999999999997e-07,0.0032
-9.159999999999994e-07,0.0032
-9.119999999999991e-07,0.002
-9.080000000000005e-07,0.0032
-9.040000000000002e-07,0.0016
-8.999999999999999e-07,0.0012000000000000001
-8.959999999999996e-07,0.0024000000000000002
-8.919999999999993e-07,0.0016
-8.87999999999999e-07,0.0024000000000000002
-8.840000000000003e-07,0.0024000000000000002
-8.8e-07,0.0012000000000000001
-8.759999999999997e-07,0.0044
-8.719999999999994e-07,0.0016
-8.679999999999991e-07,0.0028
-8.640000000000005e-07,0.0036000000000000003
-8.600000000000002e-07,0.0004
-8.559999999999999e-07,0.004
-8.519999999999996e-07,0.0028
-8.479999999999993e-07,0.0004
-8.43999999999999e-07,0.0044
-8.400000000000004e-07,0.0004
-8.360000000000001e-07,0.0016
-8.319999999999998e-07,0.0044
-8.279999999999995e-07,0.0004
-8.239999999999992e-07,0.004
-8.199999999999989e-07,0.0028
-8.160000000000003e-07,0.0
-8.12e-07,0.005200000000000001
-8.079999999999997e-07,0.0008
-8.039999999999994e-07,0.002
-7.999999999999991e-07,0.0036000000000000003
-7.960000000000005e-07,0.0008
-7.920000000000002e-07,0.0044
-7.879999999999999e-07,0.002
-7.839999999999996e-07,0.002
-7.799999999999993e-07,0.0032
-7.75999999999999e-07,0.0004
-7.720000000000004e-07,0.0032
-7.680000000000001e-07,0.0016
-7.639999999999998e-07,0.0012000000000000001
-7.599999999999995e-07,0.0032
-7.559999999999992e-07,0.002
-7.519999999999989e-07,0.004
-7.480000000000003e-07,0.0016
-7.44e-07,0.002
-7.399999999999997e-07,0.0044
-7.359999999999994e-07,0.0004
-7.319999999999991e-07,0.0044
-7.280000000000005e-07,0.0024000000000000002
-7.240000000000002e-07,-0.0008
-7.199999999999999e-07,0.0048000000000000004
-7.159999999999996e-07,0.0
-7.119999999999993e-07,0.0024000000000000002
-7.07999999999999e-07,0.004
-7.040000000000004e-07,-0.002
-7.000000000000001e-07,0.004
-6.959999999999998e-07,0.0036000000000000003
-6.919999999999995e-07,0.0004
-6.879999999999992e-07,0.004
-6.839999999999989e-07,0.0012000000000000001
-6.800000000000003e-07,0.0008
-6.76e-07,0.004
-6.719999999999997e-07,0.0008
-6.679999999999994e-07,0.0024000000000000002
-6.639999999999991e-07,0.0028
-6.600000000000005e-07,0.0004
-6.560000000000002e-07,0.0032
-6.519999999999999e-07,0.0032
-6.479999999999996e-07,0.0004
-6.439999999999993e-07,0.0032
-6.39999999999999e-07,0.0008
-6.360000000000003e-07,0.002
-6.32e-07,0.0044
-6.279999999999997e-07,0.0008
-6.239999999999994e-07,0.002
-6.199999999999991e-07,0.0032
-6.160000000000005e-07,0.0016
-6.120000000000002e-07,0.0032
-6.079999999999999e-07,0.0016
-6.039999999999996e-07,0.002
-5.999999999999993e-07,0.0024000000000000002
-5.95999999999999e-07,0.0016
-5.920000000000004e-07,0.0032
-5.880000000000001e-07,0.002
-5.839999999999998e-07,0.0032
-5.799999999999995e-07,0.002
-5.759999999999992e-07,0.0008
-5.719999999999989e-07,0.0032
-5.680000000000003e-07,0.0004
-5.64e-07,0.0028
-5.599999999999997e-07,0.0036000000000000003
-5.559999999999994e-07,0.0
-5.519999999999991e-07,0.0044
-5.480000000000005e-07,0.002
-5.440000000000002e-07,0.0008
-5.399999999999999e-07,0.005200000000000001
-5.359999999999996e-07,0.0004
-5.319999999999993e-07,0.0028
-5.27999999999999e-07,0.0036000000000000003
-5.240000000000004e-07,0.0
-5.200000000000001e-07,0.0048000000000000004
-5.159999999999998e-07,0.0012000000000000001
-5.119999999999995e-07,0.0012000000000000001
-5.079999999999992e-07,0.0032
-5.039999999999989e-07,0.0012000000000000001
-5.000000000000003e-07,0.0032
-4.96e-07,0.0028
-4.919999999999997e-07,0.0016
-4.879999999999994e-07,0.0032
-4.839999999999991e-07,0.0016
-4.800000000000005e-07,0.002
-4.760000000000002e-07,0.0028
-4.719999999999999e-07,0.002
-4.679999999999996e-07,0.0028
-4.639999999999993e-07,0.0016
-4.59999999999999e-07,0.002
-4.560000000000004e-07,0.0032
-4.520000000000001e-07,0.0012000000000000001
-4.479999999999998e-07,0.002
-4.439999999999995e-07,0.0028
-4.399999999999992e-07,0.0016
-4.359999999999989e-07,0.0032
-4.3200000000000027e-07,0.0024000000000000002
-4.2799999999999997e-07,0.0016
-4.2399999999999967e-07,0.0036000000000000003
-4.1999999999999937e-07,0.002
-4.1599999999999907e-07,0.0016
-4.1200000000000046e-07,0.004
-4.0800000000000016e-07,0.0016
-4.0399999999999986e-07,0.0024000000000000002
-3.9999999999999956e-07,0.0032
-3.9599999999999926e-07,0.0004
-3.9199999999999896e-07,0.002
-3.8800000000000035e-07,0.0036000000000000003
-3.8400000000000005e-07,0.0008
-3.7999999999999975e-07,0.0032
-3.7599999999999945e-07,0.0016
-3.7199999999999915e-07,0.0012000000000000001
-3.6799999999999885e-07,0.0036000000000000003
-3.6400000000000024e-07,0.002
-3.5999999999999994e-07,0.0024000000000000002
-3.5599999999999964e-07,0.0028
-3.5199999999999934e-07,0.002
-3.4799999999999904e-07,0.002
-3.4400000000000043e-07,0.0028
-3.4000000000000013e-07,0.002
-3.3599999999999983e-07,0.002
-3.3199999999999953e-07,0.004
-3.2799999999999923e-07,0.0016
-3.2399999999999893e-07,0.0024000000000000002
-3.200000000000003e-07,0.004
-3.16e-07,0.0004
-3.119999999999997e-07,0.0044
-3.079999999999994e-07,0.0024000000000000002
-3.039999999999991e-07,0.0004
-3.000000000000005e-07,0.0044
-2.960000000000002e-07,0.0012000000000000001
-2.919999999999999e-07,0.0028
-2.879999999999996e-07,0.0048000000000000004
-2.839999999999993e-07,0.0
-2.79999999999999e-07,0.0032
-2.760000000000004e-07,0.002
-2.720000000000001e-07,0.0016
-2.679999999999998e-07,0.004
-2.639999999999995e-07,0.0008
-2.599999999999992e-07,0.0016
-2.559999999999989e-07,0.0036000000000000003
-2.520000000000003e-07,0.002
-2.48e-07,0.002
-2.439999999999997e-07,0.0024000000000000002
-2.399999999999994e-07,0.0016
-2.359999999999991e-07,0.002
-2.320000000000005e-07,0.0036000000000000003
-2.280000000000002e-07,0.0028
-2.239999999999999e-07,0.0024000000000000002
-2.199999999999996e-07,0.0036000000000000003
-2.159999999999993e-07,0.0008
-2.1199999999999899e-07,0.0028
-2.0800000000000038e-07,0.0036000000000000003
-2.0400000000000008e-07,0.0004
-1.9999999999999978e-07,0.0036000000000000003
-1.9599999999999948e-07,0.0012000000000000001
-1.9199999999999918e-07,0.0016
-1.8799999999999888e-07,0.0044
-1.8400000000000027e-07,0.0008
-1.7999999999999997e-07,0.0024000000000000002
-1.7599999999999967e-07,0.0032
-1.7199999999999937e-07,0.0016
-1.6799999999999907e-07,0.0028
-1.6400000000000046e-07,0.0024000000000000002
-1.6000000000000016e-07,0.002
-1.5599999999999986e-07,0.0032
-1.5199999999999956e-07,0.0028
-1.4799999999999926e-07,0.0008
-1.4399999999999896e-07,0.0028
-1.4000000000000035e-07,0.002
-1.3600000000000005e-07,0.0024000000000000002
-1.3199999999999975e-07,0.0028
-1.2799999999999945e-07,0.0016
-1.2399999999999915e-07,0.0028
-1.1999999999999885e-07,0.0028
-1.1600000000000024e-07,0.002
-1.1199999999999994e-07,0.0024000000000000002
-1.0799999999999964e-07,0.002
-1.0399999999999934e-07,0.0036000000000000003
-9.999999999999904e-08,0.0032
-9.600000000000044e-08,0.0028
-9.200000000000014e-08,0.0028
-8.799999999999984e-08,0.002
-8.399999999999953e-08,0.0032
-7.999999999999923e-08,0.0028
-7.599999999999893e-08,0.0024000000000000002
-7.200000000000033e-08,0.0036000000000000003
-6.800000000000003e-08,0.0016
-6.399999999999973e-08,0.0024000000000000002
-5.999999999999943e-08,0.0032
-5.5999999999999125e-08,0.0016
-5.1999999999998825e-08,0.0028
-4.800000000000022e-08,0.0028
-4.399999999999992e-08,0.0016
-3.999999999999962e-08,0.0036000000000000003
-3.5999999999999317e-08,0.0028
-3.1999999999999016e-08,0.0024000000000000002
-2.800000000000041e-08,0.0028
-2.400000000000011e-08,0.0024000000000000002
-1.999999999999981e-08,0.0032
-1.5999999999999508e-08,0.0024000000000000002
-1.1999999999999207e-08,0.002
-7.999999999998907e-09,0.002
-4.0000000000003005e-09,0.0024000000000000002
0.0,0.0028
4.0000000000003005e-09,0.0024000000000000002
8.000000000000601e-09,0.0048000000000000004
1.2000000000000902e-08,0.0028
1.5999999999999508e-08,0.0016
1.999999999999981e-08,0.004
2.400000000000011e-08,0.0028
2.800000000000041e-08,0.0012000000000000001
3.200000000000071e-08,0.0036000000000000003
3.600000000000101e-08,0.0
3.999999999999962e-08,0.0028
4.399999999999992e-08,0.0044
4.800000000000022e-08,0.0012000000000000001
5.200000000000052e-08,0.0032
5.600000000000082e-08,0.0028
6.000000000000112e-08,0.002
6.399999999999973e-08,0.0044
6.800000000000003e-08,0.002
7.200000000000033e-08,0.0016
7.600000000000063e-08,0.0048000000000000004
8.000000000000093e-08,0.0012000000000000001
8.399999999999953e-08,0.0028
8.799999999999984e-08,0.0032
9.200000000000014e-08,0.0004
9.600000000000044e-08,0.004
1.0000000000000074e-07,0.0032
1.0400000000000104e-07,0.0008
1.0799999999999964e-07,0.0036000000000000003
1.1199999999999994e-07,0.0024000000000000002
1.1600000000000024e-07,0.0028
1.2000000000000055e-07,0.0048000000000000004
1.2400000000000085e-07,0.0024000000000000002
1.2800000000000115e-07,0.0016
1.3199999999999975e-07,0.0036000000000000003
1.3600000000000005e-07,0.0016
1.4000000000000035e-07,0.0028
1.4400000000000065e-07,0.0028
1.4800000000000095e-07,0.0
1.5199999999999956e-07,0.0036000000000000003
1.5599999999999986e-07,0.004
1.6000000000000016e-07,0.002
1.6400000000000046e-07,0.0032
1.6800000000000076e-07,0.0012000000000000001
1.7200000000000106e-07,0.0012000000000000001
1.7599999999999967e-07,0.0048000000000000004
1.7999999999999997e-07,0.0028
1.8400000000000027e-07,0.0016
1.8800000000000057e-07,0.0028
1.9200000000000087e-07,0.0012000000000000001
1.9600000000000117e-07,0.0032
1.9999999999999978e-07,0.004
2.0400000000000008e-07,0.002
2.0800000000000038e-07,0.0028
2.1200000000000068e-07,0.002
2.1600000000000098e-07,0.0032
2.199999999999996e-07,0.0032
2.239999999999999e-07,0.0012000000000000001
2.280000000000002e-07,0.0016
2.320000000000005e-07,0.0028
2.360000000000008e-07,0.0036000000000000003
2.400000000000011e-07,0.0028
2.439999999999997e-07,0.0016
2.48e-07,0.0024000000000000002
2.520000000000003e-07,0.0028
2.560000000000006e-07,0.004
2.600000000000009e-07,0.0024000000000000002
2.639999999999995e-07,0.0004
2.679999999999998e-07,0.0032
2.720000000000001e-07,0.0028
2.760000000000004e-07,0.0028
2.800000000000007e-07,0.0024000000000000002
2.84000000000001e-07,-0.0008
2.879999999999996e-07,0.0028
2.919999999999999e-07,0.0032
2.960000000000002e-07,0.0028
3.000000000000005e-07,0.0036000000000000003
3.040000000000008e-07,0.0008
3.080000000000011e-07,0.0024000000000000002
3.119999999999997e-07,0.0032
3.16e-07,0.0012000000000000001
3.200000000000003e-07,0.0032
3.240000000000006e-07,0.002
3.280000000000009e-07,0.0016
3.3199999999999953e-07,0.004
3.3599999999999983e-07,0.002
3.4000000000000013e-07,0.0024000000000000002
3.4400000000000043e-07,0.0024000000000000002
3.4800000000000073e-07,0.0012000000000000001
3.5200000000000103e-07,0.0044
3.5599999999999964e-07,0.0028
3.5999999999999994e-07,0.0024000000000000002
3.6400000000000024e-07,0.0032
3.6800000000000054e-07,0.0016
3.7200000000000084e-07,0.0032
3.7600000000000114e-07,0.0028
3.7999999999999975e-07,0.0016
3.8400000000000005e-07,0.0028
3.8800000000000035e-07,0.0024000000000000002
3.9200000000000065e-07,0.002
3.9600000000000095e-07,0.004
3.9999999999999956e-07,0.002
4.0399999999999986e-07,0.0024000000000000002
4.0800000000000016e-07,0.0032
4.1200000000000046e-07,0.0004
4.1600000000000076e-07,0.0024000000000000002
4.2000000000000106e-07,0.0024000000000000002
4.2399999999999967e-07,0.0008
4.2799999999999997e-07,0.0032
4.3200000000000027e-07,0.0008
4.3600000000000057e-07,0.0012000000000000001
4.4000000000000087e-07,0.0028
4.4400000000000117e-07,0.0012000000000000001
4.479999999999998e-07,0.0032
4.520000000000001e-07,0.002
4.560000000000004e-07,0.002
4.600000000000007e-07,0.0028
4.64000000000001e-07,0.0032
4.679999999999996e-07,0.0032
4.719999999999999e-07,0.0016
4.760000000000002e-07,0.002
4.800000000000005e-07,0.0028
4.840000000000008e-07,0.0016
4.880000000000011e-07,0.0036000000000000003
4.919999999999997e-07,0.0016
4.96e-07,0.0016
5.000000000000003e-07,0.0036000000000000003
5.040000000000006e-07,0.0008
5.080000000000009e-07,0.0036000000000000003
5.120000000000012e-07,0.0036000000000000003
5.159999999999998e-07,-0.0012000000000000001
5.200000000000001e-07,0.005200000000000001
5.240000000000004e-07,0.0008
5.280000000000007e-07,0.0008
5.32000000000001e-07,0.0044
5.359999999999996e-07,-0.0016
5.399999999999999e-07,0.0032
5.440000000000002e-07,0.0032
5.480000000000005e-07,0.0
5.520000000000008e-07,0.0048000000000000004
5.560000000000011e-07,0.0012000000000000001
5.599999999999997e-07,0.0008
5.64e-07,0.0044
5.680000000000003e-07,0.0012000000000000001
5.720000000000006e-07,0.0024000000000000002
5.760000000000009e-07,0.0024000000000000002
5.799999999999995e-07,0.0016
5.839999999999998e-07,0.0036000000000000003
5.880000000000001e-07,0.0016
5.920000000000004e-07,0.0008
5.960000000000007e-07,0.004
6.00000000000001e-07,0.0024000000000000002
6.039999999999996e-07,0.0024000000000000002
6.079999999999999e-07,0.004
6.120000000000002e-07,0.0004
6.160000000000005e-07,0.0024000000000000002
6.200000000000008e-07,0.004
6.240000000000011e-07,0.0012000000000000001
6.279999999999997e-07,0.0028
6.32e-07,0.002
6.360000000000003e-07,0.0028
6.400000000000006e-07,0.0032
6.44000000000001e-07,0.0016
6.479999999999996e-07,0.0024000000000000002
6.519999999999999e-07,0.0012000000000000001
6.560000000000002e-07,0.0032
6.600000000000005e-07,0.0028
6.640000000000008e-07,0.0016
6.680000000000011e-07,0.0036000000000000003
6.719999999999997e-07,-0.0004
6.76e-07,0.0032
6.800000000000003e-07,0.0048000000000000004
6.840000000000006e-07,0.0
6.880000000000009e-07,0.0044
6.920000000000012e-07,0.0024000000000000002
6.959999999999998e-07,0.0012000000000000001
7.000000000000001e-07,0.0056
7.040000000000004e-07,0.0
7.080000000000007e-07,0.0024000000000000002
7.12000000000001e-07,0.0032
7.159999999999996e-07,0.0008
7.199999999999999e-07,0.005200000000000001
7.240000000000002e-07,0.0012000000000000001
7.280000000000005e-07,0.002
7.320000000000008e-07,0.0032
7.360000000000011e-07,0.0004
7.399999999999997e-07,0.0044
7.44e-07,0.0008
7.480000000000003e-07,0.0016
7.520000000000006e-07,0.004
7.560000000000009e-07,0.0008
7.600000000000012e-07,0.0036000000000000003
7.639999999999998e-07,0.0016
7.680000000000001e-07,0.0004
7.720000000000004e-07,0.0032
7.760000000000007e-07,0.0008
7.80000000000001e-07,0.0032
7.839999999999996e-07,0.0036000000000000003
7.879999999999999e-07,0.0004
7.920000000000002e-07,0.0032
7.960000000000005e-07,0.0016
8.000000000000008e-07,0.0016
8.040000000000011e-07,0.0044
8.079999999999997e-07,0.0012000000000000001
8.12e-07,0.002
8.160000000000003e-07,0.0028
8.200000000000006e-07,0.0012000000000000001
8.240000000000009e-07,0.002
8.280000000000012e-07,0.0028
8.319999999999998e-07,0.0024000000000000002
8.360000000000001e-07,0.0024000000000000002
8.400000000000004e-07,0.0032
8.440000000000007e-07,0.0016
8.48000000000001e-07,0.002
8.519999999999996e-07,0.0032
8.559999999999999e-07,0.0012000000000000001
8.600000000000002e-07,0.0028
8.640000000000005e-07,0.0024000000000000002
8.680000000000008e-07,0.0016
8.720000000000011e-07,0.0032
8.759999999999997e-07,0.0008
8.8e-07,0.0016
8.840000000000003e-07,0.002
8.880000000000006e-07,0.0016
8.920000000000009e-07,0.0024000000000000002
8.959999999999996e-07,0.0024000000000000002
8.999999999999999e-07,0.002
9.040000000000002e-07,0.0008
9.080000000000005e-07,0.0028
9.120000000000008e-07,0.002
9.160000000000011e-07,0.0016
9.199999999999997e-07,0.004
9.24e-07,0.0004
9.280000000000003e-07,0.0028
9.320000000000006e-07,0.0032
9.360000000000009e-07,-0.0008
9.400000000000012e-07,0.0044
9.439999999999998e-07,0.0004
9.480000000000001e-07,0.0016
9.520000000000004e-07,0.0064
9.560000000000007e-07,0.0004
9.60000000000001e-07,0.0048000000000000004
9.639999999999996e-07,0.004
9.679999999999999e-07,-0.0004
9.720000000000002e-07,0.0044
9.760000000000005e-07,0.0008
9.800000000000008e-07,0.0008
9.84000000000001e-07,0.0044
9.879999999999997e-07,0.0
9.92e-07,0.0032
9.960000000000003e-07,0.0032
