t,V1
-2.9e-05,0.0028
-2.898e-05,0.0024000000000000002
-2.896e-05,0.0016
-2.894e-05,0.0012000000000000001
-2.892e-05,0.0016
-2.89e-05,0.0028
-2.888e-05,0.002
-2.886e-05,0.0016
-2.8840000000000002e-05,0.0024000000000000002
-2.882e-05,0.004
-2.88e-05,0.0044
-2.878e-05,0.0008
-2.876e-05,0.0004
-2.874e-05,0.0016
-2.872e-05,0.004
-2.87e-05,0.0032
-2.868e-05,0.0024000000000000002
-2.866e-05,0.002
-2.864e-05,0.0044
-2.862e-05,0.0032
-2.86e-05,0.0004
-2.858e-05,-0.0008
-2.856e-05,0.0008
-2.854e-05,0.0012000000000000001
-2.852e-05,0.0024000000000000002
-2.85e-05,0.0036000000000000003
-2.8480000000000002e-05,0.0044
-2.846e-05,0.004
-2.844e-05,0.0024000000000000002
-2.842e-05,0.0024000000000000002
-2.84e-05,0.0028
-2.838e-05,0.0008
-2.836e-05,-0.002
-2.834e-05,-0.0016
-2.832e-05,0.002
-2.83e-05,0.0036000000000000003
-2.828e-05,0.0032
-2.826e-05,0.0024000000000000002
-2.824e-05,0.0028
-2.822e-05,0.004
-2.82e-05,0.002
-2.818e-05,0.0
-2.816e-05,0.0
-2.814e-05,0.0
-2.8120000000000002e-05,0.0008
-2.81e-05,0.002
-2.808e-05,0.0036000000000000003
-2.806e-05,0.0036000000000000003
-2.804e-05,0.0028
-2.802e-05,0.0028
-2.8e-05,0.0036000000000000003
-2.798e-05,0.004
-2.796e-05,0.0016
-2.794e-05,-0.0008
-2.792e-05,0.0004
-2.79e-05,0.0024000000000000002
-2.788e-05,0.0032
-2.786e-05,0.002
-2.784e-05,0.002
-2.782e-05,0.002
-2.78e-05,0.0032
-2.778e-05,0.0016
-2.776e-05,0.0008
-2.774e-05,0.0008
-2.772e-05,0.0012000000000000001
-2.77e-05,0.0016
-2.768e-05,0.0032
-2.766e-05,0.004
-2.764e-05,0.0032
-2.762e-05,0.002
-2.76e-05,0.0028
-2.758e-05,0.0028
-2.756e-05,0.002
-2.754e-05,0.0008
-2.752e-05,0.0
-2.75e-05,0.0028
-2.748e-05,0.0044
-2.746e-05,0.0032
-2.744e-05,0.0024000000000000002
-2.742e-05,0.0016
-2.7400000000000002e-05,0.0028
-2.738e-05,0.002
-2.736e-05,-0.0004
-2.734e-05,-0.0004
-2.732e-05,0.0004
-2.73e-05,0.0032
-2.728e-05,0.0028
-2.726e-05,0.004
-2.724e-05,0.005200000000000001
-2.722e-05,0.0036000000000000003
-2.72e-05,0.0024000000000000002
-2.718e-05,0.002
-2.716e-05,0.002
-2.714e-05,0.0008
-2.712e-05,-0.0004
-2.71e-05,0.0004
-2.7079999999999998e-05,0.004
-2.7060000000000002e-05,0.006
-2.704e-05,0.0044
-2.702e-05,0.002
-2.7e-05,0.0028
-2.698e-05,0.0032
-2.696e-05,0.0032
-2.694e-05,0.0008
-2.692e-05,-0.0004
-2.69e-05,0.0004
-2.688e-05,0.0024000000000000002
-2.686e-05,0.0024000000000000002
-2.684e-05,0.0024000000000000002
-2.682e-05,0.0032
-2.68e-05,0.002
-2.678e-05,0.0016
-2.676e-05,0.002
-2.674e-05,0.0032
-2.672e-05,0.0024000000000000002
-2.67e-05,0.0
-2.668e-05,0.0004
-2.666e-05,0.0036000000000000003
-2.664e-05,0.0036000000000000003
-2.662e-05,0.0004
-2.66e-05,0.0004
-2.658e-05,0.0024000000000000002
-2.656e-05,0.0032
-2.654e-05,0.0028
-2.652e-05,0.0016
-2.65e-05,0.002
-2.648e-05,0.0028
-2.646e-05,0.0036000000000000003
-2.644e-05,0.0032
-2.642e-05,0.002
-2.64e-05,0.002
-2.638e-05,0.0008
-2.636e-05,0.0016
-2.6340000000000002e-05,0.0024000000000000002
-2.632e-05,0.0024000000000000002
-2.63e-05,0.0004
-2.628e-05,-0.0004
-2.626e-05,0.002
-2.624e-05,0.0032
-2.622e-05,0.002
-2.62e-05,0.0
-2.618e-05,0.0004
-2.616e-05,0.0016
-2.614e-05,0.0024000000000000002
-2.612e-05,0.0004
-2.61e-05,-0.0004
-2.608e-05,0.0012000000000000001
-2.606e-05,0.0028
-2.604e-05,0.0036000000000000003
-2.6019999999999998e-05,0.0028
-2.6000000000000002e-05,0.0028
-2.598e-05,0.0016
-2.596e-05,0.0024000000000000002
-2.594e-05,0.0028
-2.592e-05,0.0016
-2.59e-05,-0.0004
-2.588e-05,-0.0016
-2.586e-05,0.0008
-2.584e-05,0.0032
-2.582e-05,0.005200000000000001
-2.58e-05,0.0024000000000000002
-2.578e-05,0.0012000000000000001
-2.576e-05,0.0024000000000000002
-2.574e-05,0.0032
-2.572e-05,0.002
-2.57e-05,-0.0008
-2.568e-05,0.0
-2.566e-05,0.0016
-2.564e-05,0.002
-2.562e-05,0.0024000000000000002
-2.56e-05,0.0016
-2.558e-05,0.002
-2.556e-05,0.0032
-2.554e-05,0.0028
-2.552e-05,0.004
-2.55e-05,0.0036000000000000003
-2.548e-05,0.0008
-2.546e-05,-0.0004
-2.544e-05,0.0012000000000000001
-2.542e-05,0.0028
-2.54e-05,0.0024000000000000002
-2.538e-05,0.0
-2.536e-05,0.0008
-2.534e-05,0.004
-2.532e-05,0.005200000000000001
-2.53e-05,0.0024000000000000002
-2.5280000000000002e-05,0.0012000000000000001
-2.526e-05,0.0012000000000000001
-2.524e-05,0.0032
-2.522e-05,0.0024000000000000002
-2.52e-05,0.0012000000000000001
-2.518e-05,0.0016
-2.516e-05,0.002
-2.514e-05,0.0036000000000000003
-2.512e-05,0.0028
-2.51e-05,0.0024000000000000002
-2.508e-05,0.0024000000000000002
-2.506e-05,0.0008
-2.504e-05,0.0004
-2.502e-05,0.0016
-2.5e-05,0.0036000000000000003
-2.498e-05,0.0028
-2.4959999999999998e-05,0.0012000000000000001
-2.4940000000000002e-05,0.002
-2.492e-05,0.0032
-2.4900000000000002e-05,0.0024000000000000002
-2.488e-05,0.0
-2.486e-05,-0.0004
-2.484e-05,0.0008
-2.482e-05,0.0028
-2.48e-05,0.0032
-2.478e-05,0.002
-2.476e-05,0.0044
-2.474e-05,0.0044
-2.472e-05,0.0032
-2.47e-05,0.002
-2.468e-05,0.0004
-2.466e-05,-0.0004
-2.464e-05,0.0
-2.4619999999999998e-05,0.0008
-2.46e-05,0.0032
-2.458e-05,0.004
-2.4560000000000002e-05,0.0036000000000000003
-2.454e-05,0.0024000000000000002
-2.452e-05,0.0024000000000000002
-2.45e-05,0.004
-2.448e-05,0.0016
-2.446e-05,-0.0008
-2.444e-05,-0.0008
-2.442e-05,0.0008
-2.44e-05,0.0028
-2.438e-05,0.004
-2.436e-05,0.004
-2.434e-05,0.0048000000000000004
-2.432e-05,0.004
-2.43e-05,0.0036000000000000003
-2.428e-05,0.0028
-2.426e-05,0.0024000000000000002
-2.424e-05,0.0008
-2.4220000000000002e-05,0.0004
-2.42e-05,0.0016
-2.418e-05,0.0048000000000000004
-2.416e-05,0.0032
-2.414e-05,0.0024000000000000002
-2.412e-05,0.0028
-2.41e-05,0.0036000000000000003
-2.408e-05,0.0048000000000000004
-2.406e-05,0.0028
-2.404e-05,0.0004
-2.402e-05,0.0012000000000000001
-2.4e-05,0.0032
-2.398e-05,0.0012000000000000001
-2.396e-05,0.0016
-2.394e-05,0.002
-2.392e-05,0.002
-2.3899999999999998e-05,0.0016
-2.3880000000000002e-05,0.0024000000000000002
-2.386e-05,0.002
-2.3840000000000002e-05,0.0016
-2.382e-05,0.0004
-2.38e-05,0.0016
-2.378e-05,0.0032
-2.376e-05,0.0056
-2.374e-05,0.0036000000000000003
-2.372e-05,0.0012000000000000001
-2.37e-05,0.0024000000000000002
-2.368e-05,0.0036000000000000003
-2.366e-05,0.0016
-2.364e-05,0.0
-2.362e-05,-0.0008
-2.36e-05,0.0024000000000000002
-2.358e-05,0.004
-2.3559999999999998e-05,0.0036000000000000003
-2.354e-05,0.0032
-2.352e-05,0.0036000000000000003
-2.3500000000000002e-05,0.0032
-2.348e-05,0.0032
-2.346e-05,0.0008
-2.344e-05,0.0
-2.342e-05,-0.0004
-2.34e-05,0.0004
-2.338e-05,0.0024000000000000002
-2.336e-05,0.005200000000000001
-2.334e-05,0.0056
-2.332e-05,0.0032
-2.33e-05,0.0024000000000000002
-2.328e-05,0.0028
-2.326e-05,0.0028
-2.324e-05,0.0004
-2.322e-05,-0.0016
-2.32e-05,0.0004
-2.3179999999999998e-05,0.0036000000000000003
-2.3160000000000002e-05,0.0048000000000000004
-2.314e-05,0.0028
-2.312e-05,0.0016
-2.31e-05,0.0032
-2.308e-05,0.0036000000000000003
-2.306e-05,0.0032
-2.304e-05,0.0008
-2.302e-05,0.0004
-2.3e-05,0.0012000000000000001
-2.298e-05,0.0016
-2.296e-05,0.002
-2.294e-05,0.0032
-2.292e-05,0.0028
-2.29e-05,0.0012000000000000001
-2.288e-05,0.0008
-2.286e-05,0.0028
-2.2839999999999998e-05,0.0036000000000000003
-2.2820000000000002e-05,0.002
-2.28e-05,0.0008
-2.2780000000000002e-05,0.0024000000000000002
-2.276e-05,0.0028
-2.274e-05,0.0016
-2.272e-05,-0.0004
-2.27e-05,0.0004
-2.268e-05,0.002
-2.266e-05,0.0004
-2.264e-05,0.0012000000000000001
-2.262e-05,0.0012000000000000001
-2.26e-05,0.002
-2.258e-05,0.0008
-2.256e-05,0.0028
-2.254e-05,0.0028
-2.252e-05,0.0028
-2.2499999999999998e-05,0.0008
-2.248e-05,-0.0004
-2.246e-05,0.0012000000000000001
-2.2440000000000002e-05,0.0024000000000000002
-2.242e-05,0.0012000000000000001
-2.24e-05,0.0
-2.238e-05,0.0008
-2.236e-05,0.0024000000000000002
-2.234e-05,0.004
-2.232e-05,0.0024000000000000002
-2.23e-05,0.0024000000000000002
-2.228e-05,0.0036000000000000003
-2.226e-05,0.0032
-2.224e-05,0.0012000000000000001
-2.222e-05,0.0008
-2.22e-05,-0.0004
-2.218e-05,0.0
-2.216e-05,0.0012000000000000001
-2.214e-05,0.0032
-2.2119999999999998e-05,0.0044
-2.2100000000000002e-05,0.0044
-2.208e-05,0.002
-2.206e-05,0.0012000000000000001
-2.204e-05,0.0032
-2.202e-05,0.0032
-2.2e-05,0.0008
-2.198e-05,0.0
-2.196e-05,0.0004
-2.194e-05,0.0028
-2.192e-05,0.0036000000000000003
-2.19e-05,0.002
-2.188e-05,0.0016
-2.186e-05,0.0028
-2.184e-05,0.0032
-2.182e-05,0.002
-2.18e-05,0.002
-2.1779999999999998e-05,0.0008
-2.1760000000000002e-05,0.0016
-2.174e-05,0.0016
-2.1720000000000002e-05,0.0016
-2.17e-05,0.0032
-2.168e-05,0.0024000000000000002
-2.166e-05,0.0016
-2.164e-05,0.0012000000000000001
-2.162e-05,0.004
-2.16e-05,0.004
-2.158e-05,0.0024000000000000002
-2.156e-05,0.0012000000000000001
-2.154e-05,0.0024000000000000002
-2.152e-05,0.0032
-2.15e-05,0.0032
-2.148e-05,0.0004
-2.146e-05,0.0
-2.1439999999999998e-05,0.0024000000000000002
-2.142e-05,0.0028
-2.14e-05,0.0024000000000000002
-2.1380000000000002e-05,0.0024000000000000002
-2.136e-05,0.0032
-2.1340000000000002e-05,0.002
-2.132e-05,0.0024000000000000002
-2.13e-05,0.004
-2.128e-05,0.0032
-2.126e-05,0.0028
-2.124e-05,0.002
-2.122e-05,0.0036000000000000003
-2.12e-05,0.004
-2.118e-05,0.0024000000000000002
-2.116e-05,0.0004
-2.1139999999999997e-05,0.0012000000000000001
-2.112e-05,0.0036000000000000003
-2.1099999999999998e-05,0.004
-2.108e-05,0.0016
-2.1059999999999998e-05,0.0012000000000000001
-2.1040000000000002e-05,0.0024000000000000002
-2.102e-05,0.0036000000000000003
-2.1000000000000002e-05,0.0024000000000000002
-2.098e-05,0.0
-2.096e-05,-0.0008
-2.094e-05,0.0
-2.092e-05,0.0016
-2.09e-05,0.0032
-2.088e-05,0.0044
-2.086e-05,0.0036000000000000003
-2.084e-05,0.0028
-2.082e-05,0.0032
-2.08e-05,0.0036000000000000003
-2.078e-05,0.004
-2.0759999999999998e-05,0.0004
-2.074e-05,-0.0004
-2.0719999999999998e-05,0.0008
-2.0700000000000002e-05,0.004
-2.068e-05,0.0032
-2.0660000000000002e-05,0.0012000000000000001
-2.064e-05,0.0024000000000000002
-2.0620000000000002e-05,0.0044
-2.06e-05,0.005200000000000001
-2.058e-05,0.0028
-2.056e-05,-0.0004
-2.054e-05,0.0004
-2.052e-05,0.0012000000000000001
-2.05e-05,0.0016
-2.048e-05,0.0024000000000000002
-2.046e-05,0.0032
-2.044e-05,0.002
-2.0419999999999998e-05,0.0028
-2.04e-05,0.0032
-2.0379999999999998e-05,0.004
-2.036e-05,0.0036000000000000003
-2.034e-05,0.0008
-2.0320000000000002e-05,0.0004
-2.03e-05,0.0024000000000000002
-2.0280000000000002e-05,0.0028
-2.026e-05,0.0012000000000000001
-2.024e-05,0.0008
-2.022e-05,0.0028
-2.02e-05,0.0032
-2.018e-05,0.0028
-2.016e-05,0.0016
-2.014e-05,0.0004
-2.012e-05,0.002
-2.01e-05,0.002
-2.0079999999999997e-05,0.0024000000000000002
-2.006e-05,0.0036000000000000003
-2.0039999999999998e-05,0.0036000000000000003
-2.002e-05,0.0028
-1.9999999999999998e-05,0.0016
-1.9980000000000002e-05,0.0032
-1.996e-05,0.0032
-1.9940000000000002e-05,0.0012000000000000001
-1.992e-05,0.0004
-1.99e-05,0.0004
-1.988e-05,0.0036000000000000003
-1.986e-05,0.004
-1.984e-05,0.0028
-1.982e-05,0.0024000000000000002
-1.98e-05,0.0028
-1.978e-05,0.0036000000000000003
-1.976e-05,0.0008
-1.974e-05,-0.0016
-1.972e-05,-0.0016
-1.9699999999999998e-05,0.0008
-1.968e-05,0.002
-1.9659999999999998e-05,0.0016
-1.9640000000000002e-05,0.0028
-1.962e-05,0.0044
-1.9600000000000002e-05,0.0032
-1.958e-05,0.0028
-1.9560000000000002e-05,0.002
-1.954e-05,0.0004
-1.952e-05,-0.0004
-1.95e-05,-0.0012000000000000001
-1.948e-05,0.0016
-1.946e-05,0.0032
-1.944e-05,0.0036000000000000003
-1.942e-05,0.0024000000000000002
-1.94e-05,0.0024000000000000002
-1.938e-05,0.0048000000000000004
-1.9359999999999998e-05,0.0032
-1.934e-05,0.0016
-1.9319999999999998e-05,0.0004
-1.93e-05,0.0008
-1.928e-05,0.0028
-1.9260000000000002e-05,0.0028
-1.924e-05,0.0036000000000000003
-1.9220000000000002e-05,0.0032
-1.92e-05,0.0032
-1.918e-05,0.002
-1.916e-05,0.002
-1.914e-05,0.0028
-1.912e-05,0.0024000000000000002
-1.91e-05,0.0004
-1.908e-05,0.0008
-1.906e-05,0.0028
-1.904e-05,0.0036000000000000003
-1.9019999999999997e-05,0.0024000000000000002
-1.9e-05,0.0008
-1.8979999999999998e-05,0.002
-1.896e-05,0.0024000000000000002
-1.8939999999999998e-05,0.0024000000000000002
-1.8920000000000002e-05,0.0016
-1.89e-05,0.002
-1.8880000000000002e-05,0.0032
-1.886e-05,0.0048000000000000004
-1.884e-05,0.004
-1.882e-05,0.005200000000000001
-1.88e-05,0.0032
-1.878e-05,0.0008
-1.876e-05,0.0008
-1.874e-05,0.002
-1.872e-05,0.002
-1.87e-05,0.0004
-1.868e-05,-0.0008
-1.866e-05,0.0016
-1.8639999999999998e-05,0.005200000000000001
-1.862e-05,0.0044
-1.8599999999999998e-05,0.0016
-1.858e-05,0.0012000000000000001
-1.856e-05,0.0028
-1.8540000000000002e-05,0.004
-1.852e-05,0.0008
-1.8500000000000002e-05,-0.0012000000000000001
-1.848e-05,0.0
-1.846e-05,0.002
-1.844e-05,0.0048000000000000004
-1.842e-05,0.004
-1.84e-05,0.0044
-1.838e-05,0.004
-1.836e-05,0.0032
-1.834e-05,0.0024000000000000002
-1.832e-05,0.0024000000000000002
-1.8299999999999998e-05,0.0016
-1.828e-05,-0.0004
-1.8259999999999998e-05,0.0
-1.824e-05,0.0036000000000000003
-1.822e-05,0.0048000000000000004
-1.8200000000000002e-05,0.0036000000000000003
-1.818e-05,0.002
-1.8160000000000002e-05,0.0028
-1.814e-05,0.004
-1.812e-05,0.0028
-1.81e-05,0.0008
-1.808e-05,0.0004
-1.806e-05,0.0016
-1.804e-05,0.0036000000000000003
-1.802e-05,0.0036000000000000003
-1.8e-05,0.0028
-1.798e-05,0.0024000000000000002
-1.7959999999999997e-05,0.002
-1.794e-05,0.0024000000000000002
-1.7919999999999998e-05,0.0016
-1.79e-05,0.0024000000000000002
-1.7879999999999998e-05,0.002
-1.7860000000000002e-05,0.002
-1.784e-05,0.0024000000000000002
-1.7820000000000002e-05,0.0036000000000000003
-1.78e-05,0.0036000000000000003
-1.778e-05,0.0016
-1.776e-05,0.0008
-1.774e-05,0.002
-1.772e-05,0.0032
-1.77e-05,0.0036000000000000003
-1.768e-05,0.0012000000000000001
-1.766e-05,0.002
-1.764e-05,0.0032
-1.762e-05,0.0036000000000000003
-1.76e-05,0.0024000000000000002
-1.7579999999999998e-05,0.002
-1.756e-05,0.002
-1.7539999999999998e-05,0.0016
-1.752e-05,0.0012000000000000001
-1.75e-05,0.0024000000000000002
-1.7480000000000002e-05,0.0024000000000000002
-1.746e-05,0.0016
-1.7440000000000002e-05,0.0016
-1.742e-05,0.0024000000000000002
-1.74e-05,0.0044
-1.738e-05,0.0032
-1.736e-05,0.002
-1.734e-05,0.0024000000000000002
-1.732e-05,0.0036000000000000003
-1.73e-05,0.0044
-1.728e-05,0.002
-1.726e-05,0.0008
-1.7239999999999998e-05,0.0016
-1.722e-05,0.0032
-1.7199999999999998e-05,0.004
-1.718e-05,0.0024000000000000002
-1.716e-05,0.0032
-1.7140000000000002e-05,0.0036000000000000003
-1.712e-05,0.0024000000000000002
-1.7100000000000002e-05,0.0024000000000000002
-1.708e-05,0.0028
-1.706e-05,0.0012000000000000001
-1.704e-05,0.0004
-1.702e-05,0.0004
-1.7e-05,0.0024000000000000002
-1.698e-05,0.0044
-1.696e-05,0.004
-1.694e-05,0.002
-1.692e-05,0.0036000000000000003
-1.6899999999999997e-05,0.0048000000000000004
-1.688e-05,0.0044
-1.6859999999999998e-05,0.0016
-1.684e-05,0.0004
-1.6819999999999998e-05,0.002
-1.6800000000000002e-05,0.0036000000000000003
-1.678e-05,0.0024000000000000002
-1.6760000000000002e-05,0.0024000000000000002
-1.674e-05,0.0028
-1.672e-05,0.0032
-1.67e-05,0.0024000000000000002
-1.668e-05,0.0028
-1.666e-05,0.0024000000000000002
-1.664e-05,0.0024000000000000002
-1.662e-05,0.0008
-1.66e-05,0.0012000000000000001
-1.658e-05,0.0028
-1.656e-05,0.0036000000000000003
-1.654e-05,0.0012000000000000001
-1.6519999999999998e-05,0.0004
-1.65e-05,0.0028
-1.6479999999999998e-05,0.0048000000000000004
-1.646e-05,0.0036000000000000003
-1.644e-05,0.0016
-1.6420000000000002e-05,0.0012000000000000001
-1.64e-05,0.0028
-1.6380000000000002e-05,0.0044
-1.636e-05,0.0024000000000000002
-1.634e-05,0.0016
-1.632e-05,0.0024000000000000002
-1.63e-05,0.002
-1.628e-05,0.002
-1.626e-05,0.0016
-1.624e-05,0.002
-1.622e-05,0.0008
-1.62e-05,0.0008
-1.6179999999999998e-05,0.0024000000000000002
-1.616e-05,0.0036000000000000003
-1.6139999999999998e-05,0.0032
-1.612e-05,0.002
-1.61e-05,0.0036000000000000003
-1.6080000000000002e-05,0.004
-1.606e-05,0.0032
-1.6040000000000002e-05,0.0012000000000000001
-1.602e-05,-0.0008
-1.6e-05,0.0004
-1.598e-05,0.0024000000000000002
-1.596e-05,0.0048000000000000004
-1.594e-05,0.0036000000000000003
-1.592e-05,0.004
-1.59e-05,0.0048000000000000004
-1.588e-05,0.004
-1.586e-05,0.0024000000000000002
-1.5839999999999997e-05,0.0012000000000000001
-1.582e-05,-0.0008
-1.5799999999999998e-05,-0.0008
-1.578e-05,0.0004
-1.5759999999999998e-05,0.0032
-1.5740000000000002e-05,0.0036000000000000003
-1.572e-05,0.0028
-1.5700000000000002e-05,0.002
-1.568e-05,0.0032
-1.566e-05,0.0044
-1.564e-05,0.002
-1.562e-05,-0.0008
-1.56e-05,-0.0008
-1.558e-05,0.0016
-1.556e-05,0.0036000000000000003
-1.554e-05,0.0036000000000000003
-1.552e-05,0.0032
-1.55e-05,0.0032
-1.548e-05,0.0028
-1.5459999999999998e-05,0.002
-1.544e-05,0.002
-1.5419999999999998e-05,0.0012000000000000001
-1.54e-05,0.0004
-1.538e-05,0.0004
-1.5360000000000002e-05,0.0024000000000000002
-1.534e-05,0.0036000000000000003
-1.5320000000000002e-05,0.0036000000000000003
-1.53e-05,0.0008
-1.528e-05,0.0004
-1.526e-05,0.0024000000000000002
-1.524e-05,0.0032
-1.522e-05,0.0012000000000000001
-1.52e-05,-0.0004
-1.518e-05,0.0016
-1.516e-05,0.0036000000000000003
-1.5139999999999999e-05,0.0036000000000000003
-1.512e-05,0.002
-1.51e-05,0.0012000000000000001
-1.508e-05,0.002
-1.506e-05,0.0016
-1.504e-05,0.0016
-1.502e-05,0.0008
-1.5e-05,0.0012000000000000001
-1.498e-05,0.0016
-1.4959999999999999e-05,0.002
-1.494e-05,0.0032
-1.492e-05,0.0036000000000000003
-1.49e-05,0.0044
-1.488e-05,0.002
-1.486e-05,0.0016
-1.484e-05,0.0028
-1.482e-05,0.0016
-1.48e-05,-0.0008
-1.4779999999999999e-05,-0.0008
-1.476e-05,0.002
-1.474e-05,0.0036000000000000003
-1.472e-05,0.0036000000000000003
-1.47e-05,0.004
-1.468e-05,0.0032
-1.466e-05,0.0044
-1.464e-05,0.0024000000000000002
-1.462e-05,0.0
-1.4599999999999999e-05,0.0
-1.458e-05,-0.0004
-1.456e-05,-0.0004
-1.454e-05,0.0012000000000000001
-1.452e-05,0.0028
-1.45e-05,0.0044
-1.448e-05,0.0032
-1.446e-05,0.002
-1.444e-05,0.0028
-1.442e-05,0.0024000000000000002
-1.44e-05,0.0016
-1.438e-05,-0.0012000000000000001
-1.436e-05,-0.0008
-1.434e-05,0.0024000000000000002
-1.432e-05,0.004
-1.43e-05,0.0032
-1.428e-05,0.0016
-1.426e-05,0.0016
-1.424e-05,0.0012000000000000001
-1.422e-05,0.0008
-1.42e-05,0.0008
-1.418e-05,0.0008
-1.416e-05,0.0008
-1.414e-05,0.0016
-1.412e-05,0.0028
-1.41e-05,0.004
-1.4079999999999999e-05,0.0024000000000000002
-1.406e-05,0.0012000000000000001
-1.404e-05,0.0
-1.402e-05,0.0024000000000000002
-1.4e-05,0.0032
-1.398e-05,0.002
-1.396e-05,0.0
-1.394e-05,0.0028
-1.392e-05,0.005200000000000001
-1.3899999999999999e-05,0.0048000000000000004
-1.388e-05,0.0028
-1.386e-05,0.0016
-1.384e-05,0.0008
-1.382e-05,0.0012000000000000001
-1.38e-05,0.0012000000000000001
-1.378e-05,0.0016
-1.376e-05,0.0024000000000000002
-1.374e-05,0.0028
-1.372e-05,0.0028
-1.3700000000000001e-05,0.0036000000000000003
-1.3680000000000001e-05,0.004
-1.3660000000000001e-05,0.0024000000000000002
-1.3639999999999998e-05,0.0004
-1.3619999999999998e-05,0.0008
-1.3599999999999999e-05,0.0028
-1.3579999999999999e-05,0.0024000000000000002
-1.3559999999999999e-05,-0.0008
-1.3539999999999999e-05,-0.0004
-1.352e-05,0.0024000000000000002
-1.35e-05,0.0048000000000000004
-1.348e-05,0.0032
-1.346e-05,0.002
-1.344e-05,0.002
-1.342e-05,0.0028
-1.34e-05,0.0016
-1.338e-05,0.0008
-1.336e-05,0.0
-1.3340000000000001e-05,0.0008
-1.3320000000000001e-05,0.0012000000000000001
-1.3300000000000001e-05,0.0024000000000000002
-1.3279999999999998e-05,0.0036000000000000003
-1.3259999999999998e-05,0.0036000000000000003
-1.3239999999999999e-05,0.0016
-1.3219999999999999e-05,0.0016
-1.3199999999999999e-05,0.0032
-1.318e-05,0.0032
-1.316e-05,0.0004
-1.314e-05,-0.0016
-1.312e-05,0.0
-1.31e-05,0.0028
-1.308e-05,0.0028
-1.306e-05,0.0012000000000000001
-1.304e-05,0.0004
-1.302e-05,0.0012000000000000001
-1.3000000000000001e-05,0.0036000000000000003
-1.2980000000000001e-05,0.0028
-1.2960000000000001e-05,0.002
-1.2940000000000001e-05,0.0012000000000000001
-1.2919999999999998e-05,0.0024000000000000002
-1.2899999999999998e-05,0.0024000000000000002
-1.2879999999999999e-05,0.0028
-1.2859999999999999e-05,0.0028
-1.2839999999999999e-05,0.0012000000000000001
-1.282e-05,0.0012000000000000001
-1.28e-05,0.0012000000000000001
-1.278e-05,0.0032
-1.276e-05,0.0028
-1.274e-05,0.0004
-1.272e-05,0.0008
-1.27e-05,0.0032
-1.268e-05,0.004
-1.266e-05,0.0024000000000000002
-1.2640000000000001e-05,0.0008
-1.2620000000000001e-05,0.0004
-1.2600000000000001e-05,0.0012000000000000001
-1.2579999999999998e-05,0.0016
-1.2559999999999998e-05,0.002
-1.2539999999999999e-05,0.002
-1.2519999999999999e-05,0.002
-1.2499999999999999e-05,0.0032
-1.2479999999999999e-05,0.0032
-1.246e-05,0.0032
-1.244e-05,0.004
-1.242e-05,0.0024000000000000002
-1.24e-05,0.0008
-1.238e-05,0.0016
-1.236e-05,0.0012000000000000001
-1.234e-05,0.0012000000000000001
-1.232e-05,-0.0004
-1.23e-05,-0.0004
-1.2280000000000001e-05,0.0016
-1.2260000000000001e-05,0.0028
-1.2240000000000001e-05,0.0016
-1.2219999999999998e-05,0.0024000000000000002
-1.2199999999999998e-05,0.0024000000000000002
-1.2179999999999999e-05,0.0024000000000000002
-1.2159999999999999e-05,0.002
-1.2139999999999999e-05,0.0008
-1.212e-05,0.0004
-1.21e-05,0.0
-1.208e-05,0.0008
-1.206e-05,0.002
-1.204e-05,0.0036000000000000003
-1.202e-05,0.004
-1.2e-05,0.0028
-1.198e-05,0.0028
-1.196e-05,0.0036000000000000003
-1.1940000000000001e-05,0.0028
-1.1920000000000001e-05,0.0012000000000000001
-1.1900000000000001e-05,-0.0016
-1.1880000000000001e-05,0.0004
-1.1859999999999998e-05,0.0028
-1.1839999999999998e-05,0.0028
-1.1819999999999999e-05,0.0012000000000000001
-1.1799999999999999e-05,0.0012000000000000001
-1.1779999999999999e-05,0.0028
-1.176e-05,0.0028
-1.174e-05,0.0012000000000000001
-1.172e-05,0.0004
-1.17e-05,0.0008
-1.168e-05,0.0
-1.166e-05,0.002
-1.164e-05,0.002
-1.162e-05,0.0032
-1.16e-05,0.0028
-1.1580000000000001e-05,0.0012000000000000001
-1.1560000000000001e-05,0.002
-1.1540000000000001e-05,0.0028
-1.1519999999999998e-05,0.0024000000000000002
-1.1499999999999998e-05,0.0004
-1.1479999999999999e-05,-0.0004
-1.1459999999999999e-05,0.0028
-1.1439999999999999e-05,0.0036000000000000003
-1.1419999999999999e-05,0.0036000000000000003
-1.14e-05,0.0012000000000000001
-1.138e-05,0.0016
-1.136e-05,0.002
-1.134e-05,0.0012000000000000001
-1.132e-05,0.0012000000000000001
-1.13e-05,0.0004
-1.128e-05,0.002
-1.126e-05,0.002
-1.124e-05,0.0024000000000000002
-1.1220000000000001e-05,0.0028
-1.1200000000000001e-05,0.0032
-1.1180000000000001e-05,0.0012000000000000001
-1.1159999999999998e-05,0.0008
-1.1139999999999998e-05,0.0012000000000000001
-1.1119999999999999e-05,0.002
-1.1099999999999999e-05,0.0
-1.1079999999999999e-05,-0.0012000000000000001
-1.1059999999999999e-05,-0.0004
-1.104e-05,0.0032
-1.102e-05,0.0044
-1.1e-05,0.0036000000000000003
-1.098e-05,0.0028
-1.096e-05,0.0032
-1.094e-05,0.004
-1.092e-05,0.002
-1.09e-05,0.0016
-1.0880000000000001e-05,0.0
-1.0860000000000001e-05,0.0
-1.0840000000000001e-05,0.0016
-1.0820000000000001e-05,0.0032
-1.0799999999999998e-05,0.0044
-1.0779999999999998e-05,0.0036000000000000003
-1.0759999999999999e-05,0.0024000000000000002
-1.0739999999999999e-05,0.0028
-1.0719999999999999e-05,0.0028
-1.07e-05,0.002
-1.068e-05,-0.0008
-1.066e-05,-0.0012000000000000001
-1.064e-05,0.0016
-1.062e-05,0.0044
-1.06e-05,0.0036000000000000003
-1.058e-05,0.002
-1.056e-05,0.0024000000000000002
-1.054e-05,0.0032
-1.0520000000000001e-05,0.004
-1.0500000000000001e-05,0.0016
-1.0480000000000001e-05,0.0
-1.0459999999999998e-05,0.0012000000000000001
-1.0439999999999998e-05,0.0024000000000000002
-1.0419999999999998e-05,0.0028
-1.0399999999999999e-05,0.004
-1.0379999999999999e-05,0.004
-1.0359999999999999e-05,0.002
-1.034e-05,0.0008
-1.032e-05,0.0012000000000000001
-1.03e-05,0.002
-1.028e-05,0.0004
-1.026e-05,0.0
-1.024e-05,0.0004
-1.022e-05,0.0036000000000000003
-1.02e-05,0.005200000000000001
-1.018e-05,0.0024000000000000002
-1.0160000000000001e-05,0.0008
-1.0140000000000001e-05,0.0008
-1.0120000000000001e-05,0.0016
-1.0099999999999998e-05,0.0012000000000000001
-1.0079999999999998e-05,0.0004
-1.0059999999999999e-05,0.0012000000000000001
-1.0039999999999999e-05,0.0032
-1.0019999999999999e-05,0.0032
-9.999999999999999e-06,0.004
-9.98e-06,0.005200000000000001
-9.96e-06,0.0028
-9.94e-06,0.0016
-9.92e-06,0.0004
-9.9e-06,0.0008
-9.88e-06,0.002
-9.86e-06,0.0004
-9.84e-06,0.0
-9.820000000000001e-06,0.002
-9.800000000000001e-06,0.004
-9.780000000000001e-06,0.0056
-9.760000000000001e-06,0.0032
-9.739999999999998e-06,0.0016
-9.719999999999998e-06,0.0028
-9.699999999999999e-06,0.0028
-9.679999999999999e-06,0.0016
-9.659999999999999e-06,0.0
-9.64e-06,0.0008
-9.62e-06,0.002
-9.6e-06,0.0032
-9.58e-06,0.004
-9.56e-06,0.0044
-9.54e-06,0.0032
-9.52e-06,0.0028
-9.5e-06,0.0028
-9.48e-06,0.0024000000000000002
-9.460000000000001e-06,0.0012000000000000001
-9.440000000000001e-06,-0.0004
-9.420000000000001e-06,0.0
-9.399999999999998e-06,0.002
-9.379999999999998e-06,0.005200000000000001
-9.359999999999998e-06,0.0028
-9.339999999999999e-06,0.0012000000000000001
-9.319999999999999e-06,0.0016
-9.299999999999999e-06,0.002
-9.28e-06,0.002
-9.26e-06,0.0004
-9.24e-06,0.0
-9.22e-06,0.0016
-9.2e-06,0.0012000000000000001
-9.18e-06,0.0024000000000000002
-9.16e-06,0.0012000000000000001
-9.14e-06,0.0012000000000000001
-9.12e-06,-0.0004
-9.100000000000001e-06,-0.0016
-9.080000000000001e-06,0.0
-9.060000000000001e-06,0.0016
-9.039999999999998e-06,0.0008
-9.019999999999998e-06,0.0
-8.999999999999999e-06,0.0012000000000000001
-8.979999999999999e-06,0.0048000000000000004
-8.959999999999999e-06,0.0056
-8.939999999999999e-06,0.002
-8.92e-06,0.0
-8.9e-06,0.0012000000000000001
-8.88e-06,0.002
-8.86e-06,0.002
-8.84e-06,0.002
-8.82e-06,0.0032
-8.8e-06,0.0032
-8.78e-06,0.0044
-8.76e-06,0.0028
-8.740000000000001e-06,0.0036000000000000003
-8.720000000000001e-06,0.0028
-8.700000000000001e-06,0.0004
-8.679999999999998e-06,0.0
-8.659999999999998e-06,0.002
-8.639999999999999e-06,0.0028
-8.619999999999999e-06,0.0012000000000000001
-8.599999999999999e-06,0.0008
-8.58e-06,0.0028
-8.56e-06,0.005200000000000001
-8.54e-06,0.0044
-8.52e-06,0.0024000000000000002
-8.5e-06,0.002
-8.48e-06,0.0032
-8.46e-06,0.0036000000000000003
-8.44e-06,0.0024000000000000002
-8.42e-06,0.0012000000000000001
-8.400000000000001e-06,0.0016
-8.380000000000001e-06,0.0016
-8.360000000000001e-06,0.0028
-8.339999999999998e-06,0.0016
-8.319999999999998e-06,0.0016
-8.299999999999998e-06,0.0028
-8.279999999999999e-06,0.0024000000000000002
-8.259999999999999e-06,0.0028
-8.239999999999999e-06,0.0032
-8.22e-06,0.0016
-8.2e-06,-0.0004
-8.18e-06,0.0
-8.16e-06,0.0032
-8.14e-06,0.0036000000000000003
-8.12e-06,0.002
-8.1e-06,0.0008
-8.08e-06,0.0024000000000000002
-8.06e-06,0.0044
-8.040000000000001e-06,0.0036000000000000003
-8.020000000000001e-06,0.0024000000000000002
-8.000000000000001e-06,0.0016
-7.979999999999998e-06,0.0024000000000000002
-7.959999999999998e-06,0.0028
-7.939999999999999e-06,0.0028
-7.919999999999999e-06,0.0028
-7.899999999999999e-06,0.002
-7.879999999999999e-06,0.002
-7.86e-06,0.0016
-7.84e-06,0.002
-7.82e-06,0.0028
-7.8e-06,0.0028
-7.78e-06,0.0004
-7.76e-06,0.0012000000000000001
-7.74e-06,0.0044
-7.72e-06,0.0044
-7.7e-06,0.0024000000000000002
-7.680000000000001e-06,0.0
-7.660000000000001e-06,0.0008
-7.640000000000001e-06,0.002
-7.619999999999998e-06,0.0016
-7.599999999999998e-06,0.0024000000000000002
-7.579999999999999e-06,0.0028
-7.559999999999999e-06,0.0024000000000000002
-7.539999999999999e-06,0.0036000000000000003
-7.519999999999999e-06,0.0036000000000000003
-7.499999999999999e-06,0.0036000000000000003
-7.4799999999999995e-06,0.0016
-7.46e-06,0.0008
-7.44e-06,0.0008
-7.42e-06,0.0028
-7.4e-06,0.0032
-7.3800000000000005e-06,0.0012000000000000001
-7.360000000000001e-06,0.0016
-7.340000000000001e-06,0.0028
-7.320000000000001e-06,0.005200000000000001
-7.300000000000001e-06,0.0036000000000000003
-7.279999999999998e-06,0.0016
-7.259999999999998e-06,0.002
-7.2399999999999984e-06,0.0032
-7.219999999999999e-06,0.0032
-7.199999999999999e-06,0.002
-7.179999999999999e-06,0.0016
-7.159999999999999e-06,0.0024000000000000002
-7.139999999999999e-06,0.0032
-7.12e-06,0.002
-7.1e-06,0.0036000000000000003
-7.08e-06,0.0036000000000000003
-7.06e-06,0.0044
-7.04e-06,0.0028
-7.0200000000000006e-06,0.0028
-7.000000000000001e-06,0.0036000000000000003
-6.980000000000001e-06,0.002
-6.960000000000001e-06,-0.0008
-6.940000000000001e-06,-0.0004
-6.919999999999998e-06,0.0028
-6.899999999999998e-06,0.0048000000000000004
-6.8799999999999985e-06,0.0028
-6.859999999999999e-06,0.002
-6.839999999999999e-06,0.0032
-6.819999999999999e-06,0.0044
-6.799999999999999e-06,0.0036000000000000003
-6.7799999999999995e-06,0.0004
-6.76e-06,0.0008
-6.74e-06,0.0012000000000000001
-6.72e-06,0.0028
-6.7e-06,0.0028
-6.68e-06,0.0036000000000000003
-6.660000000000001e-06,0.0036000000000000003
-6.640000000000001e-06,0.0024000000000000002
-6.620000000000001e-06,0.0016
-6.600000000000001e-06,0.0024000000000000002
-6.580000000000001e-06,0.002
-6.559999999999998e-06,0.0016
-6.539999999999998e-06,0.0008
-6.5199999999999986e-06,0.0028
-6.499999999999999e-06,0.005200000000000001
-6.479999999999999e-06,0.0044
-6.459999999999999e-06,0.002
-6.439999999999999e-06,0.0008
-6.4199999999999995e-06,0.002
-6.4e-06,0.002
-6.38e-06,0.0012000000000000001
-6.36e-06,-0.0004
-6.34e-06,0.0016
-6.3200000000000005e-06,0.004
-6.300000000000001e-06,0.0048000000000000004
-6.280000000000001e-06,0.0044
-6.260000000000001e-06,0.004
-6.240000000000001e-06,0.002
-6.219999999999998e-06,0.0008
-6.199999999999998e-06,0.0008
-6.1799999999999984e-06,0.0016
-6.159999999999999e-06,0.0008
-6.139999999999999e-06,0.0008
-6.119999999999999e-06,0.0016
-6.099999999999999e-06,0.0044
-6.079999999999999e-06,0.0068000000000000005
-6.06e-06,0.0036000000000000003
-6.04e-06,0.0012000000000000001
-6.02e-06,0.002
-6e-06,0.002
-5.98e-06,0.0008
-5.9600000000000005e-06,0.0004
-5.940000000000001e-06,0.0004
-5.920000000000001e-06,0.0016
-5.900000000000001e-06,0.0032
-5.880000000000001e-06,0.0036000000000000003
-5.859999999999998e-06,0.0036000000000000003
-5.839999999999998e-06,0.0036000000000000003
-5.8199999999999985e-06,0.0032
-5.799999999999999e-06,0.0024000000000000002
-5.779999999999999e-06,0.0024000000000000002
-5.759999999999999e-06,0.0028
-5.739999999999999e-06,0.0008
-5.7199999999999994e-06,0.0008
-5.7e-06,0.0016
-5.68e-06,0.0048000000000000004
-5.66e-06,0.0056
-5.64e-06,0.0032
-5.62e-06,0.0024000000000000002
-5.600000000000001e-06,0.0028
-5.580000000000001e-06,0.0044
-5.560000000000001e-06,0.0032
-5.540000000000001e-06,0.0008
-5.520000000000001e-06,0.0016
-5.499999999999998e-06,0.0032
-5.479999999999998e-06,0.004
-5.4599999999999985e-06,0.0036000000000000003
-5.439999999999999e-06,0.0028
-5.419999999999999e-06,0.0028
-5.399999999999999e-06,0.002
-5.379999999999999e-06,0.0016
-5.3599999999999995e-06,0.0016
-5.34e-06,0.0024000000000000002
-5.32e-06,0.0016
-5.3e-06,0.0012000000000000001
-5.28e-06,0.0036000000000000003
-5.2600000000000005e-06,0.006
-5.240000000000001e-06,0.004
-5.220000000000001e-06,0.0008
-5.200000000000001e-06,-0.0008
-5.180000000000001e-06,0.0016
-5.159999999999998e-06,0.002
-5.139999999999998e-06,0.0008
-5.119999999999998e-06,0.0004
-5.099999999999999e-06,0.0016
-5.079999999999999e-06,0.004
-5.059999999999999e-06,0.0044
-5.039999999999999e-06,0.0032
-5.019999999999999e-06,0.0024000000000000002
-4.9999999999999996e-06,0.0012000000000000001
-4.98e-06,-0.0004
-4.96e-06,0.0
-4.94e-06,0.0012000000000000001
-4.92e-06,0.0024000000000000002
-4.9000000000000005e-06,0.002
-4.880000000000001e-06,0.0028
-4.860000000000001e-06,0.0056
-4.840000000000001e-06,0.0048000000000000004
-4.820000000000001e-06,0.0032
-4.799999999999998e-06,0.0012000000000000001
-4.779999999999998e-06,-0.0004
-4.7599999999999985e-06,0.0016
-4.739999999999999e-06,0.0016
-4.719999999999999e-06,0.0
-4.699999999999999e-06,0.0012000000000000001
-4.679999999999999e-06,0.0028
-4.6599999999999994e-06,0.0044
-4.64e-06,0.0028
-4.62e-06,0.0024000000000000002
-4.6e-06,0.002
-4.58e-06,0.002
-4.56e-06,0.0012000000000000001
-4.540000000000001e-06,0.0024000000000000002
-4.520000000000001e-06,0.0032
-4.500000000000001e-06,0.0024000000000000002
-4.480000000000001e-06,0.0016
-4.460000000000001e-06,0.0016
-4.439999999999998e-06,0.004
-4.419999999999998e-06,0.004
-4.3999999999999985e-06,0.0024000000000000002
-4.379999999999999e-06,0.0016
-4.359999999999999e-06,0.0028
-4.339999999999999e-06,0.004
-4.319999999999999e-06,0.0032
-4.2999999999999995e-06,0.0016
-4.28e-06,0.0024000000000000002
-4.26e-06,0.002
-4.24e-06,0.002
-4.22e-06,0.0028
-4.2000000000000004e-06,0.0016
-4.180000000000001e-06,0.0016
-4.160000000000001e-06,0.002
-4.140000000000001e-06,0.002
-4.120000000000001e-06,0.0028
-4.099999999999998e-06,0.0024000000000000002
-4.079999999999998e-06,0.0012000000000000001
-4.059999999999998e-06,0.0028
-4.039999999999999e-06,0.004
-4.019999999999999e-06,0.004
-3.999999999999999e-06,0.002
-3.979999999999999e-06,-0.0012000000000000001
-3.959999999999999e-06,-0.0016
-3.9399999999999995e-06,0.0016
-3.92e-06,0.0028
-3.9e-06,0.0008
-3.88e-06,0.0028
-3.86e-06,0.0028
-3.8400000000000005e-06,0.005200000000000001
-3.820000000000001e-06,0.0032
-3.800000000000001e-06,0.002
-3.780000000000001e-06,0.002
-3.7600000000000013e-06,0.0008
-3.739999999999998e-06,0.0012000000000000001
-3.7199999999999983e-06,0.0016
-3.6999999999999985e-06,0.0028
-3.6799999999999986e-06,0.0024000000000000002
-3.659999999999999e-06,0.002
-3.639999999999999e-06,0.0028
-3.6199999999999992e-06,0.0048000000000000004
-3.5999999999999994e-06,0.004
-3.5799999999999996e-06,0.0008
-3.56e-06,0.0
-3.54e-06,0.0012000000000000001
-3.52e-06,0.0024000000000000002
-3.5000000000000004e-06,0.0012000000000000001
-3.4800000000000006e-06,0.0012000000000000001
-3.4600000000000008e-06,0.0016
-3.440000000000001e-06,0.0032
-3.420000000000001e-06,0.0048000000000000004
-3.4000000000000013e-06,0.0028
-3.379999999999998e-06,0.0016
-3.3599999999999983e-06,0.0024000000000000002
-3.3399999999999985e-06,0.0028
-3.3199999999999987e-06,0.0032
-3.299999999999999e-06,0.0032
-3.279999999999999e-06,0.0028
-3.2599999999999993e-06,0.002
-3.2399999999999995e-06,0.0016
-3.2199999999999997e-06,0.0024000000000000002
-3.2e-06,0.004
-3.18e-06,0.0036000000000000003
-3.1600000000000002e-06,0.0012000000000000001
-3.1400000000000004e-06,0.0016
-3.1200000000000006e-06,0.004
-3.100000000000001e-06,0.0048000000000000004
-3.080000000000001e-06,0.0028
-3.060000000000001e-06,0.0004
-3.039999999999998e-06,0.0012000000000000001
-3.019999999999998e-06,0.0028
-2.9999999999999984e-06,0.0024000000000000002
-2.9799999999999986e-06,0.002
-2.9599999999999988e-06,0.0016
-2.939999999999999e-06,0.002
-2.919999999999999e-06,0.002
-2.8999999999999993e-06,0.0032
-2.8799999999999995e-06,0.0028
-2.8599999999999997e-06,0.002
-2.84e-06,0.0012000000000000001
-2.82e-06,0.002
-2.8000000000000003e-06,0.0028
-2.7800000000000005e-06,0.0036000000000000003
-2.7600000000000007e-06,0.002
-2.740000000000001e-06,-0.0004
-2.720000000000001e-06,0.0008
-2.7000000000000013e-06,0.0028
-2.679999999999998e-06,0.0024000000000000002
-2.6599999999999982e-06,0.002
-2.6399999999999984e-06,0.002
-2.6199999999999986e-06,0.004
-2.599999999999999e-06,0.0056
-2.579999999999999e-06,0.004
-2.559999999999999e-06,0.0024000000000000002
-2.5399999999999994e-06,0.002
-2.5199999999999996e-06,0.0016
-2.4999999999999998e-06,0.0008
-2.48e-06,0.0008
-2.46e-06,0.0024000000000000002
-2.4400000000000004e-06,0.0024000000000000002
-2.4200000000000005e-06,0.0016
-2.4000000000000007e-06,0.0024000000000000002
-2.380000000000001e-06,0.004
-2.360000000000001e-06,0.0048000000000000004
-2.339999999999998e-06,0.002
-2.319999999999998e-06,0.0004
-2.2999999999999983e-06,0.0012000000000000001
-2.2799999999999985e-06,0.0032
-2.2599999999999987e-06,0.002
-2.239999999999999e-06,0.0012000000000000001
-2.219999999999999e-06,0.0012000000000000001
-2.1999999999999993e-06,0.0032
-2.1799999999999995e-06,0.004
-2.1599999999999996e-06,0.0036000000000000003
-2.14e-06,0.0036000000000000003
-2.12e-06,0.0036000000000000003
-2.1000000000000002e-06,0.0028
-2.0800000000000004e-06,0.002
-2.0600000000000006e-06,0.002
-2.040000000000001e-06,0.002
-2.020000000000001e-06,0.0004
-2.000000000000001e-06,-0.0004
-1.979999999999998e-06,0.0024000000000000002
-1.959999999999998e-06,0.0044
-1.9399999999999984e-06,0.004
-1.9199999999999986e-06,0.0008
-1.8999999999999987e-06,0.0012000000000000001
-1.879999999999999e-06,0.0028
-1.8599999999999991e-06,0.004
-1.8399999999999993e-06,0.0016
-1.8199999999999995e-06,0.0
-1.7999999999999997e-06,0.0016
-1.78e-06,0.0028
-1.76e-06,0.0032
-1.7400000000000003e-06,0.002
-1.7200000000000005e-06,0.0012000000000000001
-1.7000000000000007e-06,0.0028
-1.6800000000000009e-06,0.0024000000000000002
-1.660000000000001e-06,0.0016
-1.6400000000000012e-06,0.002
-1.619999999999998e-06,0.0016
-1.5999999999999982e-06,0.0012000000000000001
-1.5799999999999984e-06,0.0024000000000000002
-1.5599999999999986e-06,0.0044
-1.5399999999999988e-06,0.004
-1.519999999999999e-06,0.0016
-1.4999999999999992e-06,-0.0008
-1.4799999999999994e-06,0.0
-1.4599999999999996e-06,0.0024000000000000002
-1.4399999999999998e-06,0.002
-1.42e-06,0.0
-1.4000000000000001e-06,0.0016
-1.3800000000000003e-06,0.0036000000000000003
-1.3600000000000005e-06,0.0056
-1.3400000000000007e-06,0.004
-1.320000000000001e-06,0.0024000000000000002
-1.300000000000001e-06,0.0016
-1.279999999999998e-06,0.0008
-1.259999999999998e-06,0.0004
-1.2399999999999983e-06,0.0004
-1.2199999999999985e-06,0.002
-1.1999999999999987e-06,0.0024000000000000002
-1.1799999999999989e-06,0.002
-1.159999999999999e-06,0.004
-1.1399999999999992e-06,0.0048000000000000004
-1.1199999999999994e-06,0.0028
-1.0999999999999996e-06,0.0
-1.0799999999999998e-06,-0.0004
-1.06e-06,0.0008
-1.0400000000000002e-06,0.0016
-1.0200000000000004e-06,0.0012000000000000001
-1.0000000000000006e-06,0.0004
-9.800000000000008e-07,0.0028
-9.60000000000001e-07,0.0036000000000000003
-9.400000000000012e-07,0.0044
-9.19999999999998e-07,0.0032
-8.999999999999982e-07,0.0024000000000000002
-8.799999999999984e-07,0.0016
-8.599999999999985e-07,0.0008
-8.399999999999987e-07,0.0012000000000000001
-8.199999999999989e-07,0.002
-7.999999999999991e-07,0.002
-7.799999999999993e-07,0.0012000000000000001
-7.599999999999995e-07,0.0012000000000000001
-7.399999999999997e-07,0.0016
-7.199999999999999e-07,0.0036000000000000003
-7.000000000000001e-07,0.0016
-6.800000000000003e-07,-0.0004
-6.600000000000005e-07,-0.0004
-6.400000000000006e-07,0.0024000000000000002
-6.200000000000008e-07,0.0044
-6.00000000000001e-07,0.0012000000000000001
-5.800000000000012e-07,0.0
-5.59999999999998e-07,0.0028
-5.399999999999982e-07,0.0032
-5.199999999999984e-07,0.0024000000000000002
-4.999999999999986e-07,0.0004
-4.799999999999988e-07,0.0008
-4.59999999999999e-07,0.0012000000000000001
-4.399999999999992e-07,0.0016
-4.1999999999999937e-07,0.0012000000000000001
-3.9999999999999956e-07,0.002
-3.7999999999999975e-07,0.0032
-3.5999999999999994e-07,0.0036000000000000003
-3.4000000000000013e-07,0.0028
-3.200000000000003e-07,0.004
-3.000000000000005e-07,0.0032
-2.800000000000007e-07,0.0
-2.600000000000009e-07,0.0
-2.400000000000011e-07,0.0008
-2.199999999999979e-07,0.0028
-1.9999999999999809e-07,0.0032
-1.7999999999999828e-07,0.002
-1.5999999999999847e-07,0.0032
-1.3999999999999866e-07,0.005200000000000001
-1.1999999999999885e-07,0.0048000000000000004
-9.999999999999904e-08,0.0032
-7.999999999999923e-08,0.0008
-5.999999999999943e-08,0.0008
-3.999999999999962e-08,0.0
-1.999999999999981e-08,-0.0004
0.0,0.0
1.999999999999981e-08,0.0016
3.999999999999962e-08,0.0036000000000000003
5.999999999999943e-08,0.0028
7.999999999999923e-08,0.0024000000000000002
9.999999999999904e-08,0.0044
1.1999999999999885e-07,0.0024000000000000002
1.4000000000000205e-07,-0.0016
1.6000000000000186e-07,-0.0012000000000000001
1.8000000000000166e-07,0.0
2.0000000000000147e-07,0.0024000000000000002
2.2000000000000128e-07,0.0024000000000000002
2.400000000000011e-07,0.0012000000000000001
2.600000000000009e-07,0.0024000000000000002
2.800000000000007e-07,0.0044
3.000000000000005e-07,0.0036000000000000003
3.200000000000003e-07,0.0016
3.4000000000000013e-07,0.0008
3.5999999999999994e-07,0.0004
3.7999999999999975e-07,0.0012000000000000001
3.9999999999999956e-07,0.0012000000000000001
4.1999999999999937e-07,0.002
4.399999999999992e-07,0.0012000000000000001
4.59999999999999e-07,0.0008
4.799999999999988e-07,0.0004
5.00000000000002e-07,0.0016
5.200000000000018e-07,0.0024000000000000002
5.400000000000016e-07,0.0008
5.600000000000014e-07,-0.0008
5.800000000000012e-07,0.0016
6.00000000000001e-07,0.0036000000000000003
6.200000000000008e-07,0.0048000000000000004
6.400000000000006e-07,0.002
6.600000000000005e-07,0.0012000000000000001
6.800000000000003e-07,0.0024000000000000002
7.000000000000001e-07,0.0028
7.199999999999999e-07,0.002
7.399999999999997e-07,0.0004
7.599999999999995e-07,0.0008
7.799999999999993e-07,0.0028
7.999999999999991e-07,0.0036000000000000003
8.199999999999989e-07,0.0028
8.400000000000021e-07,0.0032
8.600000000000019e-07,0.0032
8.800000000000017e-07,0.0028
9.000000000000015e-07,0.0028
9.200000000000014e-07,0.0028
9.400000000000012e-07,0.0024000000000000002
9.60000000000001e-07,-0.0004
9.800000000000008e-07,-0.0008
1.0000000000000006e-06,0.0008
1.0200000000000004e-06,0.004
1.0400000000000002e-06,0.0028
1.06e-06,0.0016
1.0799999999999998e-06,0.002
1.0999999999999996e-06,0.004
1.1199999999999994e-06,0.0032
1.1399999999999992e-06,0.0012000000000000001
1.159999999999999e-06,-0.0008
1.1799999999999989e-06,0.0
1.200000000000002e-06,0.0012000000000000001
1.2200000000000019e-06,0.0012000000000000001
1.2400000000000017e-06,0.0016
1.2600000000000015e-06,0.0032
1.2800000000000013e-06,0.0036000000000000003
1.300000000000001e-06,0.0028
1.320000000000001e-06,0.0036000000000000003
1.3400000000000007e-06,0.0032
1.3600000000000005e-06,0.002
1.3800000000000003e-06,-0.0012000000000000001
1.4000000000000001e-06,-0.0012000000000000001
1.42e-06,0.0016
1.4399999999999998e-06,0.0032
1.4599999999999996e-06,0.0012000000000000001
1.4799999999999994e-06,0.0004
1.4999999999999992e-06,0.0016
1.519999999999999e-06,0.004
1.5400000000000022e-06,0.004
1.5599999999999986e-06,0.0012000000000000001
1.5800000000000018e-06,0.0004
1.5999999999999982e-06,0.0016
1.6200000000000014e-06,0.0028
1.6399999999999979e-06,0.0028
1.660000000000001e-06,0.0024000000000000002
1.6799999999999975e-06,0.0028
1.7000000000000007e-06,0.0024000000000000002
1.7200000000000039e-06,0.0024000000000000002
1.7400000000000003e-06,0.0028
1.7600000000000035e-06,0.0024000000000000002
1.78e-06,0.0016
1.800000000000003e-06,0.0012000000000000001
1.8199999999999995e-06,0.0032
1.8400000000000027e-06,0.0044
1.8599999999999991e-06,0.0036000000000000003
1.8800000000000023e-06,0.0016
1.8999999999999987e-06,0.0
1.920000000000002e-06,0.0024000000000000002
1.9399999999999984e-06,0.002
1.9600000000000016e-06,0.0012000000000000001
1.979999999999998e-06,0.0004
2.000000000000001e-06,0.0016
2.0199999999999976e-06,0.0036000000000000003
2.040000000000001e-06,0.0032
2.0599999999999972e-06,0.0024000000000000002
2.0800000000000004e-06,0.0016
2.1000000000000036e-06,0.002
2.12e-06,0.002
2.1400000000000032e-06,0.0016
2.1599999999999996e-06,0.0024000000000000002
2.180000000000003e-06,0.0016
2.1999999999999993e-06,0.0012000000000000001
2.2200000000000025e-06,0.0004
2.239999999999999e-06,0.002
2.260000000000002e-06,0.0036000000000000003
2.2799999999999985e-06,0.0024000000000000002
2.3000000000000017e-06,0.0012000000000000001
2.319999999999998e-06,0.002
2.3400000000000013e-06,0.0036000000000000003
2.3599999999999977e-06,0.0032
2.380000000000001e-06,0.0016
2.3999999999999974e-06,0.0004
2.4200000000000005e-06,0.0004
2.4400000000000037e-06,0.0012000000000000001
2.46e-06,0.0004
2.4800000000000034e-06,0.0008
2.4999999999999998e-06,0.002
2.520000000000003e-06,0.002
2.5399999999999994e-06,0.0028
2.5600000000000026e-06,0.0032
2.579999999999999e-06,0.004
2.600000000000002e-06,0.002
2.6199999999999986e-06,0.0
2.640000000000002e-06,-0.0004
2.6599999999999982e-06,0.002
2.6800000000000014e-06,0.0024000000000000002
2.699999999999998e-06,0.0008
2.720000000000001e-06,0.0004
2.7399999999999975e-06,0.0028
2.7600000000000007e-06,0.0056
2.780000000000004e-06,0.0036000000000000003
2.8000000000000003e-06,0.0
2.8200000000000035e-06,0.0
2.84e-06,0.0008
2.860000000000003e-06,0.0016
2.8799999999999995e-06,0.0004
2.9000000000000027e-06,0.0016
2.919999999999999e-06,0.002
2.9400000000000023e-06,0.0016
2.9599999999999988e-06,0.0024000000000000002
2.980000000000002e-06,0.0028
2.9999999999999984e-06,0.0024000000000000002
3.0200000000000016e-06,0.0016
3.039999999999998e-06,0.0
3.060000000000001e-06,0.0012000000000000001
3.0799999999999976e-06,0.0032
3.100000000000001e-06,0.0028
3.1199999999999972e-06,0.0004
3.1400000000000004e-06,0.0004
3.1600000000000036e-06,0.0024000000000000002
3.18e-06,0.0032
3.2000000000000032e-06,0.0004
3.2199999999999997e-06,-0.0004
3.240000000000003e-06,0.0012000000000000001
3.2599999999999993e-06,0.0028
3.2800000000000025e-06,0.0024000000000000002
3.299999999999999e-06,0.0016
3.320000000000002e-06,0.0016
3.3399999999999985e-06,0.002
3.3600000000000017e-06,0.002
3.379999999999998e-06,0.0024000000000000002
3.4000000000000013e-06,0.0024000000000000002
3.4199999999999977e-06,0.0008
3.440000000000001e-06,0.0
3.4599999999999974e-06,0.0004
3.4800000000000006e-06,0.0016
3.5000000000000038e-06,0.0028
3.52e-06,0.0024000000000000002
3.5400000000000034e-06,0.0012000000000000001
3.56e-06,0.0024000000000000002
3.580000000000003e-06,0.005200000000000001
3.5999999999999994e-06,0.0044
3.6200000000000026e-06,0.0008
3.639999999999999e-06,-0.0004
3.6600000000000022e-06,0.0
3.6799999999999986e-06,0.0012000000000000001
3.700000000000002e-06,0.0012000000000000001
3.7199999999999983e-06,0.0008
3.7400000000000015e-06,0.0028
3.759999999999998e-06,0.0048000000000000004
3.780000000000001e-06,0.0048000000000000004
3.7999999999999975e-06,0.0036000000000000003
3.820000000000001e-06,0.0024000000000000002
3.840000000000004e-06,0.0008
3.86e-06,-0.0008
3.8800000000000035e-06,0.0012000000000000001
3.9e-06,0.002
3.920000000000003e-06,0.0028
3.9399999999999995e-06,0.0012000000000000001
3.960000000000003e-06,0.002
3.979999999999999e-06,0.004
4.000000000000002e-06,0.004
4.019999999999999e-06,0.0024000000000000002
4.040000000000002e-06,0.0004
4.059999999999998e-06,0.0
4.080000000000002e-06,0.002
4.099999999999998e-06,0.0016
4.120000000000001e-06,0.0012000000000000001
4.139999999999998e-06,0.002
4.160000000000001e-06,0.0028
4.179999999999997e-06,0.004
4.2000000000000004e-06,0.0028
4.220000000000004e-06,0.0016
4.24e-06,0.002
4.260000000000003e-06,0.0016
4.28e-06,0.0016
4.300000000000003e-06,0.0028
4.319999999999999e-06,0.004
4.3400000000000025e-06,0.0032
4.359999999999999e-06,0.002
4.380000000000002e-06,0.002
4.3999999999999985e-06,0.0024000000000000002
4.420000000000002e-06,0.002
4.439999999999998e-06,0.0
4.460000000000001e-06,-0.0012000000000000001
4.479999999999998e-06,0.0008
4.500000000000001e-06,0.0028
4.519999999999997e-06,0.0032
4.540000000000001e-06,0.0032
4.560000000000004e-06,0.0036000000000000003
4.58e-06,0.0036000000000000003
4.600000000000003e-06,0.0024000000000000002
4.62e-06,0.002
4.640000000000003e-06,0.0016
4.6599999999999994e-06,0.0004
4.680000000000003e-06,0.0
4.699999999999999e-06,0.0012000000000000001
4.720000000000002e-06,0.0044
4.739999999999999e-06,0.004
4.760000000000002e-06,0.0032
4.779999999999998e-06,0.0028
4.8000000000000015e-06,0.0032
4.819999999999998e-06,0.0044
4.840000000000001e-06,0.004
4.8599999999999975e-06,0.0004
4.880000000000001e-06,-0.0008
4.900000000000004e-06,0.0012000000000000001
4.92e-06,0.0028
4.9400000000000035e-06,0.0024000000000000002
4.96e-06,0.0028
4.980000000000003e-06,0.004
4.9999999999999996e-06,0.004
5.020000000000003e-06,0.0044
5.039999999999999e-06,0.0036000000000000003
5.060000000000002e-06,0.0016
5.079999999999999e-06,0.0012000000000000001
5.100000000000002e-06,0.0004
5.119999999999998e-06,0.0008
5.140000000000002e-06,0.0028
5.159999999999998e-06,0.0036000000000000003
5.180000000000001e-06,0.002
5.199999999999998e-06,0.0012000000000000001
5.220000000000001e-06,0.0024000000000000002
5.239999999999997e-06,0.0036000000000000003
5.2600000000000005e-06,0.0028
5.280000000000004e-06,-0.0004
5.3e-06,-0.0004
5.320000000000003e-06,0.0028
5.34e-06,0.0032
5.360000000000003e-06,0.0024000000000000002
5.379999999999999e-06,0.0028
5.4000000000000025e-06,0.0028
5.419999999999999e-06,0.0032
5.440000000000002e-06,0.0028
5.4599999999999985e-06,0.0016
5.480000000000002e-06,0.0016
5.499999999999998e-06,0.0024000000000000002
5.520000000000001e-06,0.0024000000000000002
5.539999999999998e-06,0.0036000000000000003
5.560000000000001e-06,0.0036000000000000003
5.579999999999997e-06,0.0036000000000000003
5.600000000000001e-06,0.0008
5.620000000000004e-06,0.0004
5.64e-06,0.0012000000000000001
5.660000000000003e-06,0.002
5.68e-06,-0.0004
5.700000000000003e-06,-0.0004
5.7199999999999994e-06,0.002
5.740000000000003e-06,0.0048000000000000004
5.759999999999999e-06,0.004
5.780000000000002e-06,0.0028
5.799999999999999e-06,0.0028
5.820000000000002e-06,0.0024000000000000002
5.839999999999998e-06,0.0024000000000000002
5.8600000000000015e-06,0.0016
5.879999999999998e-06,0.0012000000000000001
5.900000000000001e-06,0.0008
5.9199999999999975e-06,0.0008
5.940000000000001e-06,0.0028
5.960000000000004e-06,0.005200000000000001
5.98e-06,0.0048000000000000004
6.0000000000000035e-06,0.0028
6.02e-06,0.0016
6.040000000000003e-06,0.0024000000000000002
6.06e-06,0.0044
6.080000000000003e-06,0.0024000000000000002
6.099999999999999e-06,0.0
6.120000000000002e-06,0.0
6.139999999999999e-06,0.0028
6.160000000000002e-06,0.0044
6.1799999999999984e-06,0.002
6.200000000000002e-06,0.0016
6.219999999999998e-06,0.0036000000000000003
6.240000000000001e-06,0.005200000000000001
6.259999999999998e-06,0.004
6.280000000000001e-06,0.0028
6.299999999999997e-06,0.0012000000000000001
6.3200000000000005e-06,0.0012000000000000001
6.340000000000004e-06,0.0008
6.36e-06,0.0024000000000000002
6.380000000000003e-06,0.0032
6.4e-06,0.0024000000000000002
6.420000000000003e-06,0.0016
6.439999999999999e-06,0.0024000000000000002
6.4600000000000025e-06,0.0036000000000000003
6.479999999999999e-06,0.004
6.500000000000002e-06,0.002
6.5199999999999986e-06,-0.0004
6.540000000000002e-06,0.0012000000000000001
6.559999999999998e-06,0.0028
6.580000000000001e-06,0.0024000000000000002
6.599999999999998e-06,0.0016
6.620000000000001e-06,0.0016
6.639999999999997e-06,0.0028
6.660000000000001e-06,0.0024000000000000002
6.680000000000004e-06,0.0016
6.7e-06,0.0016
6.720000000000003e-06,0.0024000000000000002
6.74e-06,0.002
6.760000000000003e-06,0.0016
6.7799999999999995e-06,0.0032
6.800000000000003e-06,0.0036000000000000003
6.819999999999999e-06,0.0024000000000000002
6.840000000000002e-06,0.0
6.859999999999999e-06,0.0004
6.880000000000002e-06,0.0024000000000000002
6.899999999999998e-06,0.0024000000000000002
6.9200000000000015e-06,0.002
6.939999999999998e-06,0.0012000000000000001
6.960000000000001e-06,0.0032
6.9799999999999975e-06,0.0044
7.000000000000001e-06,0.0044
7.020000000000004e-06,0.002
7.04e-06,0.0012000000000000001
7.0600000000000036e-06,0.002
7.08e-06,0.002
7.100000000000003e-06,0.0012000000000000001
7.12e-06,0.0008
7.140000000000003e-06,0.002
7.159999999999999e-06,0.0032
7.180000000000002e-06,0.0024000000000000002
7.199999999999999e-06,0.0032
7.220000000000002e-06,0.0036000000000000003
7.2399999999999984e-06,0.0032
7.260000000000002e-06,0.0024000000000000002
7.279999999999998e-06,0.0036000000000000003
7.300000000000001e-06,0.0044
7.319999999999998e-06,0.0024000000000000002
7.340000000000001e-06,0.0004
7.359999999999997e-06,0.0004
7.3800000000000005e-06,0.0024000000000000002
7.400000000000004e-06,0.0036000000000000003
7.42e-06,0.002
7.440000000000003e-06,0.0024000000000000002
7.46e-06,0.0036000000000000003
7.480000000000003e-06,0.004
7.499999999999999e-06,0.0044
7.5200000000000025e-06,0.0028
7.539999999999999e-06,0.002
7.560000000000002e-06,0.002
7.579999999999999e-06,0.0012000000000000001
7.600000000000002e-06,0.0012000000000000001
7.619999999999998e-06,0.0024000000000000002
7.640000000000001e-06,0.0028
7.659999999999998e-06,0.002
7.680000000000001e-06,0.002
7.699999999999997e-06,0.0048000000000000004
7.72e-06,0.0044
7.740000000000004e-06,0.0016
7.76e-06,-0.0004
7.780000000000003e-06,0.0004
7.8e-06,0.0028
7.820000000000003e-06,0.0036000000000000003
7.84e-06,0.0012000000000000001
7.860000000000003e-06,0.002
7.879999999999999e-06,0.0036000000000000003
7.900000000000002e-06,0.004
7.919999999999999e-06,0.0028
7.940000000000002e-06,0.0012000000000000001
7.959999999999998e-06,0.0016
7.980000000000002e-06,0.0012000000000000001
7.999999999999998e-06,0.002
8.020000000000001e-06,0.0028
8.039999999999998e-06,0.004
8.06e-06,0.0024000000000000002
8.080000000000004e-06,0.0008
8.1e-06,0.0016
8.120000000000004e-06,0.0024000000000000002
8.14e-06,0.0028
8.160000000000003e-06,0.0016
8.18e-06,0.0004
8.200000000000003e-06,0.0036000000000000003
8.22e-06,0.0056
8.240000000000002e-06,0.0044
8.259999999999999e-06,0.0036000000000000003
8.280000000000002e-06,0.0028
8.299999999999998e-06,0.0036000000000000003
8.320000000000002e-06,0.0032
8.339999999999998e-06,0.0008
8.360000000000001e-06,0.0004
8.379999999999998e-06,0.0012000000000000001
8.400000000000001e-06,0.0024000000000000002
8.419999999999997e-06,0.0028
8.44e-06,0.0044
8.460000000000004e-06,0.004
8.48e-06,0.0028
8.500000000000003e-06,0.002
8.52e-06,0.0028
8.540000000000003e-06,0.0032
8.56e-06,0.0012000000000000001
8.580000000000003e-06,0.0
8.599999999999999e-06,0.0016
8.620000000000002e-06,0.0032
8.639999999999999e-06,0.0036000000000000003
8.660000000000002e-06,0.0024000000000000002
8.679999999999998e-06,0.0024000000000000002
8.700000000000001e-06,0.0036000000000000003
8.719999999999998e-06,0.0044
8.740000000000001e-06,0.0024000000000000002
8.759999999999997e-06,0.0008
8.78e-06,0.0
8.800000000000004e-06,0.0012000000000000001
8.82e-06,0.0012000000000000001
8.840000000000003e-06,0.0028
8.86e-06,0.0036000000000000003
8.880000000000003e-06,0.0028
8.9e-06,0.0024000000000000002
8.920000000000003e-06,0.0044
8.939999999999999e-06,0.004
8.960000000000002e-06,0.0032
8.979999999999999e-06,0.0012000000000000001
9.000000000000002e-06,0.0008
9.019999999999998e-06,0.0016
9.040000000000002e-06,0.005200000000000001
9.059999999999998e-06,0.004
9.080000000000001e-06,0.0016
9.099999999999998e-06,0.0032
9.12e-06,0.0044
9.140000000000004e-06,0.0032
9.16e-06,0.0024000000000000002
9.180000000000004e-06,0.0008
9.2e-06,0.0008
9.220000000000003e-06,0.002
9.24e-06,0.0032
9.260000000000003e-06,0.0032
9.28e-06,0.0044
9.300000000000002e-06,0.0028
9.319999999999999e-06,0.0016
9.340000000000002e-06,0.002
9.359999999999998e-06,0.0016
9.380000000000002e-06,0.0012000000000000001
9.399999999999998e-06,0.0016
9.420000000000001e-06,0.002
9.439999999999998e-06,0.0044
9.460000000000001e-06,0.0064
9.479999999999997e-06,0.0044
9.5e-06,0.0032
9.520000000000004e-06,0.0024000000000000002
9.54e-06,0.0032
9.560000000000003e-06,0.0004
9.58e-06,-0.0004
9.600000000000003e-06,0.0
9.62e-06,0.0016
9.640000000000003e-06,0.0032
9.659999999999999e-06,0.0036000000000000003
9.680000000000002e-06,0.0032
9.699999999999999e-06,0.004
9.720000000000002e-06,0.0024000000000000002
9.739999999999998e-06,0.0012000000000000001
9.760000000000001e-06,0.0016
9.779999999999998e-06,0.002
9.800000000000001e-06,0.0008
9.819999999999997e-06,0.0
9.84e-06,0.002
9.860000000000004e-06,0.0032
9.88e-06,0.0048000000000000004
9.900000000000003e-06,0.0028
9.92e-06,0.002
9.940000000000003e-06,0.0036000000000000003
9.96e-06,0.004
9.980000000000003e-06,0.0024000000000000002
9.999999999999999e-06,0.0008
1.0020000000000002e-05,0.0016
1.0039999999999999e-05,0.0028
1.0060000000000002e-05,0.0032
1.0079999999999998e-05,0.0028
1.0100000000000002e-05,0.0032
1.0119999999999998e-05,0.0024000000000000002
1.0140000000000001e-05,0.0016
1.0159999999999998e-05,0.002
1.018e-05,0.0036000000000000003
1.0200000000000004e-05,0.0032
1.022e-05,0.0024000000000000002
1.0240000000000004e-05,0.0004
1.026e-05,0.0028
1.0280000000000003e-05,0.0044
1.03e-05,0.004
1.0320000000000003e-05,0.0024000000000000002
1.034e-05,0.0016
1.0360000000000002e-05,0.0028
1.0379999999999999e-05,0.0032
1.0400000000000002e-05,0.0012000000000000001
1.0419999999999998e-05,0.0012000000000000001
1.0440000000000002e-05,0.0016
1.0459999999999998e-05,0.0036000000000000003
1.0480000000000001e-05,0.0036000000000000003
1.0499999999999998e-05,0.0036000000000000003
1.0520000000000001e-05,0.0028
1.0539999999999997e-05,0.0008
1.056e-05,0.0004
1.0580000000000004e-05,0.0012000000000000001
1.06e-05,0.0016
1.0620000000000003e-05,0.0012000000000000001
1.064e-05,0.0012000000000000001
1.0660000000000003e-05,0.0028
1.068e-05,0.006
1.0700000000000003e-05,0.005200000000000001
1.0719999999999999e-05,0.0032
1.0740000000000002e-05,0.0016
1.0759999999999999e-05,0.0012000000000000001
1.0780000000000002e-05,0.0016
1.0799999999999998e-05,0.0008
1.0820000000000001e-05,0.0
1.0839999999999998e-05,0.0004
1.0860000000000001e-05,0.0024000000000000002
1.0879999999999997e-05,0.0044
1.09e-05,0.0036000000000000003
1.0920000000000004e-05,0.004
1.094e-05,0.002
1.0960000000000003e-05,0.0012000000000000001
1.098e-05,0.0004
1.1000000000000003e-05,0.0008
1.102e-05,0.0012000000000000001
1.1040000000000003e-05,0.0016
1.1059999999999999e-05,0.0012000000000000001
1.1080000000000002e-05,0.0028
1.1099999999999999e-05,0.005200000000000001
1.1120000000000002e-05,0.0028
1.1139999999999998e-05,0.0012000000000000001
1.1160000000000002e-05,0.0012000000000000001
1.1179999999999998e-05,0.004
1.1200000000000001e-05,0.0044
1.1219999999999998e-05,0.0012000000000000001
1.124e-05,0.0012000000000000001
1.1260000000000004e-05,0.0024000000000000002
1.128e-05,0.0032
1.1300000000000004e-05,0.002
1.132e-05,0.0016
1.1340000000000003e-05,0.0024000000000000002
1.136e-05,0.002
1.1380000000000003e-05,0.0016
1.14e-05,0.0036000000000000003
1.1420000000000002e-05,0.0032
1.1439999999999999e-05,0.0044
1.1460000000000002e-05,0.0024000000000000002
1.1479999999999999e-05,0.002
1.1500000000000002e-05,0.004
1.1519999999999998e-05,0.004
1.1540000000000001e-05,0.002
1.1559999999999998e-05,0.0004
1.1580000000000001e-05,0.0016
1.1599999999999997e-05,0.0028
1.162e-05,0.0028
1.1640000000000004e-05,0.0012000000000000001
1.166e-05,0.0008
1.1680000000000003e-05,0.0028
1.17e-05,0.0036000000000000003
1.1720000000000003e-05,0.0024000000000000002
1.174e-05,0.0024000000000000002
1.1760000000000003e-05,0.002
1.1779999999999999e-05,0.002
1.1800000000000002e-05,0.0012000000000000001
1.1819999999999999e-05,0.0024000000000000002
1.1840000000000002e-05,0.0028
1.1859999999999998e-05,0.0016
1.1880000000000001e-05,0.002
1.1899999999999998e-05,0.0024000000000000002
1.1920000000000001e-05,0.005200000000000001
1.1939999999999997e-05,0.0048000000000000004
1.196e-05,0.0028
1.1980000000000004e-05,0.0016
1.2e-05,0.0016
1.2020000000000004e-05,0.0016
1.204e-05,0.0008
1.2060000000000003e-05,0.0004
1.208e-05,0.0004
1.2100000000000003e-05,0.0032
1.212e-05,0.004
1.2140000000000002e-05,0.0028
1.2159999999999999e-05,0.002
1.2180000000000002e-05,0.0024000000000000002
1.2199999999999998e-05,0.0024000000000000002
1.2220000000000002e-05,0.002
1.2239999999999998e-05,0.002
1.2260000000000001e-05,0.002
1.2279999999999998e-05,0.0008
1.23e-05,0.0012000000000000001
1.2320000000000004e-05,0.0024000000000000002
1.234e-05,0.0044
1.2360000000000004e-05,0.0032
1.238e-05,0.0024000000000000002
1.2400000000000003e-05,0.002
1.242e-05,0.0028
1.2440000000000003e-05,0.0032
1.246e-05,0.0012000000000000001
1.2480000000000002e-05,0.0004
1.2499999999999999e-05,0.0012000000000000001
1.2520000000000002e-05,0.0016
1.2539999999999999e-05,0.002
1.2560000000000002e-05,0.0008
1.2579999999999998e-05,0.0008
1.2600000000000001e-05,0.002
1.2619999999999998e-05,0.002
1.2640000000000001e-05,0.0024000000000000002
1.2659999999999997e-05,0.0036000000000000003
1.268e-05,0.0024000000000000002
1.2700000000000004e-05,0.0004
1.272e-05,0.0012000000000000001
1.2740000000000003e-05,0.0028
1.276e-05,0.0036000000000000003
1.2780000000000003e-05,0.0016
1.28e-05,0.0004
1.2820000000000003e-05,0.002
1.2839999999999999e-05,0.0036000000000000003
1.2860000000000002e-05,0.0036000000000000003
1.2879999999999999e-05,0.0008
1.2900000000000002e-05,0.0008
1.2919999999999998e-05,0.0024000000000000002
1.2940000000000001e-05,0.0044
1.2959999999999998e-05,0.0036000000000000003
1.2980000000000001e-05,0.0028
1.2999999999999998e-05,0.0028
1.302e-05,0.0024000000000000002
1.3040000000000004e-05,0.0016
1.306e-05,0.0012000000000000001
1.3080000000000004e-05,0.0012000000000000001
1.31e-05,0.0012000000000000001
1.3120000000000003e-05,0.0004
1.314e-05,0.002
1.3160000000000003e-05,0.004
1.318e-05,0.0044
1.3200000000000002e-05,0.0016
1.3219999999999999e-05,0.0012000000000000001
1.3240000000000002e-05,0.0016
1.3259999999999998e-05,0.0012000000000000001
1.3280000000000002e-05,0.0
1.3299999999999998e-05,-0.0012000000000000001
1.3320000000000001e-05,0.0004
1.3339999999999998e-05,0.0028
1.336e-05,0.0044
1.3380000000000004e-05,0.0044
1.34e-05,0.0036000000000000003
1.3420000000000004e-05,0.0036000000000000003
1.344e-05,0.0028
1.3460000000000003e-05,0.0016
1.348e-05,0.0012000000000000001
1.3500000000000003e-05,0.0012000000000000001
1.352e-05,0.0004
1.3540000000000003e-05,0.002
1.3559999999999999e-05,0.0028
1.3580000000000002e-05,0.0048000000000000004
1.3599999999999999e-05,0.0044
1.3620000000000002e-05,0.0016
1.3639999999999998e-05,0.0012000000000000001
1.3660000000000001e-05,0.0028
1.3679999999999998e-05,0.0024000000000000002
1.3700000000000001e-05,-0.0008
1.3719999999999997e-05,-0.0008
1.374e-05,0.0016
1.3760000000000004e-05,0.004
1.378e-05,0.0028
1.3800000000000003e-05,0.0008
1.382e-05,0.0016
1.3840000000000003e-05,0.0024000000000000002
1.386e-05,0.004
1.3880000000000003e-05,0.0028
1.3899999999999999e-05,0.0016
1.3920000000000002e-05,0.002
1.3939999999999999e-05,0.0008
1.3960000000000002e-05,0.002
1.3979999999999998e-05,0.0044
1.4000000000000001e-05,0.0036000000000000003
1.4019999999999998e-05,0.0008
1.4040000000000001e-05,0.0004
1.4059999999999998e-05,0.0016
1.408e-05,0.0036000000000000003
1.4100000000000004e-05,0.002
1.412e-05,0.0
1.4140000000000004e-05,0.002
1.416e-05,0.004
1.4180000000000003e-05,0.0056
1.42e-05,0.0036000000000000003
1.4220000000000003e-05,0.002
1.424e-05,0.0028
1.4260000000000002e-05,0.0012000000000000001
1.4279999999999999e-05,0.0016
1.4300000000000002e-05,0.0008
1.4319999999999998e-05,0.0012000000000000001
1.4340000000000002e-05,0.0016
1.4359999999999998e-05,0.0028
1.4380000000000001e-05,0.0044
1.4399999999999998e-05,0.005200000000000001
1.4420000000000001e-05,0.005200000000000001
1.4440000000000004e-05,0.002
1.446e-05,0.0012000000000000001
1.4480000000000004e-05,0.0012000000000000001
1.45e-05,0.0004
1.4520000000000003e-05,-0.0008
1.454e-05,-0.0004
1.4560000000000003e-05,0.0024000000000000002
1.458e-05,0.005200000000000001
1.4600000000000003e-05,0.005200000000000001
1.4619999999999999e-05,0.0036000000000000003
1.4640000000000002e-05,0.0028
1.4659999999999999e-05,0.0024000000000000002
1.4680000000000002e-05,0.0016
1.4699999999999998e-05,0.0
1.4720000000000001e-05,0.0008
1.4739999999999998e-05,0.0008
1.4760000000000001e-05,0.0016
1.4779999999999997e-05,0.002
1.48e-05,0.0044
1.4820000000000004e-05,0.0044
1.484e-05,0.0028
1.4860000000000003e-05,0.0008
1.488e-05,0.0008
1.4900000000000003e-05,0.002
1.492e-05,0.0012000000000000001
1.4940000000000003e-05,0.0004
1.4959999999999999e-05,0.0
1.4980000000000002e-05,0.0024000000000000002
1.4999999999999999e-05,0.0036000000000000003
1.5020000000000002e-05,0.0032
1.5039999999999998e-05,0.0008
1.5060000000000001e-05,0.0012000000000000001
1.5079999999999998e-05,0.0016
1.5100000000000001e-05,0.0024000000000000002
1.5119999999999998e-05,0.002
1.514e-05,0.0016
1.5160000000000004e-05,0.0016
1.518e-05,0.002
1.5200000000000004e-05,0.002
1.522e-05,0.0024000000000000002
1.5240000000000003e-05,0.002
1.526e-05,0.0
1.5280000000000003e-05,-0.0012000000000000001
1.53e-05,0.0008
1.5320000000000002e-05,0.0032
1.534e-05,0.0028
1.5360000000000002e-05,0.0016
1.538e-05,0.0016
1.54e-05,0.0044
1.5419999999999998e-05,0.0044
1.544e-05,0.0024000000000000002
1.5459999999999998e-05,0.0004
1.548e-05,0.0
1.5500000000000004e-05,0.0016
1.552e-05,0.0012000000000000001
1.5540000000000004e-05,0.0
1.556e-05,0.0016
1.5580000000000003e-05,0.002
1.56e-05,0.0028
1.5620000000000003e-05,0.0032
1.564e-05,0.0024000000000000002
1.5660000000000003e-05,0.0024000000000000002
1.568e-05,0.0004
1.5700000000000002e-05,-0.0004
1.572e-05,0.0004
1.5740000000000002e-05,0.002
1.5759999999999998e-05,0.0012000000000000001
1.578e-05,0.0004
1.5799999999999998e-05,0.0028
1.582e-05,0.0056
1.5839999999999997e-05,0.0048000000000000004
1.586e-05,0.002
1.5880000000000004e-05,0.0
1.59e-05,0.0008
1.5920000000000003e-05,0.0004
1.594e-05,0.0008
1.5960000000000003e-05,0.0
1.598e-05,0.0004
1.6000000000000003e-05,0.0004
1.602e-05,0.0016
1.6040000000000002e-05,0.0028
1.606e-05,0.0024000000000000002
1.6080000000000002e-05,0.0012000000000000001
1.61e-05,0.0
1.612e-05,0.002
1.6139999999999998e-05,0.0032
1.616e-05,0.0028
1.6179999999999998e-05,0.0012000000000000001
1.62e-05,0.0016
1.6220000000000004e-05,0.0044
1.624e-05,0.0044
1.6260000000000004e-05,0.002
1.628e-05,-0.0004
1.6300000000000003e-05,0.0008
1.632e-05,0.0032
1.6340000000000003e-05,0.0032
1.636e-05,0.0032
1.6380000000000002e-05,0.0024000000000000002
1.64e-05,0.0032
1.6420000000000002e-05,0.002
1.644e-05,0.0028
1.646e-05,0.0024000000000000002
1.6479999999999998e-05,0.002
1.65e-05,0.0016
1.6519999999999998e-05,0.0012000000000000001
1.654e-05,0.002
1.6560000000000004e-05,0.004
1.658e-05,0.0024000000000000002
1.6600000000000004e-05,0.0012000000000000001
1.662e-05,0.0016
1.6640000000000003e-05,0.0044
1.666e-05,0.0036000000000000003
1.6680000000000003e-05,0.0012000000000000001
1.67e-05,0.0004
1.6720000000000003e-05,0.0016
1.674e-05,0.002
1.6760000000000002e-05,0.002
1.678e-05,0.0004
1.6800000000000002e-05,0.0012000000000000001
1.6819999999999998e-05,0.0028
1.684e-05,0.0032
1.6859999999999998e-05,0.0028
1.688e-05,0.0036000000000000003
1.6899999999999997e-05,0.0028
1.692e-05,0.0016
1.6940000000000004e-05,0.0008
1.696e-05,0.0016
1.6980000000000003e-05,0.002
1.7e-05,0.0016
1.7020000000000003e-05,0.0012000000000000001
1.704e-05,0.0024000000000000002
1.7060000000000003e-05,0.0044
1.708e-05,0.0036000000000000003
1.7100000000000002e-05,0.0012000000000000001
1.712e-05,0.0016
1.7140000000000002e-05,0.0016
1.716e-05,0.0016
1.718e-05,-0.0004
1.7199999999999998e-05,0.0004
1.722e-05,0.0004
1.7239999999999998e-05,0.0012000000000000001
1.726e-05,0.0024000000000000002
1.7280000000000004e-05,0.0024000000000000002
1.73e-05,0.002
1.7320000000000004e-05,0.0016
1.734e-05,0.0012000000000000001
1.7360000000000003e-05,0.0016
1.738e-05,0.0032
1.7400000000000003e-05,0.0016
1.742e-05,0.0008
1.7440000000000002e-05,0.0012000000000000001
1.746e-05,0.0036000000000000003
1.7480000000000002e-05,0.0036000000000000003
1.75e-05,0.0016
1.752e-05,0.0008
1.7539999999999998e-05,0.0016
1.756e-05,0.0036000000000000003
1.7579999999999998e-05,0.0032
1.76e-05,0.002
1.7620000000000004e-05,0.002
1.764e-05,0.002
1.7660000000000004e-05,0.002
1.768e-05,0.002
1.7700000000000003e-05,0.0024000000000000002
1.772e-05,0.0
1.7740000000000003e-05,0.0012000000000000001
1.776e-05,0.0004
1.7780000000000003e-05,0.0024000000000000002
1.78e-05,0.0036000000000000003
1.7820000000000002e-05,0.0032
1.784e-05,0.0016
1.7860000000000002e-05,0.0024000000000000002
1.7879999999999998e-05,0.004
1.79e-05,0.0044
1.7919999999999998e-05,0.0008
1.794e-05,0.0008
1.7959999999999997e-05,0.0012000000000000001
1.798e-05,0.0024000000000000002
1.8000000000000004e-05,0.0008
1.802e-05,-0.0004
1.8040000000000003e-05,0.0008
1.806e-05,0.0016
1.8080000000000003e-05,0.0028
1.81e-05,0.0032
1.8120000000000003e-05,0.0032
1.814e-05,0.0028
1.8160000000000002e-05,0.002
1.818e-05,0.0004
1.8200000000000002e-05,0.0008
1.822e-05,0.0016
1.824e-05,0.0008
1.8259999999999998e-05,0.0012000000000000001
1.828e-05,0.0036000000000000003
1.8299999999999998e-05,0.006
1.832e-05,0.005200000000000001
1.8340000000000004e-05,0.0016
1.836e-05,0.0004
1.8380000000000004e-05,0.0016
1.84e-05,0.0008
1.8420000000000003e-05,-0.0012000000000000001
1.844e-05,-0.002
1.8460000000000003e-05,0.0008
1.848e-05,0.0036000000000000003
1.8500000000000002e-05,0.0048000000000000004
1.852e-05,0.004
1.8540000000000002e-05,0.0036000000000000003
1.856e-05,0.0036000000000000003
1.858e-05,0.0012000000000000001
1.8599999999999998e-05,0.0024000000000000002
1.862e-05,0.0016
1.8639999999999998e-05,0.0008
1.866e-05,0.0
1.8680000000000004e-05,0.0028
1.87e-05,0.004
1.8720000000000004e-05,0.0044
1.874e-05,0.0008
1.8760000000000003e-05,-0.0004
1.878e-05,0.0004
1.8800000000000003e-05,0.0028
1.882e-05,0.0024000000000000002
1.8840000000000003e-05,0.0008
1.886e-05,0.0012000000000000001
1.8880000000000002e-05,0.004
1.89e-05,0.0044
1.8920000000000002e-05,0.0032
1.8939999999999998e-05,0.0016
1.896e-05,0.0
1.8979999999999998e-05,0.0
1.9e-05,0.0008
1.9019999999999997e-05,0.0024000000000000002
1.904e-05,0.002
1.9060000000000004e-05,0.0024000000000000002
1.908e-05,0.0024000000000000002
1.9100000000000003e-05,0.0032
1.912e-05,0.0044
1.9140000000000003e-05,0.0024000000000000002
1.916e-05,0.0
1.9180000000000003e-05,0.0
1.92e-05,0.0016
1.9220000000000002e-05,0.002
1.924e-05,0.0
1.9260000000000002e-05,0.0008
1.928e-05,0.0024000000000000002
1.93e-05,0.004
1.9319999999999998e-05,0.0044
1.934e-05,0.0028
1.9359999999999998e-05,0.004
1.938e-05,0.0028
1.9400000000000004e-05,0.0008
1.942e-05,0.0
1.9440000000000004e-05,0.0012000000000000001
1.946e-05,0.002
1.9480000000000003e-05,0.002
1.95e-05,0.002
1.9520000000000003e-05,0.0044
1.954e-05,0.005200000000000001
1.9560000000000002e-05,0.0036000000000000003
1.958e-05,0.0012000000000000001
1.9600000000000002e-05,0.0008
1.962e-05,0.0016
1.9640000000000002e-05,0.0
1.9659999999999998e-05,-0.0004
1.968e-05,0.0008
1.9699999999999998e-05,0.0032
1.972e-05,0.005200000000000001
1.9740000000000004e-05,0.0044
1.976e-05,0.0032
1.9780000000000004e-05,0.0028
1.98e-05,0.0028
1.9820000000000003e-05,0.0016
1.984e-05,0.002
1.9860000000000003e-05,0.0028
1.988e-05,0.0032
1.9900000000000003e-05,0.0024000000000000002
1.992e-05,0.0036000000000000003
1.9940000000000002e-05,0.005200000000000001
1.996e-05,0.0036000000000000003
1.9980000000000002e-05,0.0008
1.9999999999999998e-05,-0.0008
2.002e-05,0.0028
2.0039999999999998e-05,0.0048000000000000004
2.006e-05,0.0028
2.0079999999999997e-05,0.002
2.01e-05,0.0028
2.0120000000000004e-05,0.0048000000000000004
2.014e-05,0.0044
2.0160000000000003e-05,0.0024000000000000002
2.018e-05,0.0004
2.0200000000000003e-05,0.0016
2.022e-05,0.0012000000000000001
2.0240000000000003e-05,0.0008
2.026e-05,0.0024000000000000002
2.0280000000000002e-05,0.0036000000000000003
2.03e-05,0.0036000000000000003
2.0320000000000002e-05,0.004
2.034e-05,0.004
2.036e-05,0.0044
2.0379999999999998e-05,0.002
2.04e-05,-0.0008
2.0419999999999998e-05,-0.0016
2.044e-05,0.0008
2.0460000000000004e-05,0.0028
2.048e-05,0.002
2.0500000000000004e-05,0.0016
2.052e-05,0.0028
2.0540000000000003e-05,0.0044
2.056e-05,0.004
2.0580000000000003e-05,0.0028
2.06e-05,0.0028
2.0620000000000002e-05,0.0024000000000000002
2.064e-05,0.0024000000000000002
2.0660000000000002e-05,0.0024000000000000002
2.068e-05,0.002
2.0700000000000002e-05,0.002
2.0719999999999998e-05,0.0024000000000000002
2.074e-05,0.0036000000000000003
2.0759999999999998e-05,0.0044
2.078e-05,0.0044
2.0800000000000004e-05,0.0032
2.082e-05,0.0008
2.0840000000000004e-05,0.0016
2.086e-05,0.004
2.0880000000000003e-05,0.0028
2.09e-05,0.0016
2.0920000000000003e-05,0.0012000000000000001
2.094e-05,0.0024000000000000002
2.0960000000000003e-05,0.005200000000000001
2.098e-05,0.0044
