t,V1
0.00071,0.0012000000000000001
0.000711,0.0024000000000000002
0.0007120000000000001,0.0008
0.000713,0.0012000000000000001
0.000714,0.0012000000000000001
0.000715,-0.0004
0.0007160000000000001,0.0
0.000717,0.0012000000000000001
0.000718,0.0008
0.000719,-0.0012000000000000001
0.00072,0.0012000000000000001
0.0007210000000000001,-0.0012000000000000001
0.000722,-0.0012000000000000001
0.000723,0.0
0.000724,-0.0012000000000000001
0.0007250000000000001,0.0012000000000000001
0.000726,0.0004
0.000727,-0.002
0.000728,-0.0012000000000000001
0.000729,0.002
0.00073,0.0012000000000000001
0.000731,0.0
0.000732,0.0028
0.000733,0.002
0.0007340000000000001,0.0012000000000000001
0.000735,0.0028
0.000736,0.002
0.000737,0.0012000000000000001
0.000738,0.0032
0.0007390000000000001,0.0024000000000000002
0.00074,0.0036000000000000003
0.000741,0.0016
0.000742,0.0012000000000000001
0.0007430000000000001,0.0004
0.000744,0.0008
0.000745,0.0004
0.000746,0.0012000000000000001
0.000747,0.0024000000000000002
0.000748,0.0
0.000749,0.0
0.00075,0.0016
0.000751,0.0012000000000000001
0.0007520000000000001,0.0012000000000000001
0.000753,0.0012000000000000001
0.000754,0.0012000000000000001
0.000755,0.0016
0.000756,0.0016
0.000757,0.0012000000000000001
0.000758,0.0024000000000000002
0.000759,0.0024000000000000002
0.00076,0.0016
0.0007610000000000001,0.002
0.000762,0.0024000000000000002
0.000763,0.0012000000000000001
0.000764,0.0004
0.0007650000000000001,0.0008
0.000766,0.0008
0.000767,0.0004
0.000768,0.0
0.000769,-0.0004
0.0007700000000000001,-0.0008
0.000771,0.0008
0.000772,0.0004
0.000773,-0.0012000000000000001
0.0007740000000000001,0.0004
0.000775,0.0
0.000776,-0.0008
0.000777,0.0024000000000000002
0.000778,0.0012000000000000001
0.000779,0.0012000000000000001
0.00078,0.0008
0.000781,0.0032
0.000782,0.0012000000000000001
0.0007830000000000001,0.0024000000000000002
0.000784,0.0028
0.000785,0.0008
0.000786,0.0012000000000000001
0.000787,0.002
0.0007880000000000001,0.0004
0.000789,0.0
0.00079,0.0004
0.000791,-0.0004
0.0007920000000000001,-0.0012000000000000001
0.000793,0.0008
0.000794,-0.0004
0.000795,-0.0012000000000000001
0.000796,0.002
0.000797,-0.0004
0.000798,0.0
0.000799,0.0032
0.0008,0.0016
0.0008010000000000001,0.0024000000000000002
0.000802,0.0016
0.000803,0.0024000000000000002
0.000804,0.0016
0.000805,0.0016
0.0008060000000000001,0.002
0.000807,0.0012000000000000001
0.000808,0.0
0.000809,-0.0004
0.00081,-0.0004
0.000811,0.0
0.000812,-0.0004
0.000813,-0.0004
0.000814,0.0
0.000815,-0.0004
0.000816,-0.0004
0.000817,0.0024000000000000002
0.000818,0.0004
0.0008190000000000001,0.0008
0.00082,0.0012000000000000001
0.000821,0.0016
0.000822,0.002
0.0008230000000000001,0.0016
0.000824,0.0024000000000000002
0.000825,0.0012000000000000001
0.000826,0.0024000000000000002
0.000827,0.0008
0.000828,0.0008
0.000829,0.0024000000000000002
0.00083,-0.0004
0.000831,0.0004
0.0008320000000000001,0.0004
0.000833,-0.0008
0.000834,0.0008
0.000835,0.0012000000000000001
0.000836,0.0
0.0008370000000000001,0.0012000000000000001
0.000838,0.0028
0.000839,0.0032
0.00084,0.0032
0.000841,0.0028
0.000842,0.0024000000000000002
0.000843,0.0024000000000000002
0.000844,0.002
0.000845,0.0008
0.000846,0.0
0.000847,0.0004
0.000848,0.0
0.000849,0.0008
0.0008500000000000001,0.0024000000000000002
0.000851,0.0012000000000000001
0.000852,0.0008
0.000853,0.0032
0.000854,0.0016
0.0008550000000000001,0.0036000000000000003
0.000856,0.0036000000000000003
0.000857,0.002
0.000858,0.002
0.000859,0.0024000000000000002
0.00086,0.0016
0.000861,0.0024000000000000002
0.000862,-0.0004
0.000863,-0.0008
0.000864,0.0
0.000865,0.0012000000000000001
0.000866,0.0004
0.000867,0.0028
0.0008680000000000001,0.0016
0.000869,0.0008
0.00087,0.0036000000000000003
0.000871,0.002
0.0008719999999999999,0.0024000000000000002
0.0008730000000000001,0.0012000000000000001
0.000874,0.0
0.000875,0.0024000000000000002
0.000876,0.0016
0.000877,0.0
0.000878,0.0004
0.000879,-0.0016
0.00088,0.0
0.0008810000000000001,0.0004
0.000882,-0.0008
0.000883,0.0016
0.000884,0.0012000000000000001
0.000885,0.0004
0.0008860000000000001,0.0028
0.000887,0.0004
0.000888,0.0024000000000000002
0.000889,0.002
0.00089,-0.0008
0.000891,0.0
0.000892,-0.0016
0.000893,0.0016
0.000894,0.0012000000000000001
0.000895,0.0
0.000896,0.0
0.000897,0.0
0.000898,0.0024000000000000002
0.0008990000000000001,0.0024000000000000002
0.0009,0.0032
0.000901,0.002
0.000902,0.0
0.000903,0.0016
0.0009040000000000001,0.0008
0.000905,0.0016
0.000906,-0.0004
0.000907,-0.002
0.000908,0.0016
0.000909,-0.0008
0.00091,0.0008
0.000911,0.0
0.000912,-0.0016
0.000913,0.0012000000000000001
0.000914,0.0012000000000000001
0.000915,0.0016
0.000916,0.002
0.0009170000000000001,0.0012000000000000001
0.000918,0.0016
0.000919,-0.0004
0.00092,0.0016
0.0009209999999999999,0.0004
0.0009220000000000001,0.0
0.000923,0.0008
0.000924,-0.002
0.000925,0.0
0.000926,0.0
0.000927,0.0
0.000928,-0.0016
0.000929,-0.0016
0.00093,0.0008
0.000931,0.0016
0.000932,0.002
0.000933,0.0024000000000000002
0.000934,0.0016
0.0009350000000000001,0.0024000000000000002
0.000936,0.0008
0.000937,0.002
0.000938,0.0
0.000939,0.0
0.00094,0.0012000000000000001
0.000941,-0.0004
0.000942,0.0
0.000943,0.0012000000000000001
0.000944,0.0004
0.000945,0.0016
0.000946,0.0012000000000000001
0.000947,0.0024000000000000002
0.0009480000000000001,0.0028
0.000949,0.002
0.00095,0.0036000000000000003
0.000951,0.0028
0.000952,0.0012000000000000001
0.0009530000000000001,0.0028
0.000954,-0.0012000000000000001
0.000955,0.0012000000000000001
0.000956,0.0
0.000957,-0.0004
0.0009580000000000001,0.0008
0.000959,0.0004
0.00096,0.0008
0.000961,0.0008
0.000962,0.0012000000000000001
0.000963,0.0024000000000000002
0.000964,0.0016
0.0009649999999999999,0.002
0.0009660000000000001,0.0012000000000000001
0.000967,0.0012000000000000001
0.000968,0.0008
0.000969,0.0024000000000000002
0.0009699999999999999,0.0024000000000000002
0.0009710000000000001,0.0004
0.000972,0.002
0.000973,0.0
0.000974,-0.0008
0.000975,0.002
0.0009760000000000001,0.0008
0.000977,0.0032
0.0009780000000000001,0.0024000000000000002
0.000979,0.0012000000000000001
0.00098,0.0044
0.000981,0.0024000000000000002
0.000982,0.0032
0.000983,0.002
0.000984,0.0016
0.000985,0.0024000000000000002
0.000986,0.0016
0.000987,-0.0004
0.000988,0.0024000000000000002
0.000989,-0.0008
0.00099,0.0008
0.0009910000000000001,0.0008
0.000992,0.0004
0.000993,0.0016
0.000994,0.0024000000000000002
0.000995,0.0
0.000996,0.0024000000000000002
0.000997,0.0004
0.000998,0.0028
0.0009989999999999999,0.0024000000000000002
0.001,-0.0016
0.001001,0.0004
0.001002,0.0004
0.001003,0.0
0.0010040000000000001,0.0004
0.001005,-0.0016
0.001006,-0.0004
0.001007,0.0004
0.001008,0.0012000000000000001
0.001009,0.0016
0.00101,0.0008
0.001011,0.0012000000000000001
0.0010119999999999999,0.002
0.001013,0.0016
0.001014,0.0024000000000000002
0.001015,0.0012000000000000001
0.001016,-0.0008
0.0010170000000000001,0.0028
0.001018,-0.0004
0.001019,0.0004
0.00102,0.0008
0.001021,-0.0012000000000000001
0.001022,-0.0004
0.001023,0.0024000000000000002
0.001024,-0.0008
0.0010249999999999999,-0.002
0.001026,0.0
0.0010270000000000001,-0.0008
0.001028,0.0012000000000000001
0.001029,0.0032
0.00103,0.002
0.001031,0.0024000000000000002
0.001032,0.0028
0.001033,0.0024000000000000002
0.001034,0.0032
0.001035,0.004
0.001036,0.0016
0.001037,0.0012000000000000001
0.001038,0.0024000000000000002
0.001039,0.0
0.0010400000000000001,0.0024000000000000002
0.001041,0.0
0.001042,-0.0004
0.001043,-0.0008
0.001044,-0.0004
0.001045,0.0
0.001046,0.0
0.001047,-0.0008
0.0010479999999999999,0.0012000000000000001
0.001049,-0.0008
0.00105,0.0
0.001051,0.0028
0.001052,0.002
0.0010530000000000001,0.0028
0.001054,0.0016
0.001055,0.0016
0.001056,0.0032
0.001057,0.004
0.001058,0.0012000000000000001
0.001059,0.0016
0.00106,0.0036000000000000003
0.0010609999999999999,0.0024000000000000002
0.001062,0.0024000000000000002
0.001063,0.0
0.001064,0.0004
0.001065,-0.0004
0.001066,0.0012000000000000001
0.001067,0.0004
0.001068,0.0004
0.001069,0.0012000000000000001
0.00107,0.0008
0.001071,0.0008
0.001072,0.002
0.001073,0.0
0.0010739999999999999,0.0004
0.001075,0.0024000000000000002
0.0010760000000000001,0.0008
0.001077,0.0016
0.001078,0.0024000000000000002
0.001079,0.0012000000000000001
0.00108,0.002
0.001081,0.0016
0.001082,0.002
0.001083,0.0012000000000000001
0.001084,0.0012000000000000001
0.001085,0.0016
0.001086,0.0004
0.001087,0.0004
0.001088,0.0004
0.0010890000000000001,0.0028
0.00109,0.0028
0.001091,0.0008
0.001092,0.0032
0.001093,0.0012000000000000001
0.001094,0.002
0.001095,0.0016
0.001096,0.0024000000000000002
0.0010969999999999999,0.002
0.001098,0.002
0.001099,0.0016
0.0011,0.0012000000000000001
0.001101,0.002
0.0011020000000000001,0.0012000000000000001
0.001103,0.0
0.001104,0.0024000000000000002
0.001105,0.0
0.001106,0.0004
0.001107,0.0024000000000000002
0.001108,-0.0008
0.001109,0.0016
0.0011099999999999999,0.0012000000000000001
0.001111,-0.0004
0.001112,0.0012000000000000001
0.001113,0.0016
0.001114,0.0
0.001115,0.0004
0.001116,0.0004
0.001117,0.0004
0.001118,0.0012000000000000001
0.001119,0.0016
0.00112,-0.0008
0.001121,0.0008
0.001122,0.0004
0.0011229999999999999,0.0008
0.001124,0.0016
0.0011250000000000001,0.0008
0.001126,0.0004
0.001127,0.0012000000000000001
0.001128,0.0008
0.001129,0.0004
0.00113,0.0
0.001131,-0.0008
0.001132,0.0012000000000000001
0.001133,0.0024000000000000002
0.001134,0.0004
0.001135,0.0012000000000000001
0.001136,0.0
0.001137,0.0
0.0011380000000000001,0.0016
0.001139,0.002
0.00114,0.0008
0.001141,0.002
0.001142,0.0012000000000000001
0.001143,0.0008
0.001144,0.0024000000000000002
0.001145,0.0008
0.0011459999999999999,0.0012000000000000001
0.001147,0.002
0.001148,-0.0008
0.001149,0.0024000000000000002
0.00115,0.0012000000000000001
0.0011510000000000001,0.0004
0.001152,0.0016
0.001153,0.0008
0.001154,0.0012000000000000001
0.001155,0.0008
0.001156,0.0012000000000000001
0.001157,0.002
0.001158,0.002
0.0011589999999999999,0.0
0.00116,0.002
0.001161,0.0016
0.001162,0.0
0.001163,0.0008
0.001164,0.0004
0.001165,0.0016
0.001166,0.0012000000000000001
0.001167,0.0
0.001168,0.0024000000000000002
0.001169,-0.0004
0.00117,0.0012000000000000001
0.001171,-0.0004
0.0011719999999999999,0.0008
0.001173,0.0012000000000000001
0.0011740000000000001,0.0
0.001175,-0.0004
0.001176,0.0
0.001177,0.0
0.001178,0.0024000000000000002
0.001179,-0.0008
0.00118,-0.0004
0.001181,-0.0004
0.0011819999999999999,0.0004
0.001183,0.0012000000000000001
0.001184,0.0
0.001185,-0.0004
0.001186,0.0
0.0011870000000000001,0.0
0.001188,0.0008
0.001189,-0.0004
0.00119,0.0008
0.001191,0.0
0.001192,0.0
0.001193,0.0012000000000000001
0.001194,0.0012000000000000001
0.0011949999999999999,0.0036000000000000003
0.001196,-0.0004
0.001197,0.0012000000000000001
0.001198,0.0012000000000000001
0.001199,0.0016
0.0012000000000000001,0.0032
0.001201,0.0012000000000000001
0.001202,0.0012000000000000001
0.001203,0.0012000000000000001
0.001204,0.0008
0.001205,0.002
0.001206,0.002
0.001207,0.0012000000000000001
0.0012079999999999999,-0.0008
0.001209,0.0016
0.0012100000000000001,0.0012000000000000001
0.0012109999999999998,0.0
0.001212,0.0008
0.001213,-0.0016
0.001214,0.0
0.001215,0.0012000000000000001
0.001216,0.0004
0.001217,0.0016
0.001218,0.0012000000000000001
0.001219,0.002
0.00122,0.0032
0.0012209999999999999,0.0012000000000000001
0.001222,0.0016
0.0012230000000000001,0.0008
0.001224,-0.0044
0.001225,-0.0012000000000000001
0.001226,-0.0016
0.001227,0.0016
0.001228,-0.002
0.001229,0.0
0.00123,0.0
0.0012309999999999999,-0.0016
0.001232,0.0
0.0012330000000000002,-0.0016
0.0012339999999999999,-0.0004
0.001235,0.0004
0.0012360000000000001,0.0004
0.001237,0.0028
0.001238,0.0
0.001239,0.0004
0.00124,0.002
0.001241,0.0016
0.001242,0.0028
0.001243,0.0012000000000000001
0.0012439999999999999,0.0008
0.001245,0.0028
0.0012460000000000001,0.0004
0.0012469999999999998,0.0016
0.001248,0.0
0.0012490000000000001,0.0004
0.00125,0.0008
0.001251,0.0004
0.001252,0.0008
0.001253,0.0012000000000000001
0.001254,0.0016
0.001255,0.002
0.001256,0.0028
0.0012569999999999999,0.002
0.001258,0.0036000000000000003
0.0012590000000000001,0.0016
0.0012599999999999998,0.0024000000000000002
0.001261,0.0012000000000000001
0.001262,0.0008
0.001263,0.0
0.001264,-0.0016
0.001265,-0.0024000000000000002
0.001266,-0.0008
0.001267,-0.0012000000000000001
0.001268,0.0004
0.001269,0.0004
0.0012699999999999999,0.0016
0.001271,0.0008
0.0012720000000000001,0.0012000000000000001
0.001273,0.002
0.001274,0.0028
0.001275,0.0012000000000000001
0.001276,0.0024000000000000002
0.001277,-0.0004
0.001278,0.0012000000000000001
0.001279,0.0016
0.0012799999999999999,-0.0016
0.001281,0.0
0.0012820000000000002,0.0
0.0012829999999999999,-0.0004
0.001284,0.0012000000000000001
0.0012850000000000001,0.0
0.001286,0.002
0.001287,0.0012000000000000001
0.001288,0.0
0.001289,0.0016
0.00129,0.0008
0.001291,0.0004
0.001292,0.0008
0.0012929999999999999,-0.0004
0.001294,0.0008
0.0012950000000000001,0.0
0.0012959999999999998,-0.0008
0.001297,0.002
0.0012980000000000001,-0.0004
0.001299,0.0
0.0013,0.002
0.001301,-0.0004
0.001302,0.0012000000000000001
0.001303,0.0032
0.001304,0.0012000000000000001
0.001305,0.0028
0.0013059999999999999,0.0024000000000000002
0.001307,0.0004
0.0013080000000000001,0.0032
0.0013089999999999998,0.0004
0.00131,0.0004
0.001311,0.0016
0.001312,-0.0012000000000000001
0.001313,-0.0008
0.001314,0.0
0.001315,-0.0012000000000000001
0.001316,0.0024000000000000002
0.001317,0.0008
0.001318,0.0
0.0013189999999999999,0.0024000000000000002
0.00132,0.0012000000000000001
0.0013210000000000001,0.0024000000000000002
0.001322,0.0004
0.001323,0.002
0.001324,0.0024000000000000002
0.001325,0.0008
0.001326,0.0024000000000000002
0.001327,-0.0004
0.001328,0.0004
0.0013289999999999999,0.0016
0.00133,-0.0008
0.0013310000000000002,0.0008
0.0013319999999999999,0.0012000000000000001
0.001333,0.0004
0.0013340000000000001,0.002
0.001335,-0.0004
0.001336,0.0012000000000000001
0.001337,0.0008
0.001338,-0.0004
0.001339,0.0028
0.00134,0.0
0.001341,0.0016
0.0013419999999999999,0.002
0.001343,0.002
0.0013440000000000001,0.0028
0.0013449999999999998,0.0024000000000000002
0.001346,0.002
0.001347,0.002
0.001348,0.0012000000000000001
0.001349,0.0036000000000000003
0.00135,0.0016
0.001351,0.0024000000000000002
0.001352,0.0024000000000000002
0.001353,0.0012000000000000001
0.001354,0.0032
0.0013549999999999999,0.0028
0.001356,0.0008
0.0013570000000000001,0.0036000000000000003
0.0013579999999999998,0.0012000000000000001
0.001359,0.0004
0.00136,-0.0012000000000000001
0.001361,0.0012000000000000001
0.001362,0.0008
0.001363,-0.0016
0.001364,-0.0004
0.001365,-0.002
0.001366,0.0
0.001367,0.0008
0.0013679999999999999,-0.0008
0.001369,0.0012000000000000001
0.0013700000000000001,-0.0016
0.001371,0.0
0.001372,0.0004
0.001373,0.0016
0.001374,0.0004
0.001375,-0.0008
0.001376,0.0024000000000000002
0.001377,0.0008
0.0013779999999999999,0.0012000000000000001
0.001379,0.0024000000000000002
0.0013800000000000002,-0.0004
0.0013809999999999998,0.0012000000000000001
0.001382,0.0016
0.0013830000000000001,0.002
0.001384,0.002
0.001385,0.0
0.001386,0.0016
0.001387,0.0008
0.001388,0.0024000000000000002
0.001389,0.0016
0.00139,0.0004
0.0013909999999999999,0.0
0.001392,-0.0004
0.0013930000000000001,0.0008
0.0013939999999999998,-0.0004
0.001395,0.0
0.001396,-0.002
0.001397,-0.0044
0.001398,-0.0012000000000000001
0.001399,0.0
0.0014,-0.0008
0.001401,0.0
0.001402,-0.002
0.001403,0.0008
0.0014039999999999999,0.0008
0.001405,-0.0008
0.0014060000000000001,0.0016
0.0014069999999999998,0.0004
0.001408,-0.0004
0.001409,0.0
0.00141,0.0
0.001411,0.0016
0.001412,-0.0004
0.001413,-0.0012000000000000001
0.001414,-0.0008
0.001415,-0.0008
0.001416,0.0012000000000000001
0.0014169999999999999,-0.0012000000000000001
0.001418,0.0
0.0014190000000000001,0.0
0.00142,-0.0016
0.001421,0.0012000000000000001
0.001422,0.0
0.001423,0.0
0.001424,0.0008
0.001425,0.0004
0.001426,0.0024000000000000002
0.0014269999999999999,0.0012000000000000001
0.001428,0.0012000000000000001
0.0014290000000000001,0.0004
0.0014299999999999998,-0.0008
0.001431,0.0024000000000000002
0.0014320000000000001,-0.0008
0.001433,0.002
0.001434,0.0008
0.001435,0.0
0.001436,0.0024000000000000002
0.001437,0.0004
0.001438,0.0004
0.001439,-0.0008
0.0014399999999999999,0.0024000000000000002
0.001441,0.0012000000000000001
0.0014420000000000001,0.0008
0.0014429999999999998,0.002
0.001444,0.0008
0.001445,0.0028
0.001446,0.0024000000000000002
0.001447,0.0012000000000000001
0.001448,0.0032
0.001449,0.0012000000000000001
0.00145,0.0036000000000000003
0.001451,0.0016
0.001452,0.0028
0.0014529999999999999,0.0024000000000000002
0.001454,0.0012000000000000001
0.0014550000000000001,0.0032
0.0014559999999999998,0.002
0.001457,0.0012000000000000001
0.001458,0.002
0.001459,0.0012000000000000001
0.00146,0.0024000000000000002
0.001461,0.0
0.001462,0.0024000000000000002
0.0014629999999999999,0.0016
0.001464,-0.0012000000000000001
0.001465,-0.0004
0.0014659999999999999,-0.0004
0.001467,0.0012000000000000001
0.0014680000000000001,-0.0008
0.001469,-0.002
0.00147,0.0004
0.001471,0.0
0.001472,0.0004
0.001473,0.0004
0.001474,0.0
0.001475,0.0
0.0014759999999999999,0.0004
0.001477,0.002
0.0014780000000000001,0.002
0.0014789999999999998,0.0008
0.00148,0.002
0.0014810000000000001,0.0012000000000000001
0.001482,0.0
0.001483,0.0028
0.001484,0.002
0.001485,0.0008
0.001486,0.0024000000000000002
0.001487,0.0024000000000000002
0.001488,0.0024000000000000002
0.0014889999999999999,-0.0004
0.00149,0.0016
0.0014910000000000001,0.0004
0.0014919999999999998,0.0012000000000000001
0.001493,0.0012000000000000001
0.001494,-0.002
0.001495,0.0024000000000000002
0.001496,0.0008
0.001497,0.0012000000000000001
0.001498,0.002
0.001499,-0.0024000000000000002
0.0015,-0.0004
0.001501,-0.0004
0.0015019999999999999,-0.0004
0.001503,0.0008
0.0015040000000000001,-0.0008
0.0015049999999999998,0.0004
0.001506,-0.0004
0.001507,0.0008
0.001508,0.0016
0.001509,0.0012000000000000001
0.00151,0.0
0.001511,0.0012000000000000001
0.0015119999999999999,0.002
0.001513,0.002
0.001514,0.0
0.0015149999999999999,0.0
0.001516,0.0
0.0015170000000000001,0.0016
0.001518,0.0008
0.001519,0.0008
0.00152,0.0008
0.001521,0.0016
0.001522,0.0012000000000000001
0.001523,0.0024000000000000002
0.001524,0.0028
0.0015249999999999999,0.0032
0.001526,0.0008
0.001527,0.002
0.0015279999999999998,0.0028
0.001529,0.002
0.0015300000000000001,0.0024000000000000002
0.001531,0.0024000000000000002
0.001532,0.0012000000000000001
0.001533,0.0044
0.001534,0.002
0.001535,0.0024000000000000002
0.001536,0.0012000000000000001
0.001537,-0.0004
0.0015379999999999999,0.0028
0.001539,0.002
0.0015400000000000001,0.002
0.0015409999999999998,0.0016
0.001542,0.0008
0.001543,0.0012000000000000001
0.001544,0.0008
0.001545,0.0016
0.001546,-0.0012000000000000001
0.001547,0.0008
0.001548,0.0008
0.001549,0.0
0.00155,0.0004
0.0015509999999999999,0.0012000000000000001
0.001552,0.0016
0.0015530000000000001,-0.0016
0.0015539999999999998,0.0012000000000000001
0.001555,0.0
0.001556,-0.0008
0.001557,0.0008
0.001558,0.0004
0.001559,0.0012000000000000001
0.00156,0.0
0.0015609999999999999,-0.0008
0.001562,0.0
0.001563,0.0008
0.0015639999999999999,0.0024000000000000002
0.001565,0.0008
0.0015660000000000001,0.0
0.001567,0.0008
0.001568,0.0012000000000000001
0.001569,0.0024000000000000002
0.00157,-0.0004
0.001571,0.0024000000000000002
0.001572,0.0008
0.001573,0.0004
0.0015739999999999999,0.0004
0.001575,0.0024000000000000002
0.001576,0.0016
0.0015769999999999998,-0.002
0.001578,0.0016
0.001579,0.0016
0.00158,0.0
0.001581,0.0
0.001582,0.0
0.001583,0.0008
0.001584,-0.0008
0.001585,0.0008
0.001586,0.0
0.0015869999999999999,0.0012000000000000001
0.001588,0.0004
0.0015890000000000001,0.002
0.0015899999999999998,0.0016
0.001591,0.0012000000000000001
0.001592,0.002
0.001593,0.0
0.001594,0.0008
0.001595,0.0012000000000000001
0.001596,0.0012000000000000001
0.001597,-0.0004
0.001598,0.002
0.001599,0.0004
0.0015999999999999999,0.0004
0.001601,0.0024000000000000002
0.0016020000000000001,0.0004
0.0016029999999999998,0.0
0.001604,0.0008
0.001605,0.0024000000000000002
0.001606,0.0
0.001607,-0.0012000000000000001
0.001608,0.0012000000000000001
0.001609,0.0012000000000000001
0.0016099999999999999,0.0012000000000000001
0.001611,0.0008
0.001612,0.0012000000000000001
0.0016129999999999999,-0.0004
0.001614,0.0004
0.0016150000000000001,0.0032
0.001616,0.0016
0.001617,0.0016
0.001618,0.0
0.001619,0.0008
0.00162,0.0016
0.001621,0.0004
0.001622,0.002
0.0016229999999999999,0.0016
0.001624,0.0012000000000000001
0.001625,0.0028
0.0016259999999999998,0.0016
0.001627,0.002
0.001628,0.0016
0.001629,0.0004
0.00163,0.0012000000000000001
0.001631,0.0024000000000000002
0.001632,0.0016
0.001633,-0.0008
0.001634,0.0012000000000000001
0.001635,0.0012000000000000001
0.0016359999999999999,0.0012000000000000001
0.001637,0.0012000000000000001
0.0016380000000000001,-0.0016
0.0016389999999999998,-0.0008
0.00164,-0.0008
0.001641,0.0012000000000000001
0.001642,0.0008
0.001643,-0.0008
0.001644,0.0
0.001645,0.0
0.001646,0.0012000000000000001
0.001647,0.0016
0.001648,-0.0028
0.0016489999999999999,-0.0004
0.00165,-0.0012000000000000001
0.0016510000000000001,-0.0004
0.0016519999999999998,-0.0004
0.001653,-0.0016
0.001654,0.0008
0.001655,-0.0008
0.001656,0.0008
0.001657,0.0016
0.001658,-0.0016
0.0016589999999999999,-0.0032
0.00166,-0.0036000000000000003
0.001661,-0.0008
0.0016619999999999998,0.0004
0.001663,-0.0008
0.0016640000000000001,0.0004
0.0016649999999999998,0.0
0.001666,0.0012000000000000001
0.001667,0.0012000000000000001
0.001668,-0.0004
0.001669,0.0012000000000000001
0.00167,0.0004
0.001671,0.0016
0.0016719999999999999,0.0024000000000000002
0.001673,-0.0004
0.001674,0.0
0.0016749999999999998,0.0008
0.001676,0.0016
0.001677,0.002
0.001678,0.0012000000000000001
0.001679,0.0
0.00168,0.0008
0.001681,0.0012000000000000001
0.001682,0.0028
0.001683,0.0012000000000000001
0.001684,0.0004
0.0016849999999999999,0.0
0.001686,0.002
0.0016870000000000001,0.0024000000000000002
0.0016879999999999998,0.0012000000000000001
0.001689,0.0004
0.00169,0.0016
0.0016909999999999998,0.0004
0.001692,0.0024000000000000002
0.001693,0.0012000000000000001
0.0016939999999999998,0.0012000000000000001
0.001695,0.002
0.001696,0.0004
0.0016970000000000002,0.002
0.0016979999999999999,0.0008
0.001699,0.0012000000000000001
0.0017000000000000001,0.0016
0.0017009999999999998,0.0004
0.001702,0.0024000000000000002
0.001703,0.0004
0.0017039999999999998,0.0008
0.001705,0.0024000000000000002
0.001706,0.002
0.0017070000000000002,0.0
0.0017079999999999999,0.0004
0.001709,0.002
0.0017100000000000001,0.0004
0.0017109999999999998,0.0
0.001712,0.0016
0.0017130000000000001,0.0024000000000000002
0.0017139999999999998,0.0012000000000000001
0.001715,0.0008
0.001716,0.0024000000000000002
0.0017169999999999998,0.0004
0.001718,0.0016
0.001719,0.0016
0.0017200000000000002,0.0012000000000000001
0.0017209999999999999,0.002
0.001722,0.0008
0.0017230000000000001,0.002
0.0017239999999999998,0.0024000000000000002
0.001725,0.0028
0.001726,0.002
0.0017269999999999998,-0.0004
0.001728,-0.0012000000000000001
0.001729,0.0008
0.0017299999999999998,0.0012000000000000001
0.001731,0.0
0.001732,0.0
0.0017330000000000002,-0.0016
0.0017339999999999999,0.002
0.001735,0.0004
0.0017360000000000001,0.0024000000000000002
0.0017369999999999998,0.0012000000000000001
0.001738,0.0
0.001739,0.0024000000000000002
0.0017399999999999998,0.0012000000000000001
0.001741,0.0008
0.001742,0.0
0.0017429999999999998,-0.0004
0.0017439999999999999,0.0012000000000000001
0.001745,0.0008
0.0017460000000000002,0.0004
0.0017469999999999999,0.0012000000000000001
0.001748,-0.0008
0.0017490000000000001,0.0
0.0017499999999999998,-0.0012000000000000001
0.001751,-0.0008
0.001752,0.0
0.0017529999999999998,-0.0016
0.001754,0.0004
0.001755,0.0008
0.0017560000000000002,-0.0004
0.0017569999999999999,-0.0004
0.001758,-0.0008
0.0017590000000000001,0.0008
0.0017599999999999998,-0.0004
0.001761,-0.0004
0.0017620000000000001,0.0008
0.0017629999999999998,0.0004
0.001764,0.0
0.001765,-0.0004
0.0017659999999999998,0.0012000000000000001
0.001767,0.002
0.001768,0.0016
0.0017690000000000002,0.0012000000000000001
0.0017699999999999999,0.0
0.001771,0.0012000000000000001
0.0017720000000000001,0.002
0.0017729999999999998,0.0008
0.001774,0.0028
0.001775,-0.0004
0.0017759999999999998,0.0024000000000000002
0.001777,0.0012000000000000001
0.001778,0.002
0.0017789999999999998,0.0004
0.00178,-0.0008
0.001781,0.0
0.0017820000000000002,0.0012000000000000001
0.0017829999999999999,0.0008
0.001784,0.0028
0.0017850000000000001,0.0012000000000000001
0.0017859999999999998,0.0036000000000000003
0.001787,0.002
0.001788,0.0024000000000000002
0.0017889999999999998,0.0028
0.00179,0.0008
0.001791,0.0028
0.0017919999999999998,0.0024000000000000002
0.0017929999999999999,0.0024000000000000002
0.001794,0.0024000000000000002
0.0017950000000000002,0.0
0.0017959999999999999,0.0036000000000000003
0.001797,0.0028
0.0017980000000000001,0.0024000000000000002
0.0017989999999999998,0.0
0.0018,0.0008
0.001801,0.002
0.0018019999999999998,0.0012000000000000001
0.001803,-0.0004
0.001804,-0.0008
0.0018050000000000002,-0.0004
0.0018059999999999999,-0.0012000000000000001
0.001807,0.002
0.0018080000000000001,0.0004
0.0018089999999999998,0.0004
0.00181,0.0
0.0018110000000000001,0.0
0.0018119999999999998,0.002
0.001813,-0.0008
0.001814,0.002
0.0018149999999999998,0.0
0.001816,0.0024000000000000002
0.001817,0.0024000000000000002
0.0018180000000000002,0.0
0.0018189999999999999,0.0024000000000000002
0.00182,0.0012000000000000001
0.0018210000000000001,0.0036000000000000003
0.0018219999999999998,0.0024000000000000002
0.001823,0.0008
0.001824,0.0012000000000000001
0.0018249999999999998,0.0008
0.001826,0.0012000000000000001
0.001827,0.002
0.0018279999999999998,0.0032
0.001829,0.0004
0.00183,0.0016
0.0018310000000000002,0.0016
0.0018319999999999999,0.0
0.001833,-0.0004
0.0018340000000000001,0.0
0.0018349999999999998,0.002
0.001836,0.0004
0.001837,0.0004
0.0018379999999999998,-0.0004
0.001839,0.0
0.00184,0.0008
0.0018409999999999998,-0.0012000000000000001
0.0018419999999999999,0.002
0.001843,0.0004
0.0018440000000000002,-0.0016
0.0018449999999999999,-0.0008
0.001846,-0.0004
0.0018470000000000001,0.0024000000000000002
0.0018479999999999998,0.0004
0.001849,0.002
0.00185,0.0004
0.0018509999999999998,0.0024000000000000002
0.001852,0.0012000000000000001
0.001853,0.0016
0.0018540000000000002,0.0016
0.0018549999999999999,0.0024000000000000002
0.001856,0.002
0.0018570000000000001,-0.0004
0.0018579999999999998,0.0012000000000000001
0.001859,0.0008
0.00186,0.0008
0.0018609999999999998,0.0008
0.001862,-0.0016
0.001863,0.0024000000000000002
0.0018639999999999998,0.0
0.001865,0.0024000000000000002
0.001866,0.0
0.0018670000000000002,0.0012000000000000001
0.0018679999999999999,0.0012000000000000001
0.001869,0.0012000000000000001
0.0018700000000000001,0.0024000000000000002
0.0018709999999999998,-0.0008
0.001872,0.0016
0.001873,0.0024000000000000002
0.0018739999999999998,0.0008
0.001875,0.0004
0.001876,0.0
0.0018769999999999998,0.0016
0.001878,0.0008
0.001879,-0.0012000000000000001
0.0018800000000000002,-0.0004
0.0018809999999999999,0.0004
0.001882,0.0008
0.0018830000000000001,0.0
0.0018839999999999998,0.0024000000000000002
0.001885,0.002
0.001886,0.0024000000000000002
0.0018869999999999998,0.0024000000000000002
0.001888,0.0004
0.001889,0.0028
0.0018899999999999998,0.0012000000000000001
0.0018909999999999999,0.002
0.001892,0.0016
0.0018930000000000002,0.0004
0.0018939999999999999,0.0012000000000000001
0.001895,-0.0004
0.0018960000000000001,0.0012000000000000001
0.0018969999999999998,0.0012000000000000001
0.001898,-0.0008
0.001899,0.0004
0.0018999999999999998,0.0
0.001901,0.0012000000000000001
0.001902,0.0012000000000000001
0.0019030000000000002,0.0016
0.0019039999999999999,0.0012000000000000001
0.001905,0.0036000000000000003
0.0019060000000000001,0.0036000000000000003
0.0019069999999999998,0.002
0.001908,0.0024000000000000002
0.001909,0.0024000000000000002
0.0019099999999999998,0.0028
0.001911,0.0012000000000000001
0.001912,0.0008
0.0019129999999999998,0.0
0.001914,0.0008
0.001915,0.0
0.0019160000000000002,-0.0012000000000000001
0.0019169999999999999,0.0004
0.001918,0.0004
0.0019190000000000001,0.002
0.0019199999999999998,0.0012000000000000001
0.001921,0.0012000000000000001
0.001922,0.0012000000000000001
0.0019229999999999998,0.0012000000000000001
0.001924,0.0012000000000000001
0.001925,0.002
0.0019259999999999998,0.0012000000000000001
0.001927,0.0
0.001928,0.0008
0.0019290000000000002,-0.0004
0.0019299999999999999,0.0
0.001931,-0.0004
0.0019320000000000001,-0.0008
0.0019329999999999998,0.0
0.001934,0.0016
0.001935,0.0
0.0019359999999999998,0.002
0.001937,0.0008
0.001938,0.0024000000000000002
0.0019389999999999998,0.0036000000000000003
0.0019399999999999999,0.002
0.001941,0.0024000000000000002
0.0019420000000000001,-0.0004
0.0019429999999999998,0.0024000000000000002
0.001944,0.0
0.0019450000000000001,-0.0012000000000000001
0.0019459999999999998,0.0012000000000000001
0.001947,-0.0008
0.001948,0.0
0.0019489999999999998,-0.0004
0.00195,-0.0008
0.001951,0.0012000000000000001
0.0019520000000000002,0.0004
0.0019529999999999999,0.0016
0.001954,0.0
0.001955,0.0012000000000000001
0.001956,0.0012000000000000001
0.001957,0.0
0.001958,0.0024000000000000002
0.001959,0.002
0.00196,0.002
0.001961,0.0016
0.0019619999999999998,-0.0008
0.001963,0.002
0.001964,-0.0012000000000000001
0.001965,0.0
0.001966,0.0008
0.001967,0.0004
0.001968,0.0024000000000000002
0.001969,-0.0012000000000000001
0.00197,0.0016
0.001971,0.0012000000000000001
0.001972,0.0012000000000000001
0.001973,0.0012000000000000001
0.001974,-0.0004
0.0019749999999999998,0.0016
0.001976,0.0004
0.001977,0.0012000000000000001
0.001978,0.0008
0.001979,0.0
0.00198,0.002
0.001981,0.0004
0.001982,-0.0016
0.001983,0.0012000000000000001
0.001984,-0.0024000000000000002
0.001985,0.0
0.001986,0.0
0.001987,-0.0008
0.0019879999999999997,0.0028
0.001989,0.0
0.00199,0.0028
0.001991,0.0008
0.001992,0.0016
0.001993,0.0028
0.001994,0.0024000000000000002
0.001995,0.0032
0.001996,0.0012000000000000001
0.001997,0.0004
0.0019979999999999998,0.0024000000000000002
0.001999,0.0024000000000000002
0.002,0.0024000000000000002
0.002001,0.0012000000000000001
0.002002,0.0004
0.002003,0.0004
0.002004,0.0004
0.002005,-0.0012000000000000001
0.002006,-0.0008
0.002007,0.0004
0.002008,0.0028
0.002009,0.0
0.00201,0.0008
0.0020109999999999998,0.0012000000000000001
0.002012,0.0012000000000000001
0.002013,0.0024000000000000002
0.002014,0.002
0.002015,0.002
0.002016,0.0008
0.002017,0.0024000000000000002
0.002018,0.0024000000000000002
0.002019,0.0016
0.00202,0.0024000000000000002
0.002021,-0.0004
0.002022,0.0032
0.002023,0.0012000000000000001
0.0020239999999999998,-0.0012000000000000001
0.002025,0.0012000000000000001
0.002026,0.0012000000000000001
0.002027,0.0032
0.002028,-0.0012000000000000001
0.002029,-0.0008
0.00203,0.002
0.002031,0.0012000000000000001
0.002032,0.0032
0.002033,0.0008
0.002034,0.0012000000000000001
0.002035,0.0012000000000000001
0.002036,0.0032
0.0020369999999999997,0.0032
0.002038,0.0024000000000000002
0.002039,0.002
0.00204,0.0032
0.002041,0.0032
0.002042,0.0028
0.002043,0.0024000000000000002
0.002044,0.0012000000000000001
0.002045,0.0012000000000000001
0.002046,0.0012000000000000001
0.0020469999999999998,0.0012000000000000001
0.002048,0.0
0.002049,-0.0008
0.00205,0.0024000000000000002
0.002051,0.0004
0.002052,0.0012000000000000001
0.002053,0.0
0.002054,0.0004
0.002055,0.002
0.002056,0.0
0.002057,0.0012000000000000001
0.002058,-0.0028
0.002059,-0.0004
0.0020599999999999998,0.0028
0.002061,-0.0008
0.002062,0.0004
0.002063,-0.0012000000000000001
0.002064,0.0008
0.002065,0.0024000000000000002
0.002066,0.0008
0.002067,0.0012000000000000001
0.002068,0.0
0.002069,0.0024000000000000002
0.00207,0.0028
0.002071,0.0012000000000000001
0.002072,0.0016
0.0020729999999999998,0.0028
0.002074,0.0024000000000000002
0.002075,0.0028
0.002076,0.0012000000000000001
0.002077,0.002
0.002078,0.0024000000000000002
0.002079,0.0012000000000000001
0.00208,0.0016
0.002081,0.0
0.002082,0.0004
0.0020829999999999998,0.0012000000000000001
0.002084,0.002
0.002085,0.0016
0.0020859999999999997,0.0012000000000000001
0.002087,0.0004
0.002088,0.0004
0.002089,0.0008
0.00209,0.0012000000000000001
0.002091,-0.0016
0.002092,-0.0004
0.002093,-0.0004
0.002094,-0.0004
0.002095,0.0008
0.0020959999999999998,-0.002
0.002097,-0.0008
0.002098,0.0004
0.002099,0.0
0.0021,-0.002
0.002101,-0.0008
0.002102,-0.0012000000000000001
0.002103,0.0012000000000000001
0.002104,0.0012000000000000001
0.002105,0.0012000000000000001
0.002106,0.0
0.002107,-0.0004
0.002108,-0.006
0.0021089999999999998,-0.0044
0.00211,-0.002
0.002111,-0.002
0.002112,-0.0024000000000000002
0.002113,0.0012000000000000001
0.002114,0.0
0.002115,0.0004
0.002116,0.0
0.002117,0.0024000000000000002
0.002118,0.0024000000000000002
0.002119,0.0028
0.00212,0.0
0.002121,0.0004
0.0021219999999999998,0.0036000000000000003
0.002123,0.0028
0.002124,0.002
0.002125,0.0008
0.002126,0.0024000000000000002
0.002127,0.004
0.002128,0.002
0.002129,0.002
0.00213,0.002
0.002131,0.002
0.0021319999999999998,0.0024000000000000002
0.002133,0.0008
0.002134,0.0016
0.0021349999999999997,0.0012000000000000001
0.002136,0.0008
0.002137,0.0016
0.002138,0.0024000000000000002
0.002139,0.0004
0.00214,0.0004
0.002141,0.0
0.002142,0.002
0.002143,-0.0008
0.002144,0.0004
0.0021449999999999998,0.0004
0.002146,-0.0004
0.002147,0.0012000000000000001
0.002148,0.0008
0.002149,0.0008
0.00215,0.0012000000000000001
0.002151,0.0008
0.002152,-0.0008
0.002153,0.0012000000000000001
0.002154,0.0012000000000000001
0.002155,0.0
0.002156,0.0012000000000000001
0.002157,0.0008
0.0021579999999999998,0.0
0.002159,0.0012000000000000001
0.00216,0.002
0.002161,0.0008
0.002162,0.0
0.002163,0.0024000000000000002
0.002164,0.0012000000000000001
0.002165,0.0012000000000000001
0.002166,-0.0004
0.002167,0.0024000000000000002
0.002168,0.0028
0.002169,0.0004
0.00217,0.0008
0.0021709999999999998,0.0008
0.002172,0.0024000000000000002
0.002173,0.0028
0.002174,-0.0004
0.002175,0.0016
0.002176,0.0004
0.002177,0.002
0.002178,0.0004
0.002179,-0.002
0.00218,0.0016
0.0021809999999999998,-0.0024000000000000002
0.002182,0.0016
0.002183,-0.0004
0.0021839999999999997,-0.0004
0.002185,0.0012000000000000001
0.002186,0.0016
0.002187,0.0036000000000000003
0.002188,0.0024000000000000002
0.002189,0.0004
0.00219,0.0028
0.002191,0.0024000000000000002
0.002192,0.0028
0.002193,0.0016
0.0021939999999999998,-0.0004
0.002195,0.0008
0.002196,-0.0008
0.002197,0.0008
0.002198,0.0004
0.002199,-0.0028
0.0022,0.002
0.002201,-0.0008
0.002202,0.0004
0.002203,0.0008
0.002204,-0.0012000000000000001
0.002205,0.0024000000000000002
0.002206,0.0012000000000000001
0.0022069999999999998,0.002
0.002208,0.0008
0.002209,0.0008
0.00221,0.002
0.002211,0.0016
0.002212,0.0008
0.002213,0.0024000000000000002
0.002214,0.0008
0.002215,0.0012000000000000001
0.002216,0.0
0.002217,0.002
0.002218,0.0016
0.002219,0.0016
0.0022199999999999998,0.0008
0.002221,-0.0012000000000000001
0.002222,0.0016
0.002223,0.0012000000000000001
0.002224,0.0008
0.002225,0.0004
0.002226,0.0008
0.002227,0.0
0.002228,-0.0008
0.002229,-0.0004
0.0022299999999999998,0.0012000000000000001
0.002231,0.0012000000000000001
0.002232,0.0028
0.0022329999999999997,-0.0008
0.002234,0.0004
0.002235,0.0012000000000000001
0.002236,0.0008
0.002237,0.0004
0.002238,-0.0004
0.002239,-0.0004
0.00224,0.0016
0.002241,0.0
0.002242,0.002
0.0022429999999999998,0.002
0.002244,0.0024000000000000002
0.002245,0.0008
0.002246,0.0012000000000000001
0.002247,0.0028
0.002248,-0.0008
0.002249,0.0004
0.00225,0.0012000000000000001
0.002251,0.0004
0.002252,0.002
0.002253,0.0
0.002254,0.0004
0.002255,0.0024000000000000002
0.0022559999999999998,0.0008
0.002257,0.0024000000000000002
0.002258,0.0012000000000000001
0.002259,-0.0012000000000000001
0.00226,0.0024000000000000002
0.002261,0.0012000000000000001
0.002262,0.0012000000000000001
0.002263,0.0016
0.002264,0.0004
0.002265,0.002
0.002266,-0.0004
0.002267,0.0012000000000000001
0.002268,0.0012000000000000001
0.0022689999999999997,0.0012000000000000001
0.00227,0.0012000000000000001
0.002271,0.0
0.002272,0.0012000000000000001
0.002273,0.0016
0.002274,0.0012000000000000001
0.002275,0.0012000000000000001
0.002276,0.0012000000000000001
0.002277,0.0016
0.002278,0.0024000000000000002
0.0022789999999999998,0.0004
0.00228,0.0024000000000000002
0.002281,0.0
0.0022819999999999997,0.0012000000000000001
0.002283,0.0016
0.002284,0.0004
0.002285,0.0016
0.002286,0.0008
0.002287,0.0024000000000000002
0.002288,0.0024000000000000002
0.002289,0.0008
0.00229,0.002
0.002291,0.0
0.0022919999999999998,0.0024000000000000002
0.002293,0.0008
0.002294,-0.0004
0.0022949999999999997,0.0
0.002296,0.0008
0.002297,0.002
0.002298,0.0012000000000000001
0.002299,0.0008
0.0023,0.0012000000000000001
0.002301,0.0032
0.002302,0.0032
0.002303,0.0032
0.002304,0.0004
0.0023049999999999998,0.0012000000000000001
0.002306,0.0004
0.002307,0.0012000000000000001
0.002308,0.0
0.002309,-0.002
0.00231,0.0
0.002311,0.0012000000000000001
0.002312,0.0008
0.002313,0.0012000000000000001
0.002314,0.0012000000000000001
0.002315,0.0016
0.002316,0.0024000000000000002
0.002317,0.0012000000000000001
0.0023179999999999997,0.0024000000000000002
0.002319,0.0008
0.00232,0.002
0.002321,0.002
0.002322,-0.0012000000000000001
0.002323,0.0012000000000000001
0.002324,0.0
0.002325,0.0004
0.002326,0.0
0.002327,0.0
0.0023279999999999998,0.0024000000000000002
0.002329,0.0008
0.00233,0.0008
0.0023309999999999997,0.002
0.002332,0.0008
0.002333,0.0036000000000000003
0.002334,0.0012000000000000001
0.002335,0.0004
0.002336,0.0008
0.002337,0.0008
0.002338,0.0012000000000000001
0.002339,0.0
0.00234,0.0012000000000000001
0.0023409999999999998,0.002
0.002342,0.0012000000000000001
0.002343,0.0016
0.0023439999999999997,-0.0008
0.002345,0.0008
0.002346,0.0004
0.002347,0.0008
0.002348,0.002
0.002349,-0.0004
0.00235,-0.0004
0.002351,0.0008
0.002352,0.002
0.002353,0.0032
0.0023539999999999998,0.0004
0.002355,0.0032
0.002356,0.0024000000000000002
0.002357,0.002
0.002358,0.0024000000000000002
0.002359,-0.0004
0.00236,0.002
0.002361,0.0012000000000000001
0.002362,0.0008
0.002363,0.0012000000000000001
0.0023639999999999998,-0.0008
0.002365,0.0012000000000000001
0.002366,0.0012000000000000001
0.0023669999999999997,-0.0004
0.002368,0.0012000000000000001
0.002369,0.0008
0.00237,0.0012000000000000001
0.002371,0.0
0.002372,-0.0016
0.002373,-0.0004
0.002374,-0.0012000000000000001
0.002375,0.0
0.002376,-0.002
0.0023769999999999998,0.0012000000000000001
0.002378,0.0012000000000000001
0.002379,-0.0008
0.0023799999999999997,0.0012000000000000001
0.002381,0.0012000000000000001
0.002382,0.0028
0.002383,0.0024000000000000002
0.002384,0.0
0.002385,0.0036000000000000003
0.002386,-0.0044
0.002387,0.0008
0.002388,0.0004
0.002389,-0.0012000000000000001
0.0023899999999999998,0.0036000000000000003
0.002391,0.0008
0.002392,0.0032
0.0023929999999999997,-0.0064
0.002394,-0.0108
0.002395,-0.0048000000000000004
0.002396,-0.0036000000000000003
0.002397,-0.0024000000000000002
0.002398,-0.0016
0.002399,-0.0004
0.0024,-0.0004
0.002401,-0.0016
0.002402,0.0004
0.0024029999999999998,0.0
0.002404,0.0012000000000000001
0.002405,0.0004
0.002406,-0.0008
0.002407,0.0004
0.002408,0.0004
0.002409,-0.0004
0.00241,0.0
0.002411,-0.0004
0.002412,-0.0008
0.0024129999999999998,-0.0004
0.002414,-0.0012000000000000001
0.002415,-0.0008
0.0024159999999999997,0.0
0.002417,0.0
0.002418,0.0012000000000000001
0.002419,0.0008
0.00242,-0.0008
0.002421,-0.0004
0.002422,-0.0004
0.002423,0.0004
0.002424,0.0008
0.002425,-0.0032
0.0024259999999999998,0.0004
0.002427,0.0
0.002428,-0.0008
0.0024289999999999997,0.0008
0.00243,-0.0024000000000000002
0.002431,0.0016
0.002432,0.0004
0.002433,0.0008
0.002434,0.0012000000000000001
0.002435,0.0
0.002436,0.002
0.002437,0.0
0.002438,-0.0004
0.0024389999999999998,0.0
0.00244,-0.0004
0.002441,0.0016
0.0024419999999999997,-0.0008
0.002443,0.0008
0.002444,0.0008
0.002445,0.0
0.002446,0.002
0.002447,0.0016
0.002448,0.0016
0.002449,0.0012000000000000001
0.00245,0.0004
0.002451,0.0008
0.0024519999999999998,0.0
0.002453,0.002
0.002454,0.0032
0.002455,0.0
0.002456,0.0004
0.002457,0.0016
0.002458,0.0024000000000000002
0.002459,0.0024000000000000002
0.00246,0.0
0.002461,0.0024000000000000002
0.0024619999999999998,0.0024000000000000002
0.002463,0.0024000000000000002
0.002464,0.0036000000000000003
0.0024649999999999997,0.0008
0.002466,0.0032
0.002467,0.0012000000000000001
0.002468,0.0012000000000000001
0.002469,0.0024000000000000002
0.00247,0.0016
0.002471,0.0008
0.002472,0.0016
0.002473,0.0008
0.002474,0.002
0.0024749999999999998,0.0024000000000000002
0.002476,0.0028
0.002477,0.002
0.0024779999999999997,0.0012000000000000001
0.002479,0.0044
0.00248,0.0024000000000000002
0.002481,0.0028
0.002482,0.0012000000000000001
0.002483,0.0012000000000000001
0.002484,0.0012000000000000001
0.002485,0.0024000000000000002
0.002486,0.0012000000000000001
0.002487,0.002
0.0024879999999999998,-0.0012000000000000001
0.002489,0.0012000000000000001
0.00249,0.0028
0.0024909999999999997,0.0012000000000000001
0.002492,0.0016
0.002493,0.0016
0.002494,0.0032
0.002495,0.0028
0.002496,0.002
0.002497,0.0028
0.002498,0.0016
0.002499,0.0024000000000000002
0.0025,0.0028
0.0025009999999999998,0.0008
0.002502,0.0032
0.002503,0.0012000000000000001
0.002504,0.0
0.002505,0.0016
0.002506,0.0012000000000000001
0.002507,0.0032
0.002508,0.0032
0.002509,0.0008
0.00251,0.0024000000000000002
0.0025109999999999998,0.0004
0.002512,0.0024000000000000002
0.002513,0.0016
0.0025139999999999997,-0.0008
0.002515,-0.0004
0.002516,0.0016
0.002517,0.0012000000000000001
0.002518,0.0024000000000000002
0.002519,0.0012000000000000001
0.00252,0.002
0.002521,0.002
0.002522,0.0008
0.002523,0.0004
0.0025239999999999998,0.0012000000000000001
0.002525,0.002
0.002526,0.0004
0.0025269999999999997,-0.0008
0.002528,-0.0012000000000000001
0.002529,0.0012000000000000001
0.00253,0.0004
0.002531,0.0012000000000000001
0.002532,0.0
0.002533,-0.0012000000000000001
0.002534,0.002
0.002535,0.0012000000000000001
0.002536,0.0004
0.0025369999999999998,0.0004
0.002538,-0.0008
0.002539,0.0016
0.0025399999999999997,0.0008
0.002541,0.0004
0.002542,0.0016
0.002543,0.0004
0.002544,-0.0004
0.002545,0.0
0.002546,-0.0008
0.002547,0.0
0.002548,-0.002
0.002549,-0.0008
0.0025499999999999997,-0.0008
0.002551,-0.0012000000000000001
0.002552,0.0008
0.002553,-0.0012000000000000001
0.002554,0.0012000000000000001
0.002555,0.0004
0.002556,0.0
0.002557,0.0024000000000000002
0.002558,0.0
0.002559,-0.0012000000000000001
0.0025599999999999998,0.0008
0.002561,0.0004
0.002562,0.002
0.0025629999999999997,-0.0008
0.002564,0.0012000000000000001
0.002565,0.0008
0.002566,0.0004
0.002567,0.0
0.002568,0.0
0.002569,-0.0012000000000000001
0.00257,0.0012000000000000001
0.002571,0.0008
0.002572,-0.0008
0.0025729999999999998,-0.0008
0.002574,0.0
0.002575,0.0012000000000000001
0.0025759999999999997,0.0012000000000000001
0.002577,0.0004
0.002578,0.0016
0.002579,-0.0004
0.00258,0.0024000000000000002
0.002581,0.0
0.002582,0.0
0.002583,0.0004
0.002584,-0.0008
0.002585,-0.0012000000000000001
0.0025859999999999998,0.0
0.002587,0.0016
0.002588,0.0024000000000000002
0.0025889999999999997,0.0016
0.00259,0.0
0.002591,0.0024000000000000002
0.002592,0.0008
0.002593,0.0016
0.002594,0.0
0.002595,-0.0004
0.002596,0.0008
0.002597,-0.0004
0.002598,-0.0012000000000000001
0.0025989999999999997,-0.0008
0.0026,0.0016
0.002601,0.0012000000000000001
0.002602,0.0008
0.002603,0.0004
0.002604,0.0008
0.002605,0.002
0.002606,0.0004
0.002607,0.002
0.002608,0.0012000000000000001
0.0026089999999999998,0.0024000000000000002
0.00261,-0.0008
0.002611,0.002
0.0026119999999999997,0.0024000000000000002
0.002613,-0.0012000000000000001
0.002614,0.0016
0.002615,0.0008
0.002616,0.0012000000000000001
0.002617,0.0016
0.002618,0.0016
0.002619,0.002
0.00262,0.0024000000000000002
0.002621,0.0004
0.0026219999999999998,0.0016
0.002623,0.0024000000000000002
0.002624,0.0028
0.0026249999999999997,0.0032
0.002626,0.0012000000000000001
0.002627,0.0016
0.002628,0.0032
0.002629,0.0032
0.00263,0.0024000000000000002
0.002631,0.0008
0.002632,0.0024000000000000002
0.002633,0.004
0.002634,0.0
0.0026349999999999998,0.002
0.002636,0.0004
0.002637,0.0028
0.0026379999999999997,0.0028
0.002639,0.0004
0.00264,0.0024000000000000002
0.002641,0.0008
0.002642,0.0024000000000000002
0.002643,0.0032
0.002644,0.0
0.0026449999999999998,0.0024000000000000002
0.002646,0.0
0.002647,0.0
0.0026479999999999997,0.0016
0.002649,-0.0012000000000000001
0.00265,-0.0008
0.002651,-0.0004
0.002652,-0.0016
0.002653,-0.0004
0.002654,0.0004
0.002655,-0.0004
0.002656,0.0012000000000000001
0.002657,0.0
0.0026579999999999998,0.0004
0.002659,0.0008
0.00266,0.0016
0.0026609999999999997,0.002
0.002662,0.002
0.002663,0.0008
0.002664,0.0024000000000000002
0.002665,0.0012000000000000001
0.002666,0.0012000000000000001
0.002667,0.0024000000000000002
0.0026680000000000002,0.0008
0.002669,0.0016
0.00267,0.002
0.002671,-0.0016
0.002672,0.0008
0.002673,0.0012000000000000001
0.002674,-0.0016
0.002675,0.0016
0.002676,0.0
0.002677,0.0004
0.002678,0.0012000000000000001
0.002679,-0.0004
0.00268,0.0024000000000000002
0.0026810000000000002,0.0004
0.002682,0.0012000000000000001
0.002683,0.002
0.002684,-0.002
0.002685,-0.0008
0.002686,-0.0004
0.002687,0.0004
0.002688,0.0024000000000000002
0.002689,-0.0008
0.00269,-0.0004
0.0026910000000000002,0.0024000000000000002
0.002692,0.0012000000000000001
0.002693,0.0004
0.002694,0.0016
0.002695,0.0
0.002696,0.0028
0.002697,0.002
0.002698,0.0016
0.002699,0.0028
0.0027,0.0012000000000000001
0.002701,0.0036000000000000003
0.002702,0.0008
0.002703,0.002
0.0027040000000000002,0.0032
0.002705,0.0016
0.002706,0.0032
0.002707,0.0
0.002708,0.0024000000000000002
0.002709,0.0036000000000000003
0.00271,-0.0004
0.002711,0.0012000000000000001
0.002712,0.0
0.002713,0.0024000000000000002
0.002714,0.0024000000000000002
0.002715,0.0024000000000000002
0.002716,-0.0004
0.0027170000000000002,0.0008
0.002718,0.0004
0.002719,0.0012000000000000001
0.00272,0.0008
0.002721,0.0008
0.002722,-0.0008
0.002723,0.0
0.002724,0.0004
0.002725,0.0024000000000000002
0.002726,-0.0004
0.002727,0.0004
0.002728,-0.0008
0.002729,0.0008
0.0027300000000000002,0.0016
0.002731,0.0004
0.002732,0.0008
0.002733,0.0028
0.002734,0.0024000000000000002
0.002735,0.0012000000000000001
0.002736,-0.0012000000000000001
0.002737,0.0008
0.002738,0.0012000000000000001
0.002739,0.0
0.0027400000000000002,0.0008
0.002741,0.0012000000000000001
0.002742,-0.0008
0.002743,0.0012000000000000001
0.002744,0.0008
0.002745,0.0004
0.002746,0.002
0.002747,0.0012000000000000001
0.002748,0.0028
0.002749,0.0004
0.00275,0.0016
0.002751,0.0016
0.002752,0.0
0.0027530000000000002,0.0024000000000000002
0.002754,0.002
0.002755,-0.0008
0.002756,0.0036000000000000003
0.002757,0.0008
0.002758,0.0028
0.002759,0.0
0.00276,0.0012000000000000001
0.002761,0.0024000000000000002
0.002762,0.0008
0.002763,0.0028
0.002764,-0.0004
0.002765,0.0
0.0027660000000000002,0.0028
0.002767,0.0012000000000000001
0.002768,0.0032
0.002769,0.0004
0.00277,0.0
0.002771,0.0036000000000000003
0.002772,0.002
0.002773,-0.0004
0.002774,0.0016
0.002775,0.0
0.002776,0.0028
0.002777,0.0016
0.002778,0.0024000000000000002
0.0027790000000000002,0.0024000000000000002
0.00278,0.0
0.002781,0.0032
0.002782,0.0024000000000000002
0.002783,0.002
0.002784,0.0024000000000000002
0.002785,-0.0012000000000000001
0.002786,0.0028
0.002787,0.0012000000000000001
0.002788,0.0004
0.0027890000000000002,0.002
0.00279,-0.0008
0.002791,0.0024000000000000002
0.002792,0.0012000000000000001
0.002793,0.0
0.002794,0.0024000000000000002
0.002795,0.0
0.002796,0.0016
0.002797,0.0008
0.002798,-0.0016
0.002799,0.0024000000000000002
0.0028,-0.0008
0.002801,0.0008
0.0028020000000000002,-0.0016
0.002803,-0.0024000000000000002
0.002804,0.0016
0.002805,0.0
0.002806,-0.002
0.002807,0.0
0.002808,-0.0004
0.002809,0.0032
0.00281,-0.0012000000000000001
0.002811,0.0012000000000000001
0.002812,0.0
0.002813,0.0004
0.002814,0.0024000000000000002
0.0028150000000000002,0.0016
0.002816,0.0008
0.002817,-0.0012000000000000001
0.002818,0.0004
0.002819,0.002
0.00282,0.0012000000000000001
0.002821,0.0024000000000000002
0.002822,0.0004
0.002823,0.0
0.002824,0.0016
0.002825,0.002
0.002826,0.0028
0.002827,0.0012000000000000001
0.0028280000000000002,0.002
0.002829,0.0032
0.00283,0.0016
0.002831,0.002
0.002832,0.0024000000000000002
0.002833,0.0024000000000000002
0.002834,0.0028
0.002835,0.0
0.002836,0.0
0.002837,0.002
0.0028380000000000002,0.0012000000000000001
0.002839,0.0008
0.00284,0.0008
0.002841,-0.0016
0.002842,0.0024000000000000002
0.002843,0.0008
0.002844,0.0016
0.002845,0.0004
0.002846,0.0008
0.002847,0.0028
0.002848,0.0012000000000000001
0.002849,0.0016
0.00285,0.002
0.0028510000000000002,0.0004
0.002852,0.0032
0.002853,0.0012000000000000001
0.002854,0.0024000000000000002
0.002855,0.002
0.002856,0.0016
0.002857,0.0008
0.002858,-0.0004
0.002859,0.0024000000000000002
0.00286,-0.0004
0.002861,0.0
0.002862,0.0004
0.002863,-0.0012000000000000001
0.0028640000000000002,0.002
0.002865,0.0008
0.002866,0.0012000000000000001
0.002867,0.0
0.002868,0.0
0.002869,0.0024000000000000002
0.00287,0.0028
0.002871,0.0036000000000000003
0.002872,0.0024000000000000002
0.002873,-0.0004
0.002874,0.0028
0.002875,0.0032
0.002876,0.0028
0.0028770000000000002,0.002
0.002878,0.0
0.002879,0.0044
0.00288,0.002
0.002881,0.002
0.002882,0.0028
0.002883,0.0004
0.002884,0.0016
0.002885,0.0004
0.002886,-0.0008
0.0028870000000000002,0.0012000000000000001
0.002888,0.0004
0.002889,0.0012000000000000001
0.00289,0.0004
0.002891,-0.0028
0.002892,0.0012000000000000001
0.002893,0.0
0.002894,0.0024000000000000002
0.002895,0.0
0.002896,0.0
0.002897,0.0036000000000000003
0.002898,0.002
0.002899,0.0024000000000000002
0.0029000000000000002,0.002
0.002901,0.0008
0.002902,0.0036000000000000003
0.002903,0.0024000000000000002
0.002904,0.0008
0.002905,0.002
0.002906,-0.0008
0.002907,0.0008
0.002908,0.0012000000000000001
0.002909,0.0
0.00291,-0.0008
0.002911,-0.0024000000000000002
0.002912,0.0004
0.0029130000000000002,-0.0008
0.002914,-0.0004
0.002915,0.0004
0.002916,-0.0008
0.002917,0.0032
0.002918,0.0
0.002919,0.0
0.00292,0.002
0.002921,-0.0004
0.002922,0.0036000000000000003
0.002923,0.002
0.002924,0.0016
0.002925,0.0024000000000000002
0.002926,0.0032
0.002927,0.0024000000000000002
0.002928,0.0016
0.002929,0.0012000000000000001
0.00293,0.002
0.002931,0.0016
0.002932,0.002
0.002933,0.0008
0.002934,-0.0012000000000000001
0.002935,0.0012000000000000001
0.0029360000000000002,0.0
0.002937,-0.0008
0.002938,0.0
0.002939,-0.0016
0.00294,0.0012000000000000001
0.002941,-0.0008
0.002942,-0.0004
0.002943,0.0016
0.002944,0.0
0.002945,0.0024000000000000002
0.002946,0.0008
0.002947,0.0008
0.002948,0.0012000000000000001
0.0029490000000000002,0.0012000000000000001
0.00295,0.002
0.002951,0.0
0.002952,0.0
0.002953,0.0028
0.002954,0.0024000000000000002
0.002955,0.002
0.002956,0.002
0.002957,0.0012000000000000001
0.002958,0.0044
0.002959,0.0032
0.00296,0.0032
0.002961,0.002
0.0029620000000000002,0.0008
0.002963,0.0032
0.002964,0.0028
0.002965,0.0008
0.002966,0.0004
0.002967,-0.0004
0.002968,0.0032
0.002969,0.0
0.00297,-0.0008
0.002971,0.0012000000000000001
0.002972,-0.0008
0.002973,0.0008
0.002974,0.0
0.002975,0.0
0.002976,0.0004
0.002977,0.0
0.002978,0.0004
0.002979,0.0008
0.00298,-0.0004
0.002981,0.0012000000000000001
0.002982,-0.0004
0.002983,0.0
0.002984,0.0012000000000000001
0.0029850000000000002,0.0
0.002986,-0.0004
0.002987,0.0012000000000000001
0.002988,-0.0008
0.002989,-0.0008
0.00299,-0.002
0.002991,0.0016
0.002992,0.0008
0.002993,0.0
0.002994,-0.0012000000000000001
0.002995,-0.0012000000000000001
0.002996,0.0004
0.002997,0.002
0.0029980000000000002,-0.0008
0.002999,0.0004
0.003,0.0
0.003001,0.0016
0.003002,0.0028
0.003003,0.002
0.003004,0.0004
0.003005,0.0004
0.003006,0.0012000000000000001
0.003007,0.0036000000000000003
0.003008,0.0
0.003009,-0.0008
0.00301,0.0012000000000000001
0.0030110000000000002,0.0004
0.003012,0.0004
0.003013,0.002
0.003014,0.0008
0.003015,0.002
0.003016,0.0024000000000000002
0.003017,0.002
0.003018,0.0028
0.003019,0.0012000000000000001
0.00302,0.0024000000000000002
0.003021,0.0012000000000000001
0.003022,0.002
0.003023,0.0012000000000000001
0.003024,0.0016
0.003025,0.0028
0.003026,0.0016
0.003027,0.002
0.003028,0.002
0.003029,0.0024000000000000002
0.00303,0.0028
0.003031,0.0012000000000000001
0.003032,0.0012000000000000001
0.003033,0.0016
0.0030340000000000002,0.0028
0.003035,0.0036000000000000003
0.003036,0.0024000000000000002
0.003037,0.0012000000000000001
0.003038,0.0024000000000000002
0.003039,0.0004
0.00304,0.0028
0.003041,0.0004
0.003042,-0.0008
0.003043,0.0004
0.003044,0.0004
0.003045,0.0016
0.003046,-0.0008
0.0030470000000000002,-0.0008
0.003048,0.0008
0.003049,-0.0012000000000000001
0.00305,-0.0012000000000000001
0.003051,0.0
0.003052,-0.0008
0.003053,-0.0008
0.003054,-0.0012000000000000001
0.003055,-0.0012000000000000001
0.003056,0.002
0.003057,-0.0012000000000000001
0.003058,0.0004
0.003059,0.0008
0.0030600000000000002,-0.002
0.003061,0.0012000000000000001
0.003062,0.0004
0.003063,-0.0008
0.003064,0.0008
0.003065,0.0
0.003066,0.0016
0.003067,0.0012000000000000001
0.003068,0.0012000000000000001
0.003069,0.0028
0.00307,-0.0004
0.003071,0.0028
0.003072,0.0024000000000000002
0.003073,-0.0004
0.003074,0.002
0.003075,0.0
0.003076,0.0032
0.003077,0.0024000000000000002
0.003078,0.0012000000000000001
0.003079,0.0024000000000000002
0.00308,0.0008
0.003081,0.0024000000000000002
0.003082,0.0016
0.0030830000000000002,-0.0004
0.003084,0.002
0.003085,-0.0004
0.003086,0.0012000000000000001
0.003087,0.0
0.003088,0.0004
0.003089,0.0012000000000000001
0.00309,0.0012000000000000001
0.003091,0.0008
0.003092,0.0
0.003093,-0.0008
0.003094,-0.0008
0.003095,0.0012000000000000001
0.0030960000000000002,0.0
0.003097,0.0004
0.003098,0.0004
0.003099,0.0004
0.0031,0.0016
0.003101,0.0024000000000000002
0.003102,0.0032
0.003103,0.002
0.003104,0.0012000000000000001
0.003105,0.0024000000000000002
0.003106,0.0024000000000000002
0.003107,0.0016
0.003108,0.0016
0.0031090000000000002,0.0
0.00311,0.0032
0.003111,0.0012000000000000001
0.003112,0.0004
0.003113,0.0012000000000000001
0.003114,0.0004
0.003115,0.0
0.003116,-0.0008
0.003117,-0.002
0.003118,0.0012000000000000001
0.003119,0.0
0.00312,0.0
0.003121,0.0008
0.003122,0.0
0.003123,0.0024000000000000002
0.003124,0.0008
0.003125,0.0012000000000000001
0.003126,0.0028
0.003127,0.0
0.003128,0.0036000000000000003
0.003129,0.0004
0.00313,0.002
0.003131,0.0024000000000000002
0.003132,0.0016
0.003133,0.0032
0.003134,0.0024000000000000002
0.003135,0.0024000000000000002
0.003136,0.0024000000000000002
0.003137,0.002
0.003138,0.0032
0.003139,0.0024000000000000002
0.00314,0.0012000000000000001
0.003141,0.0004
0.003142,-0.0012000000000000001
0.003143,0.0016
0.003144,0.002
0.0031450000000000002,-0.0012000000000000001
0.003146,0.0004
0.003147,-0.0008
0.003148,-0.0004
0.003149,0.0012000000000000001
0.00315,-0.002
0.003151,0.0
0.003152,0.0012000000000000001
0.003153,-0.0012000000000000001
0.003154,0.0004
0.003155,0.0008
0.003156,0.002
0.003157,0.0004
0.003158,0.0
0.003159,0.002
0.00316,0.0004
0.003161,0.002
0.003162,0.0008
0.003163,0.0012000000000000001
0.003164,0.0024000000000000002
0.003165,-0.0004
0.003166,0.0016
0.003167,0.002
0.003168,0.0
0.003169,0.0016
0.00317,-0.0016
0.003171,0.0016
0.003172,0.0008
0.003173,-0.0008
0.003174,0.0004
0.003175,0.0004
0.003176,0.002
0.003177,0.0012000000000000001
0.003178,0.0008
0.003179,0.0012000000000000001
0.00318,0.0016
0.003181,0.0024000000000000002
0.003182,0.0012000000000000001
0.003183,0.0004
0.003184,0.0008
0.003185,0.0024000000000000002
0.003186,0.0024000000000000002
0.003187,0.0024000000000000002
0.003188,0.0012000000000000001
0.003189,0.0016
0.00319,0.002
0.003191,0.0028
0.003192,0.002
0.003193,0.0016
0.0031940000000000002,0.0012000000000000001
0.003195,0.0012000000000000001
0.003196,0.0016
0.003197,-0.0004
0.003198,0.0024000000000000002
0.003199,0.0004
0.0032,0.0
0.003201,0.0016
0.003202,-0.0036000000000000003
0.003203,-0.0008
0.003204,0.0
0.003205,0.0
0.003206,0.002
0.003207,0.0008
0.003208,0.0016
0.003209,0.002
