t,V1
-0.05,0.0024000000000000002
-0.049960000000000004,0.0016
-0.049920000000000006,0.002
-0.04988,0.0028
-0.04984,0.0012000000000000001
-0.049800000000000004,0.0
-0.049760000000000006,0.0012000000000000001
-0.04972,0.0016
-0.04968,0.0032
-0.049640000000000004,0.0008
-0.049600000000000005,0.0016
-0.04956,0.0032
-0.04952,0.002
-0.04948,0.0032
-0.049440000000000005,0.0012000000000000001
-0.0494,0.002
-0.04936,0.0048000000000000004
-0.04932,-0.0004
-0.049280000000000004,0.0012000000000000001
-0.049240000000000006,0.0016
-0.0492,0.0012000000000000001
-0.04916,0.0016
-0.049120000000000004,0.0044
-0.049080000000000006,0.0032
-0.04904,0.0024000000000000002
-0.049,0.0036000000000000003
-0.048960000000000004,0.0008
-0.048920000000000005,0.0048000000000000004
-0.04888,0.0032
-0.04884,-0.0004
-0.0488,0.0032
-0.048760000000000005,0.0036000000000000003
-0.04872,0.0016
-0.04868,0.0012000000000000001
-0.04864,0.0016
-0.048600000000000004,0.002
-0.048560000000000006,0.0028
-0.04852,0.0028
-0.04848,0.004
-0.048440000000000004,0.002
-0.048400000000000006,0.002
-0.04836,0.0028
-0.04832,0.0
-0.04828,0.0024000000000000002
-0.048240000000000005,0.002
-0.0482,0.0024000000000000002
-0.04816,0.0008
-0.04812,0.0016
-0.048080000000000005,0.0032
-0.04804,0.0012000000000000001
-0.048,0.0036000000000000003
-0.04796,0.0012000000000000001
-0.047920000000000004,0.0028
-0.047880000000000006,0.0012000000000000001
-0.04784,0.004
-0.0478,0.002
-0.047760000000000004,0.0012000000000000001
-0.047720000000000005,0.004
-0.04768,0.0024000000000000002
-0.04764,0.0032
-0.0476,0.0028
-0.047560000000000005,0.0
-0.04752,0.004
-0.04748,0.0016
-0.04744,0.004
-0.047400000000000005,0.0016
-0.04736,0.002
-0.04732,0.0032
-0.04728,0.0008
-0.047240000000000004,0.0012000000000000001
-0.047200000000000006,0.004
-0.04716,0.0036000000000000003
-0.04712,0.0012000000000000001
-0.047080000000000004,0.0
-0.047040000000000005,0.0028
-0.047,0.0012000000000000001
-0.04696,0.0012000000000000001
-0.04692,0.0028
-0.046880000000000005,0.0012000000000000001
-0.04684,0.002
-0.0468,0.0024000000000000002
-0.04676,0.0024000000000000002
-0.046720000000000005,0.0024000000000000002
-0.04668,0.0032
-0.04664,0.0008
-0.0466,0.004
-0.046560000000000004,0.0012000000000000001
-0.046520000000000006,0.0036000000000000003
-0.04648,0.0028
-0.04644,0.0004
-0.046400000000000004,0.0024000000000000002
-0.046360000000000005,0.0004
-0.04632,0.0004
-0.04628,0.0036000000000000003
-0.04624,0.0044
-0.046200000000000005,0.0016
-0.04616,0.0
-0.04612,0.0024000000000000002
-0.04608,0.004
-0.046040000000000005,0.0
-0.046,0.0024000000000000002
-0.04596,0.0012000000000000001
-0.04592,0.0008
-0.045880000000000004,0.0016
-0.045840000000000006,0.0008
-0.0458,0.0
-0.04576,0.0012000000000000001
-0.045720000000000004,0.002
-0.045680000000000005,0.0016
-0.04564,0.0036000000000000003
-0.0456,0.0024000000000000002
-0.04556,0.0016
-0.045520000000000005,0.0012000000000000001
-0.04548,0.0012000000000000001
-0.04544,0.0012000000000000001
-0.0454,0.0024000000000000002
-0.045360000000000004,0.0024000000000000002
-0.04532,0.0016
-0.04528,0.002
-0.04524,0.002
-0.045200000000000004,0.002
-0.045160000000000006,0.0032
-0.04512,0.004
-0.04508,0.002
-0.045040000000000004,0.0028
-0.045000000000000005,0.004
-0.04496,0.0028
-0.04492,0.0032
-0.04488,0.0028
-0.044840000000000005,0.002
-0.0448,0.0028
-0.04476,0.0036000000000000003
-0.04472,0.0024000000000000002
-0.044680000000000004,0.0028
-0.04464,0.0016
-0.0446,0.0012000000000000001
-0.04456,0.002
-0.044520000000000004,0.0012000000000000001
-0.044480000000000006,0.0016
-0.04444,0.0032
-0.0444,0.0028
-0.044360000000000004,0.0024000000000000002
-0.044320000000000005,0.004
-0.04428,0.0004
-0.04424,0.0028
-0.0442,0.0028
-0.044160000000000005,0.0016
-0.04412,0.0016
-0.04408,0.0024000000000000002
-0.04404,0.0028
-0.044000000000000004,0.0036000000000000003
-0.04396,0.0032
-0.04392,0.0024000000000000002
-0.04388,0.0024000000000000002
-0.043840000000000004,0.0024000000000000002
-0.043800000000000006,0.004
-0.04376,0.0032
-0.04372,0.0012000000000000001
-0.043680000000000004,0.0008
-0.043640000000000005,0.0028
-0.0436,0.0028
-0.04356,0.0016
-0.04352,0.0012000000000000001
-0.043480000000000005,0.0012000000000000001
-0.04344,0.0024000000000000002
-0.0434,0.0016
-0.04336,0.0016
-0.043320000000000004,0.0036000000000000003
-0.04328,0.0016
-0.04324,0.0036000000000000003
-0.0432,0.0012000000000000001
-0.043160000000000004,0.0012000000000000001
-0.043120000000000006,0.0032
-0.04308,0.0032
-0.04304,0.0024000000000000002
-0.043000000000000003,0.002
-0.042960000000000005,0.0024000000000000002
-0.04292,0.002
-0.04288,0.0004
-0.04284,0.0024000000000000002
-0.042800000000000005,0.0016
-0.04276,0.0004
-0.04272,0.002
-0.04268,0.004
-0.042640000000000004,0.0024000000000000002
-0.0426,0.0036000000000000003
-0.04256,0.0008
-0.04252,0.0036000000000000003
-0.042480000000000004,0.0012000000000000001
-0.042440000000000005,0.002
-0.0424,0.0024000000000000002
-0.04236,0.002
-0.04232,0.004
-0.042280000000000005,0.0028
-0.04224,-0.0008
-0.0422,0.0032
-0.04216,0.0008
-0.042120000000000005,0.0024000000000000002
-0.042080000000000006,0.0028
-0.04204,0.004
-0.042,0.0012000000000000001
-0.041960000000000004,0.0028
-0.04192,0.0024000000000000002
-0.04188,0.002
-0.04184,0.0024000000000000002
-0.041800000000000004,0.0032
-0.041760000000000005,0.0028
-0.04172,0.0016
-0.04168,0.002
-0.04164,0.0024000000000000002
-0.0416,0.0008
-0.04156,0.0012000000000000001
-0.04152,0.0016
-0.04148,0.002
-0.041440000000000005,0.0036000000000000003
-0.041400000000000006,0.0028
-0.04136,0.0036000000000000003
-0.04132,0.0032
-0.041280000000000004,0.0032
-0.04124,0.002
-0.0412,0.0032
-0.04116,0.0024000000000000002
-0.041120000000000004,0.0036000000000000003
-0.041080000000000005,0.0008
-0.04104,0.0032
-0.041,0.0032
-0.04096,0.0004
-0.04092,0.004
-0.04088,0.0004
-0.04084,0.0016
-0.0408,0.0008
-0.040760000000000005,0.0016
-0.040720000000000006,0.0008
-0.04068,0.002
-0.04064,0.002
-0.040600000000000004,0.002
-0.04056,0.0016
-0.04052,0.0024000000000000002
-0.04048,0.0004
-0.040440000000000004,0.0024000000000000002
-0.040400000000000005,0.002
-0.04036,0.0028
-0.04032,0.0024000000000000002
-0.04028,0.0028
-0.04024,0.002
-0.0402,0.0032
-0.04016,0.0004
-0.04012,0.0032
-0.040080000000000005,0.0032
-0.040040000000000006,0.0012000000000000001
-0.04,0.0024000000000000002
-0.03996,0.002
-0.039920000000000004,0.002
-0.03988,0.0008
-0.03984,0.0008
-0.0398,0.0012000000000000001
-0.039760000000000004,0.0032
-0.039720000000000005,0.004
-0.03968,0.0032
-0.03964,0.0044
-0.0396,0.0028
-0.03956,0.0016
-0.03952,0.0024000000000000002
-0.03948,0.0012000000000000001
-0.03944,0.0012000000000000001
-0.039400000000000004,0.004
-0.039360000000000006,0.0004
-0.03932,0.0024000000000000002
-0.03928,0.0016
-0.039240000000000004,0.002
-0.0392,0.004
-0.03916,0.002
-0.03912,0.0028
-0.039080000000000004,0.0008
-0.039040000000000005,0.0016
-0.039,0.0032
-0.03896,0.0024000000000000002
-0.03892,0.0012000000000000001
-0.03888,0.002
-0.03884,0.0032
-0.0388,0.0024000000000000002
-0.03876,0.0032
-0.038720000000000004,0.004
-0.038680000000000006,0.0028
-0.03864,0.0016
-0.0386,0.0024000000000000002
-0.038560000000000004,0.004
-0.03852,0.0028
-0.03848,0.0024000000000000002
-0.03844,0.0028
-0.038400000000000004,0.0016
-0.038360000000000005,0.0012000000000000001
-0.03832,0.0024000000000000002
-0.03828,0.0016
-0.03824,-0.0004
-0.0382,0.0024000000000000002
-0.03816,0.0028
-0.03812,0.002
-0.03808,0.0008
-0.038040000000000004,0.0024000000000000002
-0.038000000000000006,0.0012000000000000001
-0.03796,0.0004
-0.03792,0.0016
-0.037880000000000004,0.004
-0.03784,0.0012000000000000001
-0.0378,0.0012000000000000001
-0.03776,0.0012000000000000001
-0.037720000000000004,0.0028
-0.037680000000000005,0.0028
-0.03764,0.0008
-0.0376,0.004
-0.03756,0.0016
-0.03752,0.0016
-0.03748,0.0024000000000000002
-0.03744,0.0032
-0.0374,0.0024000000000000002
-0.037360000000000004,0.0024000000000000002
-0.037320000000000006,0.0036000000000000003
-0.03728,0.0
-0.03724,0.0048000000000000004
-0.037200000000000004,0.0024000000000000002
-0.03716,0.002
-0.03712,0.004
-0.03708,0.0012000000000000001
-0.037040000000000003,0.0
-0.037000000000000005,0.0032
-0.03696,0.002
-0.03692,0.0016
-0.03688,0.002
-0.03684,0.0032
-0.0368,0.0024000000000000002
-0.03676,0.0
-0.03672,0.004
-0.036680000000000004,0.0016
-0.036640000000000006,0.0024000000000000002
-0.0366,0.0004
-0.03656,0.004
-0.036520000000000004,0.002
-0.03648,0.0024000000000000002
-0.03644,0.0036000000000000003
-0.0364,0.0012000000000000001
-0.03636,0.0016
-0.036320000000000005,0.0024000000000000002
-0.03628,0.0044
-0.03624,0.0004
-0.0362,0.0028
-0.03616,0.0024000000000000002
-0.03612,0.002
-0.03608,0.0012000000000000001
-0.03604,0.004
-0.036000000000000004,0.002
-0.035960000000000006,0.002
-0.03592,0.002
-0.03588,0.0036000000000000003
-0.035840000000000004,0.0012000000000000001
-0.0358,0.0024000000000000002
-0.03576,0.0012000000000000001
-0.03572,0.0
-0.03568,0.0024000000000000002
-0.035640000000000005,0.0036000000000000003
-0.0356,0.004
-0.03556,0.0008
-0.03552,0.0008
-0.03548,0.0028
-0.03544,0.004
-0.0354,0.0004
-0.03536,0.002
-0.035320000000000004,0.002
-0.035280000000000006,0.0028
-0.03524,0.0028
-0.0352,0.0048000000000000004
-0.035160000000000004,0.004
-0.03512,0.0028
-0.03508,-0.0004
-0.03504,0.0032
-0.035,0.0004
-0.034960000000000005,0.0016
-0.03492,0.0016
-0.03488,0.0024000000000000002
-0.03484,0.0024000000000000002
-0.0348,0.0016
-0.03476,0.002
-0.03472,0.004
-0.03468,0.0028
-0.034640000000000004,0.004
-0.034600000000000006,0.0012000000000000001
-0.03456,0.0036000000000000003
-0.03452,0.0008
-0.034480000000000004,0.0036000000000000003
-0.03444,0.0004
-0.0344,0.004
-0.03436,0.0016
-0.03432,0.002
-0.034280000000000005,0.004
-0.03424000000000001,0.0012000000000000001
-0.0342,-0.0004
-0.03416,0.0028
-0.03412,0.0028
-0.03408,0.0032
-0.03404,0.0008
-0.034,0.0012000000000000001
-0.033960000000000004,0.0016
-0.033920000000000006,0.0024000000000000002
-0.03388,0.0032
-0.03384,0.0024000000000000002
-0.0338,0.0008
-0.03376,0.0028
-0.03372,0.0032
-0.03368,0.0036000000000000003
-0.03364,0.0024000000000000002
-0.033600000000000005,0.002
-0.033560000000000006,0.0024000000000000002
-0.03352,0.0024000000000000002
-0.03348,0.0016
-0.03344,0.0012000000000000001
-0.0334,0.0048000000000000004
-0.03336,0.0016
-0.03332,0.0032
-0.033280000000000004,0.002
-0.033240000000000006,0.0016
-0.0332,0.0016
-0.03316,0.0016
-0.03312,0.0016
-0.03308,0.0024000000000000002
-0.03304,0.004
-0.033,0.0012000000000000001
-0.03296,0.0024000000000000002
-0.032920000000000005,0.0024000000000000002
-0.032880000000000006,0.0028
-0.03284,0.0024000000000000002
-0.0328,0.0004
-0.03276,0.0028
-0.03272,0.0032
-0.03268,0.0024000000000000002
-0.03264,0.0032
-0.032600000000000004,0.0012000000000000001
-0.032560000000000006,0.0024000000000000002
-0.03252,0.0012000000000000001
-0.03248,0.0004
-0.03244,0.0008
-0.0324,0.0028
-0.03236,0.0012000000000000001
-0.03232,0.0012000000000000001
-0.03228,0.0024000000000000002
-0.032240000000000005,0.0024000000000000002
-0.032200000000000006,0.0024000000000000002
-0.03216,0.002
-0.03212,0.0032
-0.03208,0.002
-0.03204,0.0008
-0.032,0.0028
-0.03196,0.004
-0.031920000000000004,0.0016
-0.031880000000000006,0.002
-0.03184,0.0012000000000000001
-0.0318,0.0004
-0.03176,0.002
-0.03172,0.0032
-0.03168,0.0004
-0.03164,0.0028
-0.0316,0.0012000000000000001
-0.031560000000000005,0.0032
-0.031520000000000006,0.0008
-0.03148,0.0028
-0.03144,0.0028
-0.0314,0.0008
-0.03136,0.002
-0.03132,0.0
-0.03128,0.0016
-0.03124,0.0032
-0.031200000000000002,0.0024000000000000002
-0.03116,0.0032
-0.031120000000000002,0.0008
-0.03108,0.004
-0.03104,0.004
-0.031,0.0016
-0.03096,0.0012000000000000001
-0.03092,0.002
-0.03088,0.004
-0.030840000000000003,0.004
-0.0308,0.0028
-0.030760000000000003,0.0012000000000000001
-0.03072,0.002
-0.030680000000000002,0.0012000000000000001
-0.03064,0.0028
-0.030600000000000002,0.0016
-0.03056,0.0028
-0.030520000000000002,0.0028
-0.03048,0.0032
-0.030440000000000002,0.0008
-0.0304,0.0004
-0.03036,0.0012000000000000001
-0.03032,0.0028
-0.03028,0.0012000000000000001
-0.03024,0.0016
-0.0302,0.0012000000000000001
-0.030160000000000003,0.0032
-0.03012,0.0016
-0.030080000000000003,0.0028
-0.03004,0.0028
-0.030000000000000002,0.0012000000000000001
-0.02996,0.0032
-0.029920000000000002,0.002
-0.02988,0.0012000000000000001
-0.029840000000000002,0.0024000000000000002
-0.0298,0.0028
-0.02976,0.0024000000000000002
-0.02972,0.0032
-0.02968,0.0016
-0.02964,0.0012000000000000001
-0.0296,0.0024000000000000002
-0.02956,0.0036000000000000003
-0.02952,0.0008
-0.029480000000000003,0.0016
-0.02944,0.0012000000000000001
-0.029400000000000003,0.0036000000000000003
-0.02936,0.0024000000000000002
-0.029320000000000002,0.0008
-0.02928,0.0036000000000000003
-0.029240000000000002,0.0016
-0.0292,0.004
-0.029160000000000002,-0.0004
-0.02912,0.0036000000000000003
-0.02908,0.002
-0.02904,0.0028
-0.029,0.0024000000000000002
-0.02896,0.0032
-0.02892,0.0024000000000000002
-0.02888,0.0008
-0.02884,0.0024000000000000002
-0.028800000000000003,0.0028
-0.02876,0.0012000000000000001
-0.028720000000000002,0.0012000000000000001
-0.02868,0.0036000000000000003
-0.028640000000000002,0.0024000000000000002
-0.0286,0.002
-0.028560000000000002,0.0008
-0.02852,0.0028
-0.028480000000000002,0.0008
-0.02844,0.0008
-0.0284,0.0048000000000000004
-0.02836,0.0
-0.02832,0.0012000000000000001
-0.02828,0.0024000000000000002
-0.02824,0.0036000000000000003
-0.0282,0.0016
-0.02816,0.0024000000000000002
-0.028120000000000003,0.0016
-0.02808,0.0004
-0.028040000000000002,0.0012000000000000001
-0.028,0.002
-0.027960000000000002,0.002
-0.02792,0.0012000000000000001
-0.027880000000000002,0.0044
-0.02784,0.0012000000000000001
-0.027800000000000002,0.0024000000000000002
-0.02776,0.0032
-0.02772,0.0012000000000000001
-0.02768,0.0012000000000000001
-0.02764,0.0044
-0.0276,0.004
-0.02756,0.0016
-0.02752,0.0036000000000000003
-0.02748,0.0032
-0.027440000000000003,0.0016
-0.0274,0.0028
-0.027360000000000002,0.0024000000000000002
-0.02732,0.0024000000000000002
-0.027280000000000002,0.0024000000000000002
-0.02724,0.002
-0.027200000000000002,0.0024000000000000002
-0.02716,0.0008
-0.027120000000000002,0.004
-0.02708,0.0008
-0.02704,0.0008
-0.027,0.0024000000000000002
-0.02696,0.0
-0.02692,0.0008
-0.02688,0.0012000000000000001
-0.02684,0.0012000000000000001
-0.0268,0.0016
-0.026760000000000003,0.002
-0.02672,0.0032
-0.026680000000000002,0.0032
-0.02664,0.002
-0.026600000000000002,0.0024000000000000002
-0.02656,0.0032
-0.026520000000000002,0.0012000000000000001
-0.02648,0.0032
-0.02644,0.0032
-0.0264,0.0012000000000000001
-0.02636,0.0028
-0.02632,0.004
-0.02628,0.0012000000000000001
-0.02624,0.0012000000000000001
-0.0262,0.0024000000000000002
-0.02616,0.0028
-0.02612,0.0024000000000000002
-0.026080000000000002,0.0012000000000000001
-0.02604,0.0056
-0.026000000000000002,0.0008
-0.02596,0.002
-0.025920000000000002,0.0012000000000000001
-0.02588,0.0056
-0.025840000000000002,-0.0008
-0.0258,0.002
-0.02576,0.002
-0.02572,0.0036000000000000003
-0.02568,0.0016
-0.02564,0.0024000000000000002
-0.0256,0.0012000000000000001
-0.02556,0.0028
-0.02552,0.002
-0.02548,0.0032
-0.02544,0.004
-0.025400000000000002,0.0008
-0.02536,0.0032
-0.025320000000000002,0.0028
-0.02528,0.0024000000000000002
-0.025240000000000002,0.0012000000000000001
-0.0252,0.0028
-0.025160000000000002,0.0012000000000000001
-0.02512,0.0032
-0.02508,0.0032
-0.02504,0.0008
-0.025,0.002
-0.02496,0.0028
-0.02492,0.0016
-0.02488,0.002
-0.02484,0.0012000000000000001
-0.0248,0.0036000000000000003
-0.02476,0.0032
-0.024720000000000002,0.0032
-0.02468,0.002
-0.024640000000000002,0.0012000000000000001
-0.0246,0.0008
-0.024560000000000002,0.0036000000000000003
-0.02452,0.0012000000000000001
-0.024480000000000002,0.0008
-0.02444,0.0024000000000000002
-0.0244,0.0036000000000000003
-0.02436,0.0016
-0.02432,0.0012000000000000001
-0.02428,0.0036000000000000003
-0.02424,0.0024000000000000002
-0.0242,0.002
-0.02416,0.0024000000000000002
-0.02412,0.0012000000000000001
-0.02408,0.0032
-0.024040000000000002,0.0008
-0.024,0.0028
-0.023960000000000002,0.0012000000000000001
-0.02392,0.0032
-0.023880000000000002,0.0036000000000000003
-0.02384,0.0024000000000000002
-0.0238,0.0024000000000000002
-0.02376,-0.0004
-0.02372,0.0012000000000000001
-0.02368,0.0
-0.02364,0.0024000000000000002
-0.0236,0.0032
-0.02356,0.0
-0.02352,0.0028
-0.02348,0.0004
-0.02344,0.0028
-0.0234,0.0012000000000000001
-0.023360000000000002,0.0036000000000000003
-0.02332,0.0016
-0.023280000000000002,0.0036000000000000003
-0.02324,0.0008
-0.023200000000000002,0.0004
-0.02316,0.0036000000000000003
-0.02312,0.0028
-0.02308,0.0028
-0.02304,0.0028
-0.023,0.002
-0.02296,0.0024000000000000002
-0.02292,0.0024000000000000002
-0.02288,0.0004
-0.02284,0.0016
-0.0228,0.0012000000000000001
-0.02276,0.0028
-0.02272,0.0016
-0.022680000000000002,0.004
-0.02264,0.0028
-0.022600000000000002,0.0016
-0.02256,0.0036000000000000003
-0.022520000000000002,0.0032
-0.02248,0.0028
-0.02244,0.0016
-0.0224,-0.0008
-0.02236,0.0012000000000000001
-0.02232,0.0004
-0.02228,0.0008
-0.02224,0.0032
-0.0222,0.0012000000000000001
-0.02216,0.0028
-0.02212,0.0032
-0.02208,0.0028
-0.02204,0.002
-0.022000000000000002,0.0024000000000000002
-0.02196,0.0016
-0.021920000000000002,0.0028
-0.02188,0.0036000000000000003
-0.021840000000000002,0.002
-0.0218,0.0024000000000000002
-0.02176,0.0028
-0.02172,0.0012000000000000001
-0.02168,0.0032
-0.02164,0.0016
-0.0216,0.0032
-0.02156,0.0024000000000000002
-0.02152,0.0044
-0.02148,0.0008
-0.02144,0.0016
-0.0214,0.005200000000000001
-0.02136,0.004
-0.021320000000000002,0.0028
-0.02128,0.0032
-0.021240000000000002,0.0016
-0.0212,0.0032
-0.02116,-0.0004
-0.02112,0.0032
-0.02108,0.0032
-0.02104,0.0024000000000000002
-0.021,0.0024000000000000002
-0.02096,0.0024000000000000002
-0.02092,0.004
-0.02088,0.0016
-0.02084,0.0016
-0.0208,0.002
-0.02076,0.0012000000000000001
-0.02072,0.0024000000000000002
-0.02068,0.0024000000000000002
-0.020640000000000002,0.0004
-0.0206,0.0016
-0.020560000000000002,0.002
-0.02052,0.0016
-0.02048,0.0024000000000000002
-0.02044,0.0024000000000000002
-0.0204,0.0012000000000000001
-0.02036,0.0028
-0.02032,0.002
-0.02028,0.002
-0.02024,0.0008
-0.0202,0.0028
-0.02016,0.0024000000000000002
-0.02012,0.002
-0.02008,0.0012000000000000001
-0.02004,0.0
-0.02,0.002
-0.019960000000000002,0.004
-0.01992,0.0008
-0.019880000000000002,0.0024000000000000002
-0.01984,0.0036000000000000003
-0.0198,0.0008
-0.01976,0.0012000000000000001
-0.01972,0.0024000000000000002
-0.01968,0.0028
-0.01964,0.002
-0.0196,0.0012000000000000001
-0.01956,0.0012000000000000001
-0.01952,0.004
-0.01948,0.002
-0.01944,0.0016
-0.0194,0.0032
-0.01936,0.0024000000000000002
-0.01932,0.0032
-0.01928,0.0028
-0.01924,0.0016
-0.019200000000000002,0.0024000000000000002
-0.01916,0.0016
-0.01912,0.0028
-0.01908,0.0032
-0.01904,0.0016
-0.019,0.0012000000000000001
-0.01896,0.002
-0.01892,0.0012000000000000001
-0.01888,0.002
-0.01884,0.002
-0.0188,0.002
-0.01876,0.0044
-0.01872,0.0012000000000000001
-0.018680000000000002,0.0008
-0.018639999999999997,0.002
-0.0186,0.0028
-0.01856,0.0024000000000000002
-0.018520000000000002,0.002
-0.018480000000000003,0.0012000000000000001
-0.018439999999999998,0.0004
-0.0184,0.0028
-0.01836,0.0024000000000000002
-0.018320000000000003,0.0024000000000000002
-0.018279999999999998,0.0024000000000000002
-0.01824,0.0032
-0.0182,0.0024000000000000002
-0.018160000000000003,0.0016
-0.018119999999999997,0.0016
-0.01808,0.002
-0.01804,0.0012000000000000001
-0.018000000000000002,0.0032
-0.017959999999999997,0.0028
-0.01792,0.0032
-0.01788,0.0024000000000000002
-0.01784,-0.0004
-0.017800000000000003,0.0016
-0.017759999999999998,0.0048000000000000004
-0.01772,0.002
-0.01768,0.0024000000000000002
-0.017640000000000003,0.0028
-0.017599999999999998,0.0004
-0.01756,0.0012000000000000001
-0.01752,0.002
-0.017480000000000002,0.0028
-0.017439999999999997,0.0032
-0.0174,0.0012000000000000001
-0.01736,0.002
-0.017320000000000002,0.0028
-0.017279999999999997,0.0028
-0.01724,0.0036000000000000003
-0.0172,0.0016
-0.01716,0.0008
-0.017120000000000003,0.0028
-0.017079999999999998,0.0028
-0.01704,0.002
-0.017,0.0012000000000000001
-0.016960000000000003,0.0024000000000000002
-0.016919999999999998,0.0012000000000000001
-0.01688,0.0008
-0.01684,0.004
-0.016800000000000002,0.0
-0.016759999999999997,0.0028
-0.01672,0.0032
-0.01668,0.0012000000000000001
-0.016640000000000002,0.0028
-0.016599999999999997,0.0012000000000000001
-0.01656,0.0028
-0.01652,0.0024000000000000002
-0.01648,-0.0008
-0.016440000000000003,0.0004
-0.016399999999999998,0.0016
-0.01636,0.0024000000000000002
-0.01632,0.0012000000000000001
-0.016280000000000003,0.004
-0.016239999999999997,0.0028
-0.0162,0.002
-0.01616,0.0016
-0.016120000000000002,0.0036000000000000003
-0.016079999999999997,0.0024000000000000002
-0.01604,0.0028
-0.016,0.0028
-0.015960000000000002,0.0012000000000000001
-0.015919999999999997,0.0016
-0.01588,0.0016
-0.01584,0.0028
-0.0158,0.0016
-0.015760000000000003,0.004
-0.015719999999999998,0.0012000000000000001
-0.01568,-0.0008
-0.01564,0.0016
-0.015600000000000003,0.0012000000000000001
-0.015559999999999997,0.0012000000000000001
-0.015519999999999999,0.0
-0.01548,0.0032
-0.015440000000000002,0.0016
-0.015399999999999997,0.002
-0.015359999999999999,0.004
-0.01532,0.002
-0.015280000000000002,0.002
-0.015239999999999997,0.0032
-0.015199999999999998,0.0032
-0.01516,0.0044
-0.015120000000000001,0.0024000000000000002
-0.015080000000000003,0.002
-0.015039999999999998,0.002
-0.015,0.0
-0.014960000000000001,0.0008
-0.014920000000000003,0.0028
-0.014879999999999997,0.002
-0.014839999999999999,0.0024000000000000002
-0.0148,0.0044
-0.014760000000000002,0.002
-0.014719999999999997,0.0016
-0.014679999999999999,0.0028
-0.01464,0.0008
-0.014600000000000002,0.0024000000000000002
-0.014559999999999997,0.002
-0.014519999999999998,0.002
-0.01448,0.0044
-0.014440000000000001,0.0008
-0.014400000000000003,0.0016
-0.014359999999999998,0.0028
-0.01432,0.0024000000000000002
-0.014280000000000001,0.0016
-0.014240000000000003,0.0
-0.014199999999999997,0.0012000000000000001
-0.014159999999999999,0.0032
-0.01412,0.0004
-0.014080000000000002,0.0012000000000000001
-0.014039999999999997,0.0036000000000000003
-0.013999999999999999,0.004
-0.01396,0.0012000000000000001
-0.013920000000000002,0.002
-0.013879999999999997,0.0036000000000000003
-0.013839999999999998,-0.0004
-0.0138,0.0028
-0.013760000000000001,0.002
-0.013720000000000003,0.0024000000000000002
-0.013679999999999998,0.004
-0.01364,0.0032
-0.013600000000000001,0.0016
-0.013560000000000003,0.0028
-0.013519999999999997,0.0012000000000000001
-0.013479999999999999,0.0028
-0.01344,0.0008
-0.013400000000000002,0.0008
-0.013359999999999997,0.0024000000000000002
-0.013319999999999999,0.002
-0.01328,0.0
-0.013240000000000002,0.0024000000000000002
-0.013199999999999996,0.002
-0.013159999999999998,0.0036000000000000003
-0.01312,0.0008
-0.013080000000000001,0.002
-0.013040000000000003,0.0024000000000000002
-0.012999999999999998,0.0024000000000000002
-0.01296,0.0004
-0.012920000000000001,0.002
-0.012880000000000003,0.0016
-0.012839999999999997,0.004
-0.012799999999999999,0.0028
-0.01276,0.0024000000000000002
-0.012720000000000002,0.0028
-0.012679999999999997,0.0024000000000000002
-0.012639999999999998,0.0012000000000000001
-0.0126,0.002
-0.012560000000000002,0.0024000000000000002
-0.012519999999999996,0.002
-0.012479999999999998,0.0012000000000000001
-0.01244,0.0028
-0.012400000000000001,0.0048000000000000004
-0.012360000000000003,0.0016
-0.012319999999999998,-0.0004
-0.01228,0.002
-0.012240000000000001,0.0024000000000000002
-0.012200000000000003,0.002
-0.012159999999999997,0.0036000000000000003
-0.012119999999999999,0.0024000000000000002
-0.01208,0.0012000000000000001
-0.012040000000000002,0.0016
-0.011999999999999997,0.0
-0.011959999999999998,0.0028
-0.01192,0.0028
-0.011880000000000002,0.002
-0.011839999999999996,0.004
-0.011799999999999998,0.0008
-0.01176,0.002
-0.011720000000000001,0.0036000000000000003
-0.011680000000000003,0.0016
-0.011639999999999998,0.004
-0.0116,0.0028
-0.01156,0.0036000000000000003
-0.011520000000000002,0.0012000000000000001
-0.011479999999999997,0.004
-0.011439999999999999,0.0028
-0.0114,0.0036000000000000003
-0.011360000000000002,0.0012000000000000001
-0.011319999999999997,0.0016
-0.011279999999999998,0.0024000000000000002
-0.01124,0.0024000000000000002
-0.011200000000000002,0.002
-0.011159999999999996,0.0036000000000000003
-0.011119999999999998,0.0008
-0.01108,0.0028
-0.011040000000000001,0.0032
-0.011000000000000003,0.0004
-0.010959999999999998,0.0024000000000000002
-0.01092,0.0024000000000000002
-0.01088,0.004
-0.010840000000000002,0.0024000000000000002
-0.010799999999999997,0.0032
-0.010759999999999999,0.004
-0.01072,0.0024000000000000002
-0.010680000000000002,0.002
-0.010639999999999997,0.0024000000000000002
-0.010599999999999998,0.0016
-0.01056,0.0012000000000000001
-0.010520000000000002,0.0036000000000000003
-0.010479999999999996,0.0028
-0.010439999999999998,0.0016
-0.0104,0.0004
-0.010360000000000001,0.0036000000000000003
-0.010320000000000003,0.0032
-0.010279999999999997,0.0004
-0.010239999999999999,0.0036000000000000003
-0.0102,0.0012000000000000001
-0.010160000000000002,0.0032
-0.010119999999999997,0.0024000000000000002
-0.010079999999999999,0.0024000000000000002
-0.01004,0.0016
-0.010000000000000002,-0.0004
-0.009959999999999997,0.002
-0.009919999999999998,0.0032
-0.00988,0.002
-0.009840000000000002,0.0008
-0.009799999999999996,0.0024000000000000002
-0.009759999999999998,0.0004
-0.00972,0.004
-0.009680000000000001,0.0
-0.009640000000000003,0.0032
-0.009599999999999997,0.0028
-0.009559999999999999,0.0024000000000000002
-0.00952,0.0036000000000000003
-0.009480000000000002,0.0016
-0.009439999999999997,0.0024000000000000002
-0.009399999999999999,0.0016
-0.00936,0.0024000000000000002
-0.009320000000000002,0.0008
-0.009279999999999997,0.0024000000000000002
-0.009239999999999998,0.0012000000000000001
-0.0092,0.002
-0.009160000000000001,0.0036000000000000003
-0.009119999999999996,0.002
-0.009079999999999998,0.0004
-0.00904,0.002
-0.009000000000000001,0.0004
-0.008960000000000003,0.0024000000000000002
-0.008919999999999997,0.0012000000000000001
-0.008879999999999999,0.0044
-0.00884,0.002
-0.008800000000000002,0.0024000000000000002
-0.008759999999999997,0.0024000000000000002
-0.008719999999999999,0.002
-0.00868,0.0004
-0.008640000000000002,0.0032
-0.008599999999999997,0.0024000000000000002
-0.008559999999999998,0.0016
-0.00852,0.0016
-0.008480000000000001,0.0008
-0.008439999999999996,0.0012000000000000001
-0.008399999999999998,0.004
-0.00836,0.0012000000000000001
-0.008320000000000001,0.0012000000000000001
-0.008280000000000003,0.0016
-0.008239999999999997,0.0028
-0.008199999999999999,0.0024000000000000002
-0.00816,0.004
-0.008120000000000002,0.002
-0.008079999999999997,0.0012000000000000001
-0.008039999999999999,0.0036000000000000003
-0.008,0.0028
-0.007960000000000002,0.0024000000000000002
-0.007919999999999996,0.0032
-0.007879999999999998,0.002
-0.00784,0.004
-0.007800000000000001,0.004
-0.007759999999999996,0.0024000000000000002
-0.007719999999999998,0.002
-0.007679999999999999,0.0032
-0.007640000000000001,0.0016
-0.007600000000000003,0.0016
-0.007559999999999997,0.0032
-0.007519999999999999,0.0024000000000000002
-0.0074800000000000005,0.0012000000000000001
-0.007440000000000002,-0.0004
-0.007399999999999997,0.0024000000000000002
-0.0073599999999999985,0.0032
-0.00732,0.0
-0.007280000000000002,0.0024000000000000002
-0.0072399999999999964,0.0016
-0.007199999999999998,0.0004
-0.00716,0.0032
-0.007120000000000001,0.002
-0.007079999999999996,0.0024000000000000002
-0.007039999999999998,0.0012000000000000001
-0.006999999999999999,0.0016
-0.006960000000000001,0.0024000000000000002
-0.0069200000000000025,0.0008
-0.006879999999999997,0.0
-0.006839999999999999,0.0028
-0.0068000000000000005,0.0036000000000000003
-0.006760000000000002,0.0016
-0.006719999999999997,0.0028
-0.0066799999999999984,0.0024000000000000002
-0.00664,0.0024000000000000002
-0.006600000000000002,-0.0004
-0.006559999999999996,0.0036000000000000003
-0.006519999999999998,0.0028
-0.00648,0.0004
-0.006440000000000001,0.0024000000000000002
-0.006399999999999996,0.0028
-0.006359999999999998,0.0012000000000000001
-0.006319999999999999,0.0024000000000000002
-0.006280000000000001,0.0012000000000000001
-0.0062400000000000025,0.0024000000000000002
-0.006199999999999997,0.0028
-0.006159999999999999,0.0024000000000000002
-0.0061200000000000004,0.0028
-0.006080000000000002,0.0032
-0.006039999999999997,0.0024000000000000002
-0.005999999999999998,0.0028
-0.00596,0.0
-0.005920000000000002,0.0036000000000000003
-0.005879999999999996,0.0012000000000000001
-0.005839999999999998,0.0004
-0.0058,0.0032
-0.005760000000000001,0.0024000000000000002
-0.005719999999999996,0.0012000000000000001
-0.0056799999999999976,0.0012000000000000001
-0.005639999999999999,0.0024000000000000002
-0.005600000000000001,0.0004
-0.0055600000000000024,0.0008
-0.005519999999999997,0.0044
-0.005479999999999999,0.0028
-0.00544,0.0028
-0.005400000000000002,0.0024000000000000002
-0.005359999999999997,0.0028
-0.005319999999999998,0.004
-0.00528,0.0032
-0.005240000000000002,0.0028
-0.005199999999999996,0.002
-0.005159999999999998,0.0024000000000000002
-0.0051199999999999996,0.0004
-0.005080000000000001,0.002
-0.005039999999999996,0.0028
-0.0049999999999999975,0.0016
-0.004959999999999999,0.0036000000000000003
-0.004920000000000001,0.0016
-0.004880000000000002,0.0004
-0.004839999999999997,0.0024000000000000002
-0.004799999999999999,0.0024000000000000002
-0.00476,0.0016
-0.004720000000000002,0.0024000000000000002
-0.004679999999999997,0.0016
-0.004639999999999998,0.0032
-0.0046,0.0016
-0.0045600000000000016,0.0048000000000000004
-0.004519999999999996,0.0028
-0.004479999999999998,0.0024000000000000002
-0.0044399999999999995,0.0024000000000000002
-0.004400000000000001,0.0024000000000000002
-0.004359999999999996,0.0004
-0.0043199999999999975,0.0004
-0.004279999999999999,0.0028
-0.004240000000000001,0.002
-0.004200000000000002,-0.0004
-0.004159999999999997,0.002
-0.004119999999999999,0.0028
-0.00408,0.0024000000000000002
-0.004040000000000002,0.004
-0.003999999999999997,0.0024000000000000002
-0.003959999999999998,0.0044
-0.00392,0.0012000000000000001
-0.0038800000000000015,0.0044
-0.003839999999999996,0.002
-0.003799999999999998,0.0008
-0.0037599999999999995,0.002
-0.003720000000000001,0.0032
-0.0036799999999999958,0.0016
-0.0036399999999999974,0.002
-0.003599999999999999,0.0012000000000000001
-0.0035600000000000007,0.0032
-0.0035200000000000023,0.0016
-0.003479999999999997,0.0024000000000000002
-0.0034399999999999986,0.0004
-0.0034000000000000002,0.0024000000000000002
-0.003360000000000002,0.0032
-0.0033199999999999966,0.0
-0.003279999999999998,0.0032
-0.00324,0.0032
-0.0032000000000000015,0.002
-0.003159999999999996,0.0028
-0.0031199999999999978,0.0016
-0.0030799999999999994,0.0032
-0.003040000000000001,0.0012000000000000001
-0.0029999999999999957,0.0008
-0.0029599999999999974,0.0036000000000000003
-0.002919999999999999,0.0028
-0.0028800000000000006,0.0016
-0.0028400000000000022,0.0032
-0.002799999999999997,0.004
-0.0027599999999999986,0.0024000000000000002
-0.00272,0.0024000000000000002
-0.002680000000000002,0.0028
-0.0026399999999999965,0.0012000000000000001
-0.002599999999999998,0.0024000000000000002
-0.0025599999999999998,0.0028
-0.0025200000000000014,0.0024000000000000002
-0.002479999999999996,0.0024000000000000002
-0.0024399999999999977,0.0016
-0.0023999999999999994,0.0028
-0.002360000000000001,0.0048000000000000004
-0.0023199999999999957,0.0032
-0.0022799999999999973,0.0016
-0.002239999999999999,0.002
-0.0022000000000000006,0.0012000000000000001
-0.002160000000000002,0.0008
-0.002119999999999997,0.0016
-0.0020799999999999985,0.0024000000000000002
-0.00204,0.0012000000000000001
-0.0020000000000000018,0.0036000000000000003
-0.0019599999999999965,0.0036000000000000003
-0.001919999999999998,0.0012000000000000001
-0.0018799999999999997,0.0028
-0.0018400000000000014,0.0012000000000000001
-0.001799999999999996,0.0004
-0.0017599999999999977,0.0024000000000000002
-0.0017199999999999993,0.0012000000000000001
-0.001680000000000001,0.0012000000000000001
-0.0016399999999999956,0.0012000000000000001
-0.0015999999999999973,0.0004
-0.0015599999999999989,0.0012000000000000001
-0.0015200000000000005,0.0032
-0.0014800000000000021,0.0012000000000000001
-0.0014399999999999968,0.0016
-0.0013999999999999985,0.0024000000000000002
-0.00136,0.0028
-0.0013200000000000017,0.0016
-0.0012799999999999964,0.0004
-0.001239999999999998,0.0016
-0.0011999999999999997,0.0032
-0.0011600000000000013,0.002
-0.001119999999999996,0.002
-0.0010799999999999976,0.0032
-0.0010399999999999993,0.0024000000000000002
-0.0010000000000000009,0.0024000000000000002
-0.0009599999999999956,0.0016
-0.0009199999999999972,0.0024000000000000002
-0.0008799999999999988,0.0024000000000000002
-0.0008400000000000005,0.0
-0.0008000000000000021,0.0044
-0.0007599999999999968,-0.0004
-0.0007199999999999984,0.0024000000000000002
-0.00068,0.0044
-0.0006400000000000017,0.0012000000000000001
-0.0005999999999999964,0.002
-0.000559999999999998,0.002
-0.0005199999999999996,0.0012000000000000001
-0.00048000000000000126,0.0028
-0.00043999999999999595,0.0012000000000000001
-0.0003999999999999976,0.0024000000000000002
-0.0003599999999999992,0.0044
-0.00032000000000000084,0.0032
-0.00027999999999999553,0.0032
-0.00023999999999999716,0.0044
-0.0001999999999999988,0.0028
-0.00016000000000000042,0.002
-0.00012000000000000205,0.0028
-7.999999999999674e-05,0.0012000000000000001
-3.999999999999837e-05,0.002
0.0,0.0016
3.999999999999837e-05,0.0004
8.000000000000368e-05,0.0024000000000000002
0.00012000000000000205,0.0024000000000000002
0.00016000000000000042,0.002
0.0001999999999999988,0.002
0.0002400000000000041,0.0016
0.00028000000000000247,0.0032
0.00032000000000000084,0.002
0.0003599999999999992,0.0024000000000000002
0.0004000000000000045,0.0048000000000000004
0.0004400000000000029,0.0024000000000000002
0.00048000000000000126,0.0016
0.0005199999999999996,0.0
0.000559999999999998,0.0032
0.0006000000000000033,0.002
0.0006400000000000017,0.0024000000000000002
0.00068,0.0012000000000000001
0.0007199999999999984,0.0024000000000000002
0.0007600000000000037,0.0012000000000000001
0.0008000000000000021,0.0024000000000000002
0.0008400000000000005,0.0028
0.0008799999999999988,0.002
0.0009200000000000041,0.0012000000000000001
0.0009600000000000025,0.0032
0.0010000000000000009,0.0008
0.0010399999999999993,0.002
0.0010800000000000046,0.0024000000000000002
0.001120000000000003,0.0016
0.0011600000000000013,0.0024000000000000002
0.0011999999999999997,0.0012000000000000001
0.001239999999999998,0.0028
0.0012800000000000034,0.0036000000000000003
0.0013200000000000017,0.0004
0.00136,0.0012000000000000001
0.0013999999999999985,0.005200000000000001
0.0014400000000000038,0.002
0.0014800000000000021,0.0
0.0015200000000000005,0.0024000000000000002
0.0015599999999999989,0.0024000000000000002
0.0016000000000000042,0.0012000000000000001
0.0016400000000000026,0.0028
0.001680000000000001,0.0012000000000000001
0.0017199999999999993,0.0028
0.0017600000000000046,0.0044
0.001800000000000003,0.0032
0.0018400000000000014,0.0016
0.0018799999999999997,0.0028
0.001919999999999998,0.004
0.0019600000000000034,0.002
0.0020000000000000018,0.002
0.00204,0.0044
0.0020799999999999985,0.0028
0.002120000000000004,0.0008
0.002160000000000002,0.0028
0.0022000000000000006,0.0024000000000000002
0.002239999999999999,0.0048000000000000004
0.0022800000000000042,0.0028
0.0023200000000000026,0.0012000000000000001
0.002360000000000001,0.0032
0.0023999999999999994,0.0012000000000000001
0.0024400000000000047,0.002
0.002480000000000003,0.0008
0.0025200000000000014,0.0004
0.0025599999999999998,0.0036000000000000003
0.002599999999999998,0.004
0.0026400000000000035,-0.0004
0.002680000000000002,0.0032
0.00272,0.0044
0.0027599999999999986,0.0012000000000000001
0.002800000000000004,0.0024000000000000002
0.0028400000000000022,0.0012000000000000001
0.0028800000000000006,0.0008
0.002919999999999999,0.002
0.0029600000000000043,0.0016
0.0030000000000000027,0.0024000000000000002
0.003040000000000001,0.0024000000000000002
0.0030799999999999994,0.004
0.0031200000000000047,0.0028
0.003160000000000003,-0.0004
0.0032000000000000015,0.0016
0.00324,0.0024000000000000002
0.003279999999999998,0.0016
0.0033200000000000035,0.0012000000000000001
0.003360000000000002,0.0016
0.0034000000000000002,0.0024000000000000002
0.0034399999999999986,0.0024000000000000002
0.003480000000000004,0.0008
0.0035200000000000023,0.002
0.0035600000000000007,0.0036000000000000003
0.003599999999999999,-0.0004
0.0036400000000000043,0.0012000000000000001
0.0036800000000000027,0.004
0.003720000000000001,0.0012000000000000001
0.0037599999999999995,0.0024000000000000002
0.0038000000000000048,0.002
0.003840000000000003,0.0016
0.0038800000000000015,0.0016
0.00392,0.0024000000000000002
0.003959999999999998,0.002
0.0040000000000000036,0.0036000000000000003
0.004040000000000002,0.0024000000000000002
0.00408,0.0032
0.004119999999999999,0.0024000000000000002
0.004160000000000004,0.002
0.004200000000000002,0.0028
0.004240000000000001,0.0
0.004279999999999999,0.0004
0.004320000000000004,0.0012000000000000001
0.004360000000000003,0.0028
0.004400000000000001,0.0012000000000000001
0.0044399999999999995,0.0024000000000000002
0.004480000000000005,0.002
0.004520000000000003,0.0016
0.0045600000000000016,0.0032
0.0046,0.0024000000000000002
0.004639999999999998,0.0016
0.004680000000000004,0.0016
0.004720000000000002,0.0024000000000000002
0.00476,0.0012000000000000001
0.004799999999999999,0.0028
0.004840000000000004,0.0024000000000000002
0.004880000000000002,0.0012000000000000001
0.004920000000000001,0.0032
0.004959999999999999,0.0016
0.0050000000000000044,0.0032
0.005040000000000003,0.002
0.005080000000000001,0.0024000000000000002
0.0051199999999999996,0.002
0.005160000000000005,0.0032
0.005200000000000003,0.0012000000000000001
0.005240000000000002,0.002
0.00528,0.0028
0.005319999999999998,0.0012000000000000001
0.005360000000000004,0.0032
0.005400000000000002,0.0028
0.00544,0.0036000000000000003
0.005479999999999999,0.0012000000000000001
0.005520000000000004,0.0024000000000000002
0.0055600000000000024,0.0036000000000000003
0.005600000000000001,0.0032
0.005639999999999999,0.0028
0.0056800000000000045,0.0024000000000000002
0.005720000000000003,0.004
0.005760000000000001,0.0016
0.0058,0.0024000000000000002
0.005840000000000005,0.0036000000000000003
0.005880000000000003,0.0024000000000000002
0.005920000000000002,-0.0008
0.00596,0.0028
0.005999999999999998,0.0028
0.006040000000000004,0.0024000000000000002
0.006080000000000002,0.0024000000000000002
0.0061200000000000004,0.0032
0.006159999999999999,0.0016
0.006200000000000004,0.0008
0.0062400000000000025,0.0044
0.006280000000000001,0.0016
0.006319999999999999,0.0028
0.0063600000000000045,0.004
0.006400000000000003,0.0028
0.006440000000000001,0.0024000000000000002
0.00648,0.0012000000000000001
0.006520000000000005,0.004
0.006560000000000003,0.0028
0.006600000000000002,0.0012000000000000001
0.00664,0.004
0.0066799999999999984,0.002
0.006720000000000004,0.0008
0.006760000000000002,0.0012000000000000001
0.0068000000000000005,0.002
0.006839999999999999,0.0012000000000000001
0.006880000000000004,0.0012000000000000001
0.0069200000000000025,0.0032
0.006960000000000001,0.0012000000000000001
0.006999999999999999,0.002
0.007040000000000005,0.0024000000000000002
0.007080000000000003,0.0012000000000000001
0.007120000000000001,0.0024000000000000002
0.00716,0.0028
0.007200000000000005,0.004
0.007240000000000003,0.0016
0.007280000000000002,0.0
0.00732,0.0008
0.0073599999999999985,0.0024000000000000002
0.007400000000000004,0.0012000000000000001
0.007440000000000002,0.002
0.0074800000000000005,0.0024000000000000002
0.007519999999999999,0.0028
0.007560000000000004,-0.0004
0.007600000000000003,0.004
0.007640000000000001,0.0012000000000000001
0.007679999999999999,0.0024000000000000002
0.007720000000000005,0.0016
0.007760000000000003,0.0036000000000000003
0.007800000000000001,0.0024000000000000002
0.00784,0.0012000000000000001
0.007880000000000005,0.0036000000000000003
0.007920000000000003,0.0004
0.007960000000000002,0.0028
0.008,0.0
0.008039999999999999,0.0028
0.008080000000000004,0.0028
0.008120000000000002,0.0036000000000000003
0.00816,0.0016
0.008199999999999999,0.0012000000000000001
0.008240000000000004,0.004
0.008280000000000003,0.0008
0.008320000000000001,0.0024000000000000002
0.00836,0.0028
0.008400000000000005,0.002
0.008440000000000003,0.0012000000000000001
0.008480000000000001,0.0016
0.00852,0.0024000000000000002
0.008560000000000005,0.0036000000000000003
0.008600000000000003,0.0028
0.008640000000000002,0.0032
0.00868,0.002
0.008719999999999999,0.0012000000000000001
0.008760000000000004,0.0004
0.008800000000000002,0.0008
0.00884,0.0032
0.008879999999999999,0.0012000000000000001
0.008920000000000004,0.0032
0.008960000000000003,0.0028
0.009000000000000001,0.0008
0.00904,0.0012000000000000001
0.009080000000000005,0.0016
0.009120000000000003,0.002
0.009160000000000001,0.0004
0.0092,0.0028
0.009240000000000005,0.004
0.009280000000000004,0.002
0.009320000000000002,0.0024000000000000002
0.00936,0.0024000000000000002
0.009399999999999999,0.0016
0.009440000000000004,0.0036000000000000003
0.009480000000000002,0.0028
0.00952,0.0012000000000000001
0.009559999999999999,0.0028
0.009600000000000004,0.0012000000000000001
0.009640000000000003,0.004
0.009680000000000001,0.0036000000000000003
0.00972,0.0008
0.009760000000000005,0.0024000000000000002
0.009800000000000003,0.0028
0.009840000000000002,0.004
0.00988,0.0032
0.009920000000000005,0.0028
0.009960000000000004,0.0024000000000000002
0.010000000000000002,0.002
0.01004,0.0012000000000000001
0.010079999999999999,0.0012000000000000001
0.010120000000000004,0.0016
0.010160000000000002,0.004
0.0102,0.0024000000000000002
0.010239999999999999,0.0016
0.010280000000000004,0.0024000000000000002
0.010320000000000003,0.0016
0.010360000000000001,0.0024000000000000002
0.0104,0.0012000000000000001
0.010440000000000005,0.0032
0.010480000000000003,0.0012000000000000001
0.010520000000000002,0.0
0.01056,0.002
0.010600000000000005,0.0016
0.010640000000000004,0.0024000000000000002
0.010680000000000002,0.0008
0.01072,0.0028
0.010759999999999999,0.0024000000000000002
0.010800000000000004,0.004
0.010840000000000002,0.0044
0.01088,0.0012000000000000001
0.01092,0.0016
0.010960000000000004,0.0028
0.011000000000000003,0.004
0.011040000000000001,0.0008
0.01108,0.0024000000000000002
0.011120000000000005,0.0036000000000000003
0.011160000000000003,0.002
0.011200000000000002,0.0008
0.01124,0.002
0.011280000000000005,0.0044
0.011320000000000004,0.0012000000000000001
0.011360000000000002,0.004
0.0114,0.0024000000000000002
0.011440000000000006,0.0032
0.011480000000000004,0.0024000000000000002
0.011520000000000002,0.0024000000000000002
0.01156,0.0028
0.0116,0.0016
0.011640000000000005,0.002
0.011680000000000003,0.0012000000000000001
0.011720000000000001,0.0032
0.01176,0.002
0.011800000000000005,0.0012000000000000001
0.011840000000000003,0.002
0.011880000000000002,0.0016
0.01192,0.0012000000000000001
0.011960000000000005,0.0028
0.012000000000000004,0.0012000000000000001
0.012040000000000002,0.0008
0.01208,0.004
0.012120000000000006,0.0024000000000000002
0.012160000000000004,0.002
0.012200000000000003,0.0036000000000000003
0.012240000000000001,0.0016
0.01228,0.0016
0.012320000000000005,0.0024000000000000002
0.012360000000000003,0.0032
0.012400000000000001,0.004
0.01244,0.0012000000000000001
0.012480000000000005,0.0036000000000000003
0.012520000000000003,0.0012000000000000001
0.012560000000000002,0.002
0.0126,0.0004
0.012639999999999998,0.0024000000000000002
0.012679999999999997,0.0016
0.012720000000000009,0.0032
0.012760000000000007,0.0024000000000000002
0.012800000000000006,0.0
0.012840000000000004,0.0012000000000000001
0.012880000000000003,0.0036000000000000003
0.012920000000000001,0.0004
0.01296,0.0024000000000000002
0.012999999999999998,0.0048000000000000004
0.013039999999999996,0.0008
0.013080000000000008,0.0016
0.013120000000000007,0.002
0.013160000000000005,0.0028
0.013200000000000003,0.0036000000000000003
0.013240000000000002,0.0024000000000000002
0.01328,0.004
0.013319999999999999,0.0024000000000000002
0.013359999999999997,0.002
0.013400000000000009,0.0012000000000000001
0.013440000000000007,0.0024000000000000002
0.013480000000000006,0.0004
0.013520000000000004,0.004
0.013560000000000003,0.0004
0.013600000000000001,0.002
0.01364,0.0024000000000000002
0.013679999999999998,0.002
0.013719999999999996,0.002
0.013760000000000008,0.0004
0.013800000000000007,0.0032
0.013840000000000005,0.004
0.013880000000000003,0.0
0.013920000000000002,0.0024000000000000002
0.01396,0.0032
0.013999999999999999,0.0004
0.014039999999999997,0.0016
0.01408000000000001,0.0016
0.014120000000000008,0.0012000000000000001
0.014160000000000006,0.0016
0.014200000000000004,0.004
0.014240000000000003,0.0012000000000000001
0.014280000000000001,0.0024000000000000002
0.01432,0.002
0.014359999999999998,0.002
0.014399999999999996,0.0004
0.014440000000000008,0.0012000000000000001
0.014480000000000007,0.0016
0.014520000000000005,0.0032
0.014560000000000003,0.004
0.014600000000000002,0.0012000000000000001
0.01464,0.005200000000000001
0.014679999999999999,0.0028
0.014719999999999997,0.0
0.01476000000000001,0.0016
0.014800000000000008,0.0036000000000000003
0.014840000000000006,-0.0004
0.014880000000000004,0.0032
0.014920000000000003,0.0016
0.014960000000000001,0.0012000000000000001
0.015,0.0012000000000000001
0.015039999999999998,0.0028
0.015079999999999996,0.0012000000000000001
0.015120000000000008,0.002
0.015160000000000007,0.002
0.015200000000000005,0.0028
0.015240000000000004,0.0016
0.015280000000000002,0.0024000000000000002
0.01532,0.0016
0.015359999999999999,0.0024000000000000002
0.015399999999999997,0.0024000000000000002
0.01544000000000001,0.0024000000000000002
0.015480000000000008,0.0036000000000000003
0.015520000000000006,0.0024000000000000002
0.015560000000000004,0.0024000000000000002
0.015600000000000003,0.002
0.01564,0.0024000000000000002
0.01568,0.0032
0.015719999999999998,0.0036000000000000003
0.015759999999999996,0.0024000000000000002
0.01580000000000001,0.0
0.015840000000000007,0.0028
0.015880000000000005,0.0028
0.015920000000000004,0.0024000000000000002
0.015960000000000002,0.0032
0.016,0.0012000000000000001
0.01604,0.004
0.016079999999999997,0.0012000000000000001
0.01612000000000001,0.0032
0.016160000000000008,0.0024000000000000002
0.016200000000000006,0.0028
0.016240000000000004,0.0012000000000000001
0.016280000000000003,0.0012000000000000001
0.01632,0.0028
0.01636,0.0012000000000000001
0.016399999999999998,0.002
0.016439999999999996,0.0016
0.01648000000000001,0.0004
0.016520000000000007,0.002
0.016560000000000005,0.0016
0.016600000000000004,0.0004
0.016640000000000002,0.0028
0.01668,0.0012000000000000001
0.01672,0.002
0.016759999999999997,0.0028
0.01680000000000001,0.002
0.016840000000000008,0.004
0.016880000000000006,0.002
0.016920000000000004,0.0008
0.016960000000000003,0.0024000000000000002
0.017,0.002
0.01704,0.0028
0.017079999999999998,0.0004
0.017119999999999996,0.002
0.01716000000000001,-0.0004
0.017200000000000007,0.0008
0.017240000000000005,0.004
0.017280000000000004,0.0024000000000000002
0.017320000000000002,0.0032
0.01736,0.0012000000000000001
0.0174,0.0028
0.017439999999999997,0.002
0.01748000000000001,0.0012000000000000001
0.017520000000000008,0.0032
0.017560000000000006,0.0008
0.017600000000000005,0.0032
0.017640000000000003,0.0012000000000000001
0.01768,0.0024000000000000002
0.01772,0.004
0.017759999999999998,0.002
0.017799999999999996,0.0032
0.01784000000000001,0.0032
0.017880000000000007,0.0004
0.017920000000000005,0.0024000000000000002
0.017960000000000004,0.0024000000000000002
0.018000000000000002,0.002
0.01804,0.0008
0.01808,0.0016
0.018119999999999997,0.0028
0.01816000000000001,0.0012000000000000001
0.018200000000000008,0.0028
0.018240000000000006,0.0028
0.018280000000000005,0.0016
0.018320000000000003,0.0036000000000000003
0.01836,0.0028
0.0184,0.0012000000000000001
0.018439999999999998,0.0012000000000000001
0.018479999999999996,0.0008
0.01852000000000001,0.0028
0.018560000000000007,0.0024000000000000002
0.018600000000000005,0.0016
0.018640000000000004,0.0028
0.018680000000000002,0.0012000000000000001
0.01872,0.0008
0.01876,0.0012000000000000001
0.018799999999999997,0.0016
0.01884000000000001,0.0032
0.018880000000000008,0.0
0.018920000000000006,0.0032
0.018960000000000005,0.0024000000000000002
0.019000000000000003,0.0024000000000000002
0.01904,0.0024000000000000002
0.01908,0.0032
0.019119999999999998,0.0016
0.019159999999999996,0.002
0.01920000000000001,0.0028
0.019240000000000007,0.004
0.019280000000000005,0.0024000000000000002
0.019320000000000004,0.0016
0.019360000000000002,0.0036000000000000003
0.0194,0.0028
0.01944,0.002
0.019479999999999997,0.002
0.01952000000000001,0.0012000000000000001
0.019560000000000008,0.0032
0.019600000000000006,0.0008
0.019640000000000005,0.0032
0.019680000000000003,0.002
0.01972,0.0032
0.01976,0.002
0.019799999999999998,0.0032
0.019839999999999997,0.0004
0.01988000000000001,0.0036000000000000003
0.019920000000000007,0.002
0.019960000000000006,0.0012000000000000001
0.020000000000000004,0.0036000000000000003
0.020040000000000002,0.0024000000000000002
0.02008,0.004
0.02012,0.002
0.020159999999999997,0.002
0.02020000000000001,0.0024000000000000002
0.020240000000000008,0.0024000000000000002
0.020280000000000006,0.0032
0.020320000000000005,0.0016
0.020360000000000003,0.0024000000000000002
0.0204,0.002
0.02044,0.0036000000000000003
0.020479999999999998,0.0028
0.020519999999999997,-0.0004
0.02056000000000001,0.0012000000000000001
0.020600000000000007,0.002
0.020640000000000006,0.0008
0.020680000000000004,0.0016
0.020720000000000002,0.0032
0.02076,0.0004
0.0208,0.0032
0.020839999999999997,0.002
0.02088000000000001,0.0004
0.020920000000000008,0.0024000000000000002
0.020960000000000006,0.002
0.021000000000000005,0.0004
0.021040000000000003,0.0028
0.02108,0.0028
0.02112,0.0024000000000000002
0.021159999999999998,0.0016
0.021199999999999997,0.0012000000000000001
0.02124000000000001,0.002
0.021280000000000007,0.0032
0.021320000000000006,0.004
0.021360000000000004,0.0024000000000000002
0.021400000000000002,0.0032
0.02144,0.0
0.02148,0.0056
0.021519999999999997,0.0004
0.02156000000000001,0.0024000000000000002
0.021600000000000008,0.004
0.021640000000000006,0.0036000000000000003
0.021680000000000005,-0.0004
0.021720000000000003,0.002
0.02176,0.0024000000000000002
0.0218,0.0024000000000000002
0.02184,0.0
0.021879999999999997,0.004
0.02192000000000001,0.0016
0.021960000000000007,0.0032
0.022000000000000006,0.0028
0.022040000000000004,0.0032
0.022080000000000002,0.0024000000000000002
0.02212,0.0024000000000000002
0.02216,0.0008
0.022199999999999998,0.0036000000000000003
0.02224000000000001,0.0036000000000000003
0.022280000000000008,0.0028
0.022320000000000007,0.0028
0.022360000000000005,0.0036000000000000003
0.022400000000000003,0.004
0.02244,0.004
0.02248,0.0024000000000000002
0.02252,0.0028
0.022559999999999997,0.0032
0.02260000000000001,0.0028
0.022640000000000007,0.0008
0.022680000000000006,0.004
0.022720000000000004,0.0012000000000000001
0.022760000000000002,0.0036000000000000003
0.0228,0.002
0.02284,0.0012000000000000001
0.022879999999999998,0.0024000000000000002
0.02292000000000001,0.0048000000000000004
0.022960000000000008,0.0036000000000000003
0.023000000000000007,0.0036000000000000003
0.023040000000000005,0.0012000000000000001
0.023080000000000003,0.0008
0.02312,0.0012000000000000001
0.02316,0.0
0.0232,0.0036000000000000003
0.023239999999999997,0.0032
0.02328000000000001,-0.0004
0.023320000000000007,0.0024000000000000002
0.023360000000000006,0.004
0.023400000000000004,0.0012000000000000001
0.023440000000000003,0.0016
0.02348,0.002
0.02352,0.0032
0.023559999999999998,0.0024000000000000002
0.02360000000000001,0.002
0.023640000000000008,0.0012000000000000001
0.023680000000000007,0.0008
0.023720000000000005,0.0048000000000000004
0.023760000000000003,0.0024000000000000002
0.0238,0.0036000000000000003
0.02384,0.0044
0.02388,0.0024000000000000002
0.023919999999999997,0.0012000000000000001
0.02396000000000001,0.0016
0.024000000000000007,0.004
0.024040000000000006,0.004
0.024080000000000004,0.002
0.024120000000000003,0.0032
0.02416,0.002
0.0242,0.0032
0.024239999999999998,0.002
0.02428000000000001,0.0008
0.02432000000000001,0.0012000000000000001
0.024360000000000007,0.0008
0.024400000000000005,0.0032
0.024440000000000003,0.0028
0.024480000000000002,0.0008
0.02452,0.0016
0.02456,0.0008
0.024599999999999997,0.0024000000000000002
0.02464000000000001,0.0012000000000000001
0.024680000000000007,-0.0004
0.024720000000000006,0.002
0.024760000000000004,0.0028
0.024800000000000003,0.0024000000000000002
0.02484,0.0016
0.02488,0.0024000000000000002
0.024919999999999998,0.0024000000000000002
0.02496000000000001,0.0024000000000000002
0.02500000000000001,0.0008
0.025040000000000007,0.0024000000000000002
0.025080000000000005,0.0004
0.025120000000000003,0.0024000000000000002
0.025160000000000002,0.0012000000000000001
0.0252,0.002
0.02524,0.0024000000000000002
0.025279999999999997,0.0008
0.02532000000000001,0.0012000000000000001
0.025360000000000008,0.0008
0.025400000000000006,0.0032
0.025440000000000004,0.0012000000000000001
0.025480000000000003,0.002
0.02552,0.0004
0.02556,0.004
0.025599999999999998,0.0012000000000000001
0.02564000000000001,0.0016
0.02568000000000001,0.0028
0.025720000000000007,0.0004
0.025760000000000005,-0.0004
0.025800000000000003,0.0016
0.025840000000000002,0.0044
0.02588,0.004
0.02592,0.0032
0.025959999999999997,0.002
0.02600000000000001,0.0012000000000000001
0.026040000000000008,0.002
0.026080000000000006,0.002
0.026120000000000004,0.0016
0.026160000000000003,-0.0004
0.0262,0.0016
0.02624,0.0036000000000000003
0.026279999999999998,0.0024000000000000002
0.02632000000000001,0.0012000000000000001
0.02636000000000001,0.004
0.026400000000000007,0.002
0.026440000000000005,0.0008
0.026480000000000004,0.0032
0.026520000000000002,0.0016
0.02656,0.0032
0.0266,0.0008
0.026639999999999997,0.0024000000000000002
0.02668000000000001,0.002
0.026720000000000008,0.0016
0.026760000000000006,0.002
0.026800000000000004,0.0016
0.026840000000000003,0.0008
0.02688,0.0016
0.02692,0.0024000000000000002
0.026959999999999998,0.0028
0.02700000000000001,0.002
0.02704000000000001,0.0036000000000000003
0.027080000000000007,0.0012000000000000001
0.027120000000000005,0.0028
0.027160000000000004,0.002
0.027200000000000002,0.0016
0.02724,0.002
0.02728,0.0016
0.027319999999999997,0.0012000000000000001
0.02736000000000001,0.0028
0.027400000000000008,0.004
0.027440000000000006,0.0036000000000000003
0.027480000000000004,0.0012000000000000001
0.027520000000000003,0.002
0.02756,0.0044
0.0276,0.0028
0.027639999999999998,0.002
0.02768000000000001,0.002
0.02772000000000001,0.0024000000000000002
0.027760000000000007,0.0008
0.027800000000000005,0.0024000000000000002
0.027840000000000004,0.0012000000000000001
0.027880000000000002,0.0004
0.02792,0.0016
0.02796,0.0008
0.027999999999999997,0.0024000000000000002
0.02804000000000001,0.004
0.028080000000000008,0.004
0.028120000000000006,0.0032
0.028160000000000004,0.002
0.028200000000000003,0.002
0.02824,0.002
0.02828,0.002
0.028319999999999998,0.0036000000000000003
0.02836000000000001,-0.0004
0.02840000000000001,0.0024000000000000002
0.028440000000000007,0.004
0.028480000000000005,0.0012000000000000001
0.028520000000000004,0.0012000000000000001
0.028560000000000002,0.0044
0.0286,0.0008
0.02864,0.0016
0.028679999999999997,0.0008
0.02872000000000001,0.002
0.028760000000000008,0.0028
0.028800000000000006,0.0028
0.028840000000000005,0.0004
0.028880000000000003,0.0024000000000000002
0.02892,0.0
0.02896,0.0012000000000000001
0.028999999999999998,0.002
0.02904000000000001,0.0036000000000000003
0.02908000000000001,0.002
0.029120000000000007,0.0016
0.029160000000000005,0.002
0.029200000000000004,0.002
0.029240000000000002,0.0012000000000000001
0.02928,0.0024000000000000002
0.02932,0.0024000000000000002
0.029359999999999997,0.0016
0.02940000000000001,0.0004
0.029440000000000008,0.004
0.029480000000000006,0.002
0.029520000000000005,0.0008
0.029560000000000003,0.0032
0.0296,0.0024000000000000002
0.02964,0.0024000000000000002
0.029679999999999998,0.0028
0.02972000000000001,0.002
0.02976000000000001,0.0012000000000000001
0.029800000000000007,0.0028
0.029840000000000005,0.0008
0.029880000000000004,0.0008
0.029920000000000002,0.0008
0.02996,0.0008
0.03,0.0012000000000000001
0.030039999999999997,0.0024000000000000002
0.03008000000000001,0.0024000000000000002
0.030120000000000008,-0.0004
0.030160000000000006,0.0024000000000000002
0.030200000000000005,0.0024000000000000002
0.030240000000000003,0.002
0.03028,0.0016
0.03032,0.0024000000000000002
0.030359999999999998,0.0016
0.03040000000000001,0.0028
0.03044000000000001,0.0024000000000000002
0.030480000000000007,0.0012000000000000001
0.030520000000000005,0.0012000000000000001
0.030560000000000004,0.004
0.030600000000000002,0.0016
0.03064,0.0012000000000000001
0.03068,0.0044
0.030719999999999997,0.0032
0.03076000000000001,0.0008
0.030800000000000008,0.004
0.030840000000000006,0.002
0.030880000000000005,0.0016
0.030920000000000003,0.002
0.03096,0.0028
0.031,0.0016
0.031039999999999998,0.002
0.03108000000000001,0.002
0.03112000000000001,0.0024000000000000002
0.031160000000000007,0.0012000000000000001
0.031200000000000006,0.0016
0.031240000000000004,0.0024000000000000002
0.03128,0.0008
0.03132,0.0016
0.03136,0.0028
0.0314,0.0036000000000000003
0.03144000000000001,0.0012000000000000001
0.03148000000000001,0.0024000000000000002
0.031520000000000006,0.0016
0.031560000000000005,0.0032
0.0316,0.0016
0.03164,0.0024000000000000002
0.03168,0.0012000000000000001
0.03172,0.0012000000000000001
0.03176000000000001,0.004
0.03180000000000001,0.0016
0.03184000000000001,0.0016
0.031880000000000006,0.0036000000000000003
0.031920000000000004,0.0024000000000000002
0.03196,0.0
0.032,0.0032
0.03204,0.004
0.03208,0.0008
0.03212000000000001,0.002
0.03216000000000001,0.0028
0.032200000000000006,0.0012000000000000001
0.032240000000000005,0.0036000000000000003
0.03228,0.004
0.03232,0.0004
0.03236,0.002
0.0324,0.002
0.03244000000000001,-0.0012000000000000001
0.03248000000000001,0.002
0.03252000000000001,0.004
0.032560000000000006,0.0012000000000000001
0.032600000000000004,-0.0008
0.03264,0.0016
0.03268,0.0028
0.03272,0.0024000000000000002
0.03276,0.0024000000000000002
0.03280000000000001,0.0032
0.03284000000000001,0.004
0.032880000000000006,0.0012000000000000001
0.032920000000000005,0.0032
0.03296,0.002
0.033,0.0012000000000000001
0.03304,0.0028
0.03308,0.0032
0.03312000000000001,0.0024000000000000002
0.03316000000000001,0.004
0.03320000000000001,0.0028
0.033240000000000006,0.002
0.033280000000000004,0.0024000000000000002
0.03332,0.002
0.03336,0.0016
0.0334,0.0024000000000000002
0.03344,0.002
0.03348000000000001,0.0024000000000000002
0.03352000000000001,0.002
0.033560000000000006,0.0008
0.033600000000000005,0.0048000000000000004
0.03364,0.004
0.03368,-0.0008
0.03372,0.0036000000000000003
0.03376,0.0036000000000000003
0.03380000000000001,0.0024000000000000002
0.03384000000000001,0.0012000000000000001
0.03388000000000001,0.0032
0.033920000000000006,0.0016
0.033960000000000004,0.0028
0.034,0.0008
0.03404,0.0032
0.03408,0.0012000000000000001
0.03412,0.0028
0.03416000000000001,0.0016
0.03420000000000001,0.0024000000000000002
0.03424000000000001,0.004
0.034280000000000005,0.0004
0.03432,0.0004
0.03436,0.0012000000000000001
0.0344,0.0024000000000000002
0.03444,0.0032
0.03448000000000001,0.0012000000000000001
0.03452000000000001,0.0016
0.03456000000000001,0.0028
0.034600000000000006,0.0012000000000000001
0.034640000000000004,0.004
0.03468,0.0024000000000000002
0.03472,0.002
0.03476,0.0016
0.0348,0.0036000000000000003
0.03484000000000001,0.0024000000000000002
0.03488000000000001,0.002
0.03492000000000001,0.0028
0.034960000000000005,0.0028
0.035,0.0024000000000000002
0.03504,0.0016
0.03508,0.004
0.03512,0.0016
0.03516000000000001,0.0036000000000000003
0.03520000000000001,0.0016
0.03524000000000001,0.0036000000000000003
0.035280000000000006,0.0016
0.035320000000000004,0.0
0.03536,0.0012000000000000001
0.0354,0.0032
0.03544,0.002
0.03548,0.0012000000000000001
0.03552000000000001,0.002
0.03556000000000001,0.0024000000000000002
0.03560000000000001,0.0048000000000000004
0.035640000000000005,0.0016
0.03568,0.002
0.03572,0.0028
0.03576,0.0008
0.0358,0.0032
0.03584000000000001,0.0028
0.03588000000000001,0.0016
0.03592000000000001,0.002
0.035960000000000006,0.002
0.036000000000000004,0.0032
0.03604,0.0028
0.03608,0.0024000000000000002
0.03612,0.0016
0.03616,0.0028
0.03620000000000001,0.0012000000000000001
0.03624000000000001,0.0024000000000000002
0.03628000000000001,0.0028
0.036320000000000005,0.0032
0.03636,0.0024000000000000002
0.0364,0.0048000000000000004
0.03644,0.0028
0.03648,0.002
0.03652000000000001,0.0024000000000000002
0.03656000000000001,0.0032
0.03660000000000001,0.0024000000000000002
0.036640000000000006,0.002
0.036680000000000004,0.0024000000000000002
0.03672,0.0012000000000000001
0.03676,-0.0004
0.0368,0.0024000000000000002
0.03684,0.0004
0.03688000000000001,0.0024000000000000002
0.03692000000000001,0.0036000000000000003
0.03696000000000001,0.002
0.037000000000000005,0.0016
0.037040000000000003,0.0012000000000000001
0.03708,0.0016
0.03712,0.004
0.03716,0.0024000000000000002
0.03720000000000001,0.0008
0.03724000000000001,0.0008
0.03728000000000001,0.0032
0.037320000000000006,0.0004
0.037360000000000004,0.002
0.0374,0.0032
0.03744,0.0012000000000000001
0.03748,0.0028
0.03752,0.0028
0.03756000000000001,0.002
0.03760000000000001,0.004
0.03764000000000001,0.0028
0.037680000000000005,0.0032
0.037720000000000004,0.0008
0.03776,0.002
0.0378,0.0016
0.03784,0.0012000000000000001
0.03788000000000001,0.0016
0.03792000000000001,0.0028
0.03796000000000001,0.0008
0.038000000000000006,0.004
0.038040000000000004,0.0056
0.03808,0.0012000000000000001
0.03812,0.0032
0.03816,0.0008
0.0382,0.0024000000000000002
0.03824000000000001,0.0032
0.03828000000000001,0.0008
0.03832000000000001,0.0
0.038360000000000005,0.0028
0.038400000000000004,0.0016
0.03844,0.0008
0.03848,0.0004
0.03852,0.004
0.03856000000000001,0.0008
0.03860000000000001,0.0016
0.03864000000000001,0.004
0.038680000000000006,0.0016
0.038720000000000004,0.0004
0.03876,0.0032
0.0388,0.0012000000000000001
0.03884,0.002
0.03888,0.004
0.03892000000000001,0.0004
0.03896000000000001,0.004
0.03900000000000001,0.0024000000000000002
0.039040000000000005,0.0024000000000000002
0.039080000000000004,0.0024000000000000002
0.03912,0.0024000000000000002
0.03916,0.0024000000000000002
0.0392,0.0016
0.03924000000000001,0.0036000000000000003
0.03928000000000001,0.0008
0.03932000000000001,0.004
0.039360000000000006,0.0032
0.039400000000000004,0.0016
0.03944,0.0036000000000000003
0.03948,0.004
0.03952,0.0028
0.03956,0.0024000000000000002
0.03960000000000001,0.0008
0.03964000000000001,0.0016
0.03968000000000001,0.0028
0.039720000000000005,0.0012000000000000001
0.039760000000000004,0.0024000000000000002
0.0398,0.0024000000000000002
0.03984,0.0012000000000000001
0.03988,0.0032
0.03992000000000001,0.0028
0.03996000000000001,0.0024000000000000002
0.04000000000000001,0.0008
0.040040000000000006,0.0032
0.040080000000000005,0.0024000000000000002
0.04012,0.0012000000000000001
0.04016,0.0012000000000000001
0.0402,0.0024000000000000002
0.04024,0.0016
0.04028000000000001,0.0016
0.04032000000000001,0.0016
0.04036000000000001,0.0016
0.040400000000000005,0.0028
0.040440000000000004,0.0024000000000000002
0.04048,0.0016
0.04052,0.0016
0.04056,0.0012000000000000001
0.04060000000000001,0.0032
0.04064000000000001,0.0036000000000000003
0.04068000000000001,0.0016
0.040720000000000006,0.0024000000000000002
0.040760000000000005,-0.0068000000000000005
0.0408,0.0032
0.04084,0.0024000000000000002
0.04088,0.002
0.04092,0.0004
0.04096000000000001,0.0028
0.04100000000000001,0.0004
0.04104000000000001,0.002
0.041080000000000005,0.002
0.041120000000000004,0.0032
0.04116,0.002
0.0412,0.0012000000000000001
0.04124,0.0012000000000000001
0.04128000000000001,0.0028
0.04132000000000001,0.0012000000000000001
0.04136000000000001,0.0024000000000000002
0.041400000000000006,0.0008
0.041440000000000005,0.0028
0.04148,0.0012000000000000001
0.04152,0.002
0.04156,0.0036000000000000003
0.0416,0.0012000000000000001
0.04164000000000001,0.0004
0.04168000000000001,0.0032
0.04172000000000001,0.004
0.041760000000000005,0.0028
0.041800000000000004,0.0036000000000000003
0.04184,0.0016
0.04188,0.002
0.04192,0.0024000000000000002
0.04196000000000001,0.0016
0.04200000000000001,0.0012000000000000001
0.04204000000000001,0.002
0.042080000000000006,0.0016
0.042120000000000005,0.002
0.04216,0.004
0.0422,0.0028
0.04224,0.004
0.04228,0.0024000000000000002
0.04232000000000001,0.0028
0.04236000000000001,0.002
0.04240000000000001,0.0032
0.042440000000000005,0.0028
0.042480000000000004,0.0024000000000000002
0.04252,0.0012000000000000001
0.04256,0.0024000000000000002
0.0426,0.0024000000000000002
0.04264000000000001,0.0004
0.04268000000000001,0.0016
0.04272000000000001,0.0032
0.042760000000000006,0.0008
0.042800000000000005,0.0008
0.04284,0.0036000000000000003
0.04288,0.0016
0.04292,0.0004
0.04296,0.0036000000000000003
0.04300000000000001,0.0012000000000000001
0.04304000000000001,0.0016
0.04308000000000001,0.0024000000000000002
0.043120000000000006,0.0032
0.043160000000000004,0.002
0.0432,0.0016
0.04324,0.0024000000000000002
0.04328,0.0024000000000000002
0.04332000000000001,0.0024000000000000002
0.04336000000000001,0.0008
0.04340000000000001,0.0036000000000000003
0.043440000000000006,0.002
0.043480000000000005,0.0008
0.04352,0.0024000000000000002
0.04356,0.0028
0.0436,0.002
0.04364,0.0056
0.04368000000000001,0.0024000000000000002
0.04372000000000001,0.0
0.04376000000000001,0.0004
0.043800000000000006,0.0028
0.043840000000000004,0.0028
0.04388,0.002
0.04392,0.002
0.04396,0.0004
0.04400000000000001,0.0012000000000000001
0.04404000000000001,0.0032
0.04408000000000001,0.0016
0.044120000000000006,0.0012000000000000001
0.044160000000000005,0.0044
0.0442,0.0016
0.04424,0.0012000000000000001
0.04428,0.0028
0.04432,0.002
0.04436000000000001,0.0012000000000000001
0.04440000000000001,0.0012000000000000001
0.04444000000000001,0.0024000000000000002
0.044480000000000006,0.0032
0.044520000000000004,0.0032
0.04456,0.002
0.0446,0.0028
0.04464,0.0028
0.04468000000000001,0.0024000000000000002
0.04472000000000001,0.0012000000000000001
0.04476000000000001,0.0028
0.044800000000000006,0.0012000000000000001
0.044840000000000005,0.0024000000000000002
0.04488,0.0028
0.04492,0.0032
0.04496,0.0028
0.045,0.0012000000000000001
0.04504000000000001,0.0
0.04508000000000001,0.002
0.04512000000000001,0.0028
0.045160000000000006,0.0024000000000000002
0.045200000000000004,0.0024000000000000002
0.04524,0.0008
0.04528,0.0008
0.04532,0.0024000000000000002
0.04536000000000001,0.0036000000000000003
0.04540000000000001,0.0036000000000000003
0.04544000000000001,0.004
0.04548000000000001,0.0024000000000000002
0.045520000000000005,0.0012000000000000001
0.04556,0.0028
0.0456,0.0036000000000000003
0.04564,0.0008
0.04568,0.0032
0.04572000000000001,0.0028
0.04576000000000001,0.0024000000000000002
0.04580000000000001,0.0012000000000000001
0.045840000000000006,0.002
0.045880000000000004,0.0036000000000000003
0.04592,0.0012000000000000001
0.04596,0.0024000000000000002
0.046,0.0032
0.04604000000000001,0.0044
0.04608000000000001,0.0008
0.04612000000000001,0.002
0.04616000000000001,0.0012000000000000001
0.046200000000000005,0.0016
0.04624,0.0024000000000000002
0.04628,0.0012000000000000001
0.04632,0.0028
0.04636,0.002
0.04640000000000001,0.0016
0.04644000000000001,0.0032
0.04648000000000001,0.0024000000000000002
0.046520000000000006,0.0012000000000000001
0.046560000000000004,0.002
0.0466,0.002
0.04664,0.0004
0.04668,0.0028
0.04672000000000001,0.0012000000000000001
0.04676000000000001,0.0024000000000000002
0.04680000000000001,0.0012000000000000001
0.04684000000000001,0.0036000000000000003
0.046880000000000005,0.002
0.04692,0.004
0.04696,0.0012000000000000001
0.047,0.0032
0.04704,0.002
0.04708000000000001,0.0024000000000000002
0.04712000000000001,0.0028
0.04716000000000001,0.0024000000000000002
0.047200000000000006,0.0016
0.047240000000000004,0.002
0.04728,0.0036000000000000003
0.04732,0.0024000000000000002
0.04736,0.0016
0.04740000000000001,0.0028
0.04744000000000001,0.0008
0.04748000000000001,0.0028
0.04752000000000001,0.002
0.047560000000000005,0.0028
0.0476,0.0024000000000000002
0.04764,0.0028
0.04768,0.0012000000000000001
0.04772,0.0032
0.04776000000000001,0.0032
0.04780000000000001,0.002
0.04784000000000001,0.0024000000000000002
0.047880000000000006,0.0012000000000000001
0.047920000000000004,0.002
0.04796,0.0016
0.048,0.0024000000000000002
0.04804,0.004
0.04808000000000001,0.0024000000000000002
0.04812000000000001,0.0036000000000000003
0.04816000000000001,0.0028
0.04820000000000001,0.0032
0.048240000000000005,0.0044
0.04828,0.002
0.04832,0.002
0.04836,0.0012000000000000001
0.0484,0.0
0.04844000000000001,0.0004
0.04848000000000001,0.0012000000000000001
0.04852000000000001,0.0
0.048560000000000006,0.0012000000000000001
0.048600000000000004,0.0024000000000000002
0.04864,0.0
0.04868,0.004
0.04872,0.002
0.04876000000000001,0.0016
0.04880000000000001,0.0036000000000000003
0.04884000000000001,0.0028
0.04888000000000001,0.0016
0.048920000000000005,0.0024000000000000002
0.048960000000000004,0.0016
0.049,0.0028
0.04904,0.004
0.04908,0.0016
0.04912000000000001,0.0
0.04916000000000001,0.0028
0.04920000000000001,0.0008
0.049240000000000006,0.0024000000000000002
0.049280000000000004,0.0024000000000000002
0.04932,0.0024000000000000002
0.04936,0.0032
0.0494,0.0024000000000000002
0.04944000000000001,0.002
0.04948000000000001,0.002
0.04952000000000001,0.0024000000000000002
0.04956000000000001,0.002
0.049600000000000005,0.0036000000000000003
0.049640000000000004,0.0012000000000000001
0.04968,0.002
0.04972,0.0024000000000000002
0.04976,0.0024000000000000002
0.04980000000000001,0.0028
0.04984000000000001,0.0024000000000000002
0.04988000000000001,0.0012000000000000001
0.049920000000000006,0.002
0.049960000000000004,0.002
