t,V1
-1.65e-05,0.0036000000000000003
-1.649e-05,0.0016
-1.648e-05,0.0004
-1.647e-05,0.0004
-1.646e-05,0.0008
-1.645e-05,0.0016
-1.6440000000000002e-05,0.0032
-1.643e-05,0.0032
-1.6420000000000002e-05,0.0032
-1.641e-05,0.0024000000000000002
-1.6400000000000002e-05,0.0016
-1.639e-05,0.0
-1.6380000000000002e-05,0.0004
-1.637e-05,0.0004
-1.6360000000000003e-05,0.0004
-1.635e-05,0.0028
-1.6340000000000003e-05,0.002
-1.633e-05,0.0036000000000000003
-1.632e-05,0.002
-1.631e-05,0.002
-1.63e-05,0.002
-1.629e-05,0.002
-1.628e-05,0.0012000000000000001
-1.6270000000000002e-05,0.002
-1.626e-05,0.0024000000000000002
-1.6250000000000002e-05,0.0028
-1.624e-05,0.0028
-1.6230000000000002e-05,0.002
-1.622e-05,0.0028
-1.6210000000000002e-05,0.0036000000000000003
-1.62e-05,0.0032
-1.6190000000000003e-05,0.0032
-1.618e-05,0.002
-1.6170000000000003e-05,0.0012000000000000001
-1.616e-05,-0.0004
-1.6150000000000003e-05,0.0004
-1.614e-05,0.0
-1.613e-05,0.0004
-1.612e-05,0.0012000000000000001
-1.611e-05,0.0024000000000000002
-1.6100000000000002e-05,0.002
-1.609e-05,0.0016
-1.6080000000000002e-05,0.0008
-1.607e-05,0.0004
-1.6060000000000002e-05,-0.0004
-1.605e-05,0.0024000000000000002
-1.6040000000000002e-05,0.0032
-1.603e-05,0.0048000000000000004
-1.6020000000000002e-05,0.0056
-1.601e-05,0.005200000000000001
-1.6000000000000003e-05,0.004
-1.599e-05,0.0036000000000000003
-1.5980000000000003e-05,0.0028
-1.597e-05,0.0016
-1.596e-05,0.0012000000000000001
-1.595e-05,0.0004
-1.594e-05,0.0008
-1.593e-05,0.0008
-1.592e-05,0.0016
-1.5910000000000002e-05,0.0012000000000000001
-1.59e-05,0.0008
-1.5890000000000002e-05,0.002
-1.588e-05,0.0004
-1.5870000000000002e-05,0.0016
-1.586e-05,0.0016
-1.5850000000000002e-05,0.0032
-1.584e-05,0.0036000000000000003
-1.5830000000000003e-05,0.0028
-1.582e-05,0.0032
-1.5810000000000003e-05,0.0036000000000000003
-1.58e-05,0.0032
-1.5790000000000003e-05,0.0036000000000000003
-1.578e-05,0.0028
-1.577e-05,0.0024000000000000002
-1.576e-05,0.0012000000000000001
-1.575e-05,0.0004
-1.5740000000000002e-05,-0.0008
-1.573e-05,-0.0004
-1.5720000000000002e-05,-0.0004
-1.571e-05,0.0004
-1.5700000000000002e-05,0.0008
-1.569e-05,0.002
-1.5680000000000002e-05,0.0016
-1.567e-05,0.0012000000000000001
-1.5660000000000003e-05,0.0008
-1.565e-05,0.0008
-1.5640000000000003e-05,0.002
-1.563e-05,0.0032
-1.5620000000000003e-05,0.0036000000000000003
-1.561e-05,0.0036000000000000003
-1.56e-05,0.0044
-1.559e-05,0.0032
-1.558e-05,0.0028
-1.5570000000000002e-05,0.0024000000000000002
-1.556e-05,0.0016
-1.5550000000000002e-05,0.0012000000000000001
-1.554e-05,0.0016
-1.5530000000000002e-05,0.002
-1.552e-05,0.0028
-1.5510000000000002e-05,0.0036000000000000003
-1.55e-05,0.0032
-1.5490000000000002e-05,0.0036000000000000003
-1.548e-05,0.0036000000000000003
-1.5470000000000003e-05,0.0024000000000000002
-1.546e-05,0.0032
-1.5450000000000003e-05,0.0024000000000000002
-1.544e-05,0.0024000000000000002
-1.543e-05,0.002
-1.542e-05,0.002
-1.541e-05,0.0032
-1.54e-05,0.0028
-1.539e-05,0.0032
-1.5380000000000002e-05,0.0028
-1.537e-05,0.002
-1.5360000000000002e-05,0.0024000000000000002
-1.535e-05,0.0024000000000000002
-1.5340000000000002e-05,0.0016
-1.533e-05,0.0012000000000000001
-1.5320000000000002e-05,0.0016
-1.531e-05,0.0028
-1.5300000000000003e-05,0.0036000000000000003
-1.529e-05,0.0056
-1.5280000000000003e-05,0.0048000000000000004
-1.527e-05,0.0032
-1.526e-05,0.0032
-1.5250000000000001e-05,0.0016
-1.5240000000000001e-05,0.0008
-1.5230000000000002e-05,0.0028
-1.5220000000000002e-05,0.0016
-1.5210000000000002e-05,0.0036000000000000003
-1.5200000000000002e-05,0.0024000000000000002
-1.5190000000000002e-05,0.0032
-1.518e-05,0.0028
-1.5170000000000002e-05,0.0024000000000000002
-1.516e-05,0.0016
-1.515e-05,0.0
-1.514e-05,0.0004
-1.513e-05,0.0016
-1.5120000000000001e-05,0.002
-1.5110000000000001e-05,0.0024000000000000002
-1.5100000000000001e-05,0.0036000000000000003
-1.5090000000000001e-05,0.0036000000000000003
-1.5080000000000001e-05,0.0032
-1.5070000000000001e-05,0.0032
-1.5060000000000001e-05,0.0032
-1.5050000000000002e-05,0.0036000000000000003
-1.5040000000000002e-05,0.0036000000000000003
-1.5030000000000002e-05,0.004
-1.5020000000000002e-05,0.0028
-1.501e-05,0.0032
-1.5000000000000002e-05,0.0024000000000000002
-1.499e-05,0.0028
-1.498e-05,0.0028
-1.497e-05,0.0028
-1.496e-05,0.0024000000000000002
-1.4950000000000001e-05,0.0012000000000000001
-1.4940000000000001e-05,0.0004
-1.4930000000000001e-05,0.0004
-1.4920000000000001e-05,-0.0004
-1.4910000000000001e-05,-0.0004
-1.4900000000000001e-05,0.0004
-1.4890000000000001e-05,0.002
-1.4880000000000002e-05,0.0036000000000000003
-1.4870000000000002e-05,0.0036000000000000003
-1.4860000000000002e-05,0.0036000000000000003
-1.4850000000000002e-05,0.0032
-1.4840000000000002e-05,0.0028
-1.4830000000000002e-05,0.0024000000000000002
-1.482e-05,0.0024000000000000002
-1.481e-05,0.0032
-1.48e-05,0.0048000000000000004
-1.479e-05,0.005200000000000001
-1.478e-05,0.0044
-1.4770000000000001e-05,0.004
-1.4760000000000001e-05,0.0028
-1.4750000000000001e-05,0.0012000000000000001
-1.4740000000000001e-05,0.0004
-1.4730000000000001e-05,0.0
-1.4720000000000001e-05,0.0004
-1.4710000000000001e-05,-0.0004
-1.4700000000000002e-05,0.002
-1.4690000000000002e-05,0.0004
-1.4680000000000002e-05,0.0028
-1.4670000000000002e-05,0.0016
-1.4660000000000002e-05,0.004
-1.465e-05,0.002
-1.4640000000000002e-05,0.004
-1.463e-05,0.0036000000000000003
-1.462e-05,0.005200000000000001
-1.461e-05,0.0036000000000000003
-1.46e-05,0.0048000000000000004
-1.4590000000000001e-05,0.0032
-1.4580000000000001e-05,0.0036000000000000003
-1.4570000000000001e-05,0.002
-1.4560000000000001e-05,0.0028
-1.4550000000000001e-05,0.0032
-1.4540000000000001e-05,0.0024000000000000002
-1.4530000000000001e-05,0.0016
-1.4520000000000002e-05,0.0012000000000000001
-1.4510000000000002e-05,0.0
-1.4500000000000002e-05,0.0012000000000000001
-1.4490000000000002e-05,-0.0004
-1.448e-05,0.0004
-1.4470000000000002e-05,0.002
-1.446e-05,0.0024000000000000002
-1.4450000000000002e-05,0.0036000000000000003
-1.444e-05,0.0028
-1.443e-05,0.0032
-1.4420000000000001e-05,0.002
-1.4410000000000001e-05,0.0016
-1.4400000000000001e-05,0.0028
-1.4390000000000001e-05,0.0032
-1.4380000000000001e-05,0.0036000000000000003
-1.4370000000000001e-05,0.0036000000000000003
-1.4360000000000001e-05,0.0032
-1.4350000000000002e-05,0.0036000000000000003
-1.4340000000000002e-05,0.002
-1.4330000000000002e-05,0.0012000000000000001
-1.4320000000000002e-05,0.0012000000000000001
-1.431e-05,0.0008
-1.4300000000000002e-05,0.0016
-1.429e-05,0.0028
-1.4280000000000002e-05,0.0028
-1.427e-05,0.004
-1.426e-05,0.0048000000000000004
-1.425e-05,0.0044
-1.4240000000000001e-05,0.0044
-1.4230000000000001e-05,0.0036000000000000003
-1.4220000000000001e-05,0.0036000000000000003
-1.4210000000000001e-05,0.0032
-1.4200000000000001e-05,0.0024000000000000002
-1.4190000000000001e-05,0.002
-1.4180000000000001e-05,0.0016
-1.4170000000000002e-05,0.0012000000000000001
-1.4160000000000002e-05,0.0016
-1.4150000000000002e-05,0.002
-1.4140000000000002e-05,0.0024000000000000002
-1.4130000000000002e-05,0.0028
-1.412e-05,0.0024000000000000002
-1.4110000000000002e-05,0.002
-1.41e-05,0.002
-1.409e-05,0.0028
-1.408e-05,0.004
-1.407e-05,0.0044
-1.4060000000000001e-05,0.004
-1.4050000000000001e-05,0.005200000000000001
-1.4040000000000001e-05,0.005200000000000001
-1.4030000000000001e-05,0.0036000000000000003
-1.4020000000000001e-05,0.0024000000000000002
-1.4010000000000001e-05,0.0012000000000000001
-1.4000000000000001e-05,0.0004
-1.3990000000000002e-05,0.0004
-1.3980000000000002e-05,0.0016
-1.3970000000000002e-05,0.002
-1.3960000000000002e-05,0.002
-1.395e-05,0.0016
-1.3940000000000002e-05,0.0024000000000000002
-1.393e-05,0.0012000000000000001
-1.3920000000000002e-05,0.0008
-1.391e-05,0.0012000000000000001
-1.39e-05,0.0004
-1.389e-05,0.0028
-1.3880000000000001e-05,0.0024000000000000002
-1.3870000000000001e-05,0.0028
-1.3860000000000001e-05,0.0044
-1.3850000000000001e-05,0.0044
-1.3840000000000001e-05,0.0044
-1.3830000000000001e-05,0.004
-1.3820000000000002e-05,0.0032
-1.3810000000000002e-05,0.004
-1.3800000000000002e-05,0.002
-1.3790000000000002e-05,0.0024000000000000002
-1.378e-05,0.0008
-1.3770000000000002e-05,0.0008
-1.376e-05,0.0004
-1.3750000000000002e-05,0.0008
-1.374e-05,0.0016
-1.373e-05,0.002
-1.372e-05,0.0016
-1.3710000000000001e-05,0.002
-1.3700000000000001e-05,0.0008
-1.3690000000000001e-05,0.0008
-1.3680000000000001e-05,0.0
-1.3670000000000001e-05,0.0008
-1.3660000000000001e-05,0.0028
-1.3650000000000001e-05,0.004
-1.3640000000000002e-05,0.0048000000000000004
-1.3630000000000002e-05,0.0056
-1.3620000000000002e-05,0.0044
-1.3610000000000002e-05,0.004
-1.3600000000000002e-05,0.0024000000000000002
-1.359e-05,0.002
-1.3580000000000002e-05,0.002
-1.357e-05,0.002
-1.356e-05,0.0028
-1.355e-05,0.004
-1.354e-05,0.0032
-1.3530000000000001e-05,0.0024000000000000002
-1.3520000000000001e-05,0.002
-1.3510000000000001e-05,0.0012000000000000001
-1.3500000000000001e-05,0.0004
-1.3490000000000001e-05,0.0
-1.3480000000000001e-05,0.0012000000000000001
-1.3470000000000001e-05,0.002
-1.3460000000000002e-05,0.002
-1.3450000000000002e-05,0.0028
-1.3440000000000002e-05,0.0028
-1.3430000000000002e-05,0.0032
-1.342e-05,0.0028
-1.3410000000000002e-05,0.0048000000000000004
-1.34e-05,0.0036000000000000003
-1.3390000000000002e-05,0.004
-1.338e-05,0.0028
-1.337e-05,0.0036000000000000003
-1.336e-05,0.0028
-1.3350000000000001e-05,0.0016
-1.3340000000000001e-05,0.002
-1.3330000000000001e-05,0.0036000000000000003
-1.3320000000000001e-05,0.004
-1.3310000000000001e-05,0.0032
-1.3300000000000001e-05,0.0024000000000000002
-1.3290000000000002e-05,0.002
-1.3280000000000002e-05,0.0016
-1.3270000000000002e-05,0.0012000000000000001
-1.3260000000000002e-05,0.0016
-1.325e-05,0.002
-1.3240000000000002e-05,0.0032
-1.323e-05,0.0044
-1.3220000000000002e-05,0.004
-1.321e-05,0.0048000000000000004
-1.32e-05,0.0036000000000000003
-1.319e-05,0.0028
-1.3180000000000001e-05,0.0012000000000000001
-1.3170000000000001e-05,0.0016
-1.3160000000000001e-05,0.0012000000000000001
-1.3150000000000001e-05,0.0032
-1.3140000000000001e-05,0.0032
-1.3130000000000001e-05,0.0036000000000000003
-1.3120000000000001e-05,0.0036000000000000003
-1.3110000000000002e-05,0.0036000000000000003
-1.3100000000000002e-05,0.0028
-1.3090000000000002e-05,0.002
-1.3080000000000002e-05,0.0016
-1.3070000000000002e-05,0.0024000000000000002
-1.306e-05,0.0036000000000000003
-1.3050000000000002e-05,0.0032
-1.304e-05,0.0044
-1.303e-05,0.0032
-1.302e-05,0.0032
-1.301e-05,0.0028
-1.3000000000000001e-05,0.002
-1.2990000000000001e-05,0.0024000000000000002
-1.2980000000000001e-05,0.0016
-1.2970000000000001e-05,0.0016
-1.2960000000000001e-05,0.0012000000000000001
-1.2950000000000001e-05,0.0008
-1.2940000000000001e-05,0.0012000000000000001
-1.2930000000000002e-05,0.002
-1.2920000000000002e-05,0.0024000000000000002
-1.2910000000000002e-05,0.0032
-1.2900000000000002e-05,0.0032
-1.289e-05,0.0024000000000000002
-1.2880000000000002e-05,0.0036000000000000003
-1.287e-05,0.002
-1.2860000000000002e-05,0.0032
-1.285e-05,0.0036000000000000003
-1.284e-05,0.0032
-1.283e-05,0.0044
-1.2820000000000001e-05,0.0048000000000000004
-1.2810000000000001e-05,0.0044
-1.2800000000000001e-05,0.004
-1.2790000000000001e-05,0.0028
-1.2780000000000001e-05,0.0012000000000000001
-1.2770000000000001e-05,0.0008
-1.2760000000000001e-05,0.0
-1.2750000000000002e-05,0.0004
-1.2740000000000002e-05,0.0012000000000000001
-1.2730000000000002e-05,0.0024000000000000002
-1.272e-05,0.0036000000000000003
-1.2710000000000002e-05,0.0028
-1.27e-05,0.0028
-1.2690000000000002e-05,0.0036000000000000003
-1.268e-05,0.0024000000000000002
-1.2670000000000002e-05,0.0028
-1.266e-05,0.0028
-1.2650000000000001e-05,0.0028
-1.2640000000000001e-05,0.0032
-1.2630000000000001e-05,0.004
-1.2620000000000001e-05,0.0044
-1.2610000000000001e-05,0.0036000000000000003
-1.2600000000000001e-05,0.0036000000000000003
-1.2590000000000001e-05,0.0024000000000000002
-1.2580000000000002e-05,0.002
-1.257e-05,0.0028
-1.2560000000000002e-05,0.0016
-1.255e-05,0.0004
-1.2540000000000002e-05,0.0012000000000000001
-1.253e-05,0.0
-1.2520000000000002e-05,0.0024000000000000002
-1.251e-05,0.0016
-1.2500000000000002e-05,0.0016
-1.249e-05,0.002
-1.248e-05,0.0024000000000000002
-1.2470000000000001e-05,0.0024000000000000002
-1.2460000000000001e-05,0.002
-1.2450000000000001e-05,0.0012000000000000001
-1.2440000000000001e-05,0.0024000000000000002
-1.2430000000000001e-05,0.002
-1.2420000000000001e-05,0.004
-1.2410000000000001e-05,0.0036000000000000003
-1.2400000000000002e-05,0.0044
-1.2390000000000002e-05,0.004
-1.238e-05,0.0036000000000000003
-1.2370000000000002e-05,0.004
-1.236e-05,0.0024000000000000002
-1.2350000000000002e-05,0.002
-1.234e-05,0.0024000000000000002
-1.2330000000000002e-05,0.0028
-1.232e-05,0.0036000000000000003
-1.2310000000000002e-05,0.0032
-1.23e-05,0.0028
-1.2290000000000001e-05,0.0032
-1.2280000000000001e-05,0.002
-1.2270000000000001e-05,0.0024000000000000002
-1.2260000000000001e-05,0.0012000000000000001
-1.2250000000000001e-05,0.0012000000000000001
-1.2240000000000001e-05,0.0008
-1.2230000000000001e-05,0.0016
-1.2220000000000002e-05,0.0012000000000000001
-1.221e-05,0.0028
-1.2200000000000002e-05,0.002
-1.219e-05,0.0036000000000000003
-1.2180000000000002e-05,0.004
-1.217e-05,0.004
-1.2160000000000002e-05,0.0036000000000000003
-1.215e-05,0.0036000000000000003
-1.2140000000000002e-05,0.0028
-1.213e-05,0.0028
-1.2120000000000001e-05,0.0016
-1.2110000000000001e-05,0.0012000000000000001
-1.2100000000000001e-05,0.0012000000000000001
-1.2090000000000001e-05,0.002
-1.2080000000000001e-05,0.0028
-1.2070000000000001e-05,0.0028
-1.2060000000000001e-05,0.0024000000000000002
-1.2050000000000002e-05,0.002
-1.204e-05,0.0008
-1.2030000000000002e-05,0.0
-1.202e-05,0.0008
-1.2010000000000002e-05,0.002
-1.2e-05,0.0028
-1.1990000000000002e-05,0.004
-1.198e-05,0.004
-1.1970000000000002e-05,0.0036000000000000003
-1.196e-05,0.0044
-1.195e-05,0.0028
-1.1940000000000001e-05,0.002
-1.1930000000000001e-05,0.002
-1.1920000000000001e-05,0.0024000000000000002
-1.1910000000000001e-05,0.0032
-1.1900000000000001e-05,0.0032
-1.1890000000000001e-05,0.0036000000000000003
-1.1880000000000001e-05,0.0032
-1.1870000000000002e-05,0.0024000000000000002
-1.1860000000000002e-05,0.0028
-1.185e-05,0.0016
-1.1840000000000002e-05,0.002
-1.183e-05,0.0024000000000000002
-1.1820000000000002e-05,0.0028
-1.181e-05,0.0028
-1.1800000000000002e-05,0.0028
-1.179e-05,0.002
-1.1780000000000002e-05,0.002
-1.177e-05,0.002
-1.1760000000000001e-05,0.002
-1.1750000000000001e-05,0.002
-1.1740000000000001e-05,0.0016
-1.1730000000000001e-05,0.0012000000000000001
-1.1720000000000001e-05,0.0004
-1.1710000000000001e-05,0.0004
-1.1700000000000001e-05,0.0008
-1.1690000000000002e-05,0.0008
-1.168e-05,0.0024000000000000002
-1.1670000000000002e-05,0.0036000000000000003
-1.166e-05,0.004
-1.1650000000000002e-05,0.0036000000000000003
-1.164e-05,0.0028
-1.1630000000000002e-05,0.0016
-1.162e-05,0.0004
-1.1610000000000002e-05,0.0012000000000000001
-1.16e-05,0.0008
-1.159e-05,0.0024000000000000002
-1.1580000000000001e-05,0.0032
-1.1570000000000001e-05,0.0036000000000000003
-1.1560000000000001e-05,0.0028
-1.1550000000000001e-05,0.0016
-1.1540000000000001e-05,0.0004
-1.1530000000000001e-05,0.0
-1.1520000000000002e-05,0.0
-1.151e-05,0.0004
-1.1500000000000002e-05,0.0012000000000000001
-1.149e-05,0.002
-1.1480000000000002e-05,0.0032
-1.147e-05,0.0032
-1.1460000000000002e-05,0.0028
-1.145e-05,0.0028
-1.1440000000000002e-05,0.0016
-1.143e-05,0.0012000000000000001
-1.142e-05,0.0012000000000000001
-1.1410000000000001e-05,0.0016
-1.1400000000000001e-05,0.0028
-1.1390000000000001e-05,0.0028
-1.1380000000000001e-05,0.0036000000000000003
-1.1370000000000001e-05,0.0028
-1.1360000000000001e-05,0.0028
-1.1350000000000001e-05,0.0024000000000000002
-1.1340000000000002e-05,0.0024000000000000002
-1.1330000000000002e-05,0.0016
-1.132e-05,0.0008
-1.1310000000000002e-05,0.0004
-1.13e-05,0.0004
-1.1290000000000002e-05,0.0
-1.128e-05,0.0004
-1.1270000000000002e-05,0.002
-1.126e-05,0.0024000000000000002
-1.1250000000000002e-05,0.0024000000000000002
-1.124e-05,0.0024000000000000002
-1.1230000000000001e-05,0.0016
-1.1220000000000001e-05,0.0008
-1.1210000000000001e-05,0.0
-1.1200000000000001e-05,0.0004
-1.1190000000000001e-05,0.0012000000000000001
-1.1180000000000001e-05,0.0024000000000000002
-1.1170000000000001e-05,0.0036000000000000003
-1.1160000000000002e-05,0.004
-1.115e-05,0.0044
-1.1140000000000002e-05,0.0036000000000000003
-1.113e-05,0.0032
-1.1120000000000002e-05,0.0016
-1.111e-05,0.0016
-1.1100000000000002e-05,0.0016
-1.109e-05,0.0024000000000000002
-1.1080000000000002e-05,0.0024000000000000002
-1.107e-05,0.0028
-1.106e-05,0.0028
-1.1050000000000001e-05,0.002
-1.1040000000000001e-05,0.0016
-1.1030000000000001e-05,-0.0004
-1.1020000000000001e-05,0.0004
-1.1010000000000001e-05,-0.0004
-1.1000000000000001e-05,0.0008
-1.0990000000000002e-05,0.0012000000000000001
-1.098e-05,0.0028
-1.0970000000000002e-05,0.0032
-1.096e-05,0.0032
-1.0950000000000002e-05,0.0028
-1.094e-05,0.0048000000000000004
-1.0930000000000002e-05,0.0032
-1.092e-05,0.0044
-1.0910000000000002e-05,0.0032
-1.09e-05,0.0028
-1.089e-05,0.0016
-1.0880000000000001e-05,0.002
-1.0870000000000001e-05,0.0
-1.0860000000000001e-05,0.0008
-1.0850000000000001e-05,0.0004
-1.0840000000000001e-05,0.0024000000000000002
-1.0830000000000001e-05,0.0008
-1.0820000000000001e-05,0.0008
-1.0810000000000002e-05,-0.0004
-1.0800000000000002e-05,-0.0004
-1.079e-05,-0.0008
-1.0780000000000002e-05,0.0008
-1.077e-05,0.0016
-1.0760000000000002e-05,0.0032
-1.075e-05,0.0036000000000000003
-1.0740000000000002e-05,0.0048000000000000004
-1.073e-05,0.004
-1.0720000000000002e-05,0.0028
-1.071e-05,0.0016
-1.0700000000000001e-05,0.0016
-1.0690000000000001e-05,0.002
-1.0680000000000001e-05,0.0024000000000000002
-1.0670000000000001e-05,0.002
-1.0660000000000001e-05,0.002
-1.0650000000000001e-05,0.0016
-1.0640000000000001e-05,0.0012000000000000001
-1.0630000000000002e-05,0.0008
-1.062e-05,0.0016
-1.0610000000000002e-05,0.0012000000000000001
-1.06e-05,0.0008
-1.0590000000000002e-05,0.002
-1.058e-05,0.0012000000000000001
-1.0570000000000002e-05,0.0024000000000000002
-1.056e-05,0.0028
-1.0550000000000002e-05,0.002
-1.054e-05,0.0036000000000000003
-1.053e-05,0.0032
-1.0520000000000001e-05,0.0028
-1.0510000000000001e-05,0.0032
-1.0500000000000001e-05,0.002
-1.0490000000000001e-05,0.0008
-1.0480000000000001e-05,0.0004
-1.0470000000000001e-05,-0.0004
-1.0460000000000001e-05,0.0004
-1.045e-05,0.0016
-1.0440000000000002e-05,0.0028
-1.043e-05,0.0032
-1.0420000000000002e-05,0.0032
-1.041e-05,0.0032
-1.0400000000000002e-05,0.0024000000000000002
-1.039e-05,0.0016
-1.0380000000000002e-05,0.0012000000000000001
-1.037e-05,0.0016
-1.036e-05,0.002
-1.0350000000000001e-05,0.0036000000000000003
-1.0340000000000001e-05,0.0028
-1.0330000000000001e-05,0.0036000000000000003
-1.0320000000000001e-05,0.002
-1.0310000000000001e-05,0.0016
-1.0300000000000001e-05,0.0
-1.0290000000000001e-05,0.0004
-1.0280000000000002e-05,0.0008
-1.0270000000000002e-05,0.0008
-1.026e-05,0.0008
-1.0250000000000002e-05,0.002
-1.024e-05,0.002
-1.0230000000000002e-05,0.0028
-1.022e-05,0.002
-1.0210000000000002e-05,0.0016
-1.02e-05,0.0016
-1.0190000000000002e-05,0.002
-1.018e-05,0.0024000000000000002
-1.0170000000000001e-05,0.0032
-1.0160000000000001e-05,0.0032
-1.0150000000000001e-05,0.0032
-1.0140000000000001e-05,0.0028
-1.0130000000000001e-05,0.0024000000000000002
-1.0120000000000001e-05,0.0028
-1.0110000000000001e-05,0.0028
-1.0100000000000002e-05,0.0028
-1.009e-05,0.0016
-1.0080000000000002e-05,0.0012000000000000001
-1.007e-05,0.0
-1.0060000000000002e-05,-0.0008
-1.005e-05,-0.0012000000000000001
-1.0040000000000002e-05,0.0008
-1.003e-05,0.0016
-1.0020000000000002e-05,0.0028
-1.001e-05,0.0032
-1e-05,0.0028
-9.990000000000001e-06,0.0024000000000000002
-9.980000000000001e-06,0.0028
-9.970000000000001e-06,0.002
-9.960000000000001e-06,0.0024000000000000002
-9.950000000000001e-06,0.0032
-9.940000000000001e-06,0.004
-9.930000000000001e-06,0.0048000000000000004
-9.92e-06,0.004
-9.910000000000002e-06,0.004
-9.9e-06,0.0028
-9.890000000000002e-06,0.0028
-9.88e-06,0.0008
-9.870000000000002e-06,0.0008
-9.86e-06,0.0004
-9.850000000000002e-06,0.0016
-9.84e-06,0.0016
-9.83e-06,0.002
-9.820000000000001e-06,0.0012000000000000001
-9.810000000000001e-06,0.0012000000000000001
-9.800000000000001e-06,0.0008
-9.790000000000001e-06,0.0012000000000000001
-9.780000000000001e-06,0.0012000000000000001
-9.770000000000001e-06,0.0016
-9.760000000000001e-06,0.002
-9.750000000000002e-06,0.0028
-9.740000000000002e-06,0.0028
-9.73e-06,0.0032
-9.720000000000002e-06,0.0036000000000000003
-9.71e-06,0.0036000000000000003
-9.700000000000002e-06,0.004
-9.69e-06,0.0032
-9.680000000000002e-06,0.0032
-9.67e-06,0.0016
-9.660000000000002e-06,0.0004
-9.65e-06,0.0012000000000000001
-9.640000000000001e-06,-0.0004
-9.630000000000001e-06,0.0
-9.620000000000001e-06,-0.0004
-9.610000000000001e-06,0.0012000000000000001
-9.600000000000001e-06,0.0016
-9.590000000000001e-06,0.0028
-9.580000000000001e-06,0.0016
-9.570000000000002e-06,0.0016
-9.56e-06,0.0016
-9.550000000000002e-06,0.0024000000000000002
-9.54e-06,0.0016
-9.530000000000002e-06,0.0028
-9.52e-06,0.0036000000000000003
-9.510000000000002e-06,0.0048000000000000004
-9.5e-06,0.0036000000000000003
-9.490000000000002e-06,0.0032
-9.48e-06,0.0028
-9.47e-06,0.002
-9.460000000000001e-06,0.0012000000000000001
-9.450000000000001e-06,0.0008
-9.440000000000001e-06,0.0012000000000000001
-9.430000000000001e-06,0.002
-9.420000000000001e-06,0.0024000000000000002
-9.410000000000001e-06,0.0016
-9.400000000000001e-06,0.002
-9.39e-06,0.0012000000000000001
-9.380000000000002e-06,0.002
-9.37e-06,0.002
-9.360000000000002e-06,0.0016
-9.35e-06,0.0024000000000000002
-9.340000000000002e-06,0.0024000000000000002
-9.33e-06,0.002
-9.320000000000002e-06,0.0024000000000000002
-9.31e-06,0.0024000000000000002
-9.3e-06,0.0028
-9.29e-06,0.0016
-9.280000000000001e-06,0.002
-9.270000000000001e-06,0.0012000000000000001
-9.260000000000001e-06,-0.0004
-9.250000000000001e-06,0.0
-9.240000000000001e-06,-0.0004
-9.230000000000001e-06,-0.0004
-9.220000000000002e-06,0.0008
-9.210000000000002e-06,0.0016
-9.2e-06,0.0028
-9.190000000000002e-06,0.0036000000000000003
-9.18e-06,0.0048000000000000004
-9.170000000000002e-06,0.0044
-9.16e-06,0.0036000000000000003
-9.150000000000002e-06,0.002
-9.14e-06,0.0016
-9.130000000000002e-06,0.0016
-9.12e-06,0.0016
-9.110000000000001e-06,0.002
-9.100000000000001e-06,0.002
-9.090000000000001e-06,0.0016
-9.080000000000001e-06,0.0004
-9.070000000000001e-06,0.0
-9.060000000000001e-06,-0.0008
-9.050000000000001e-06,-0.0012000000000000001
-9.040000000000002e-06,-0.0004
-9.03e-06,0.0
-9.020000000000002e-06,0.002
-9.01e-06,0.0016
-9.000000000000002e-06,0.0028
-8.99e-06,0.0036000000000000003
-8.980000000000002e-06,0.0036000000000000003
-8.97e-06,0.0036000000000000003
-8.960000000000002e-06,0.0032
-8.95e-06,0.0028
-8.94e-06,0.0032
-8.930000000000001e-06,0.0024000000000000002
-8.920000000000001e-06,0.0016
-8.910000000000001e-06,0.0016
-8.900000000000001e-06,0.0012000000000000001
-8.890000000000001e-06,0.0012000000000000001
-8.880000000000001e-06,0.0016
-8.870000000000001e-06,0.0004
-8.860000000000002e-06,0.0004
-8.850000000000002e-06,0.0
-8.840000000000002e-06,-0.0004
-8.830000000000002e-06,-0.0008
-8.82e-06,-0.0004
-8.81e-06,0.0008
-8.8e-06,0.0012000000000000001
-8.79e-06,0.0024000000000000002
-8.78e-06,0.0044
-8.77e-06,0.0044
-8.76e-06,0.0044
-8.750000000000001e-06,0.0036000000000000003
-8.740000000000001e-06,0.002
-8.730000000000001e-06,0.0016
-8.720000000000001e-06,0.0012000000000000001
-8.710000000000001e-06,0.0024000000000000002
-8.700000000000001e-06,0.0032
-8.690000000000002e-06,0.004
-8.680000000000002e-06,0.0028
-8.670000000000002e-06,0.0032
-8.660000000000002e-06,0.0024000000000000002
-8.650000000000002e-06,0.0016
-8.64e-06,0.0004
-8.63e-06,0.0
-8.62e-06,0.0008
-8.61e-06,0.0016
-8.6e-06,0.0016
-8.59e-06,0.002
-8.580000000000001e-06,0.0024000000000000002
-8.570000000000001e-06,0.0016
-8.560000000000001e-06,0.0024000000000000002
-8.550000000000001e-06,0.0016
-8.540000000000001e-06,0.0028
-8.530000000000001e-06,0.0024000000000000002
-8.520000000000001e-06,0.0036000000000000003
-8.510000000000002e-06,0.002
-8.500000000000002e-06,0.0036000000000000003
-8.490000000000002e-06,0.0016
-8.480000000000002e-06,0.0028
-8.470000000000002e-06,0.0024000000000000002
-8.46e-06,0.0032
-8.45e-06,0.0016
-8.44e-06,0.0024000000000000002
-8.43e-06,0.0012000000000000001
-8.42e-06,0.0
-8.41e-06,-0.0012000000000000001
-8.400000000000001e-06,-0.0008
-8.390000000000001e-06,-0.0004
-8.380000000000001e-06,0.0008
-8.370000000000001e-06,0.002
-8.360000000000001e-06,0.0028
-8.350000000000001e-06,0.0032
-8.340000000000001e-06,0.002
-8.330000000000002e-06,0.0024000000000000002
-8.320000000000002e-06,0.0008
-8.310000000000002e-06,0.0008
-8.300000000000002e-06,0.0016
-8.29e-06,0.0024000000000000002
-8.28e-06,0.002
-8.27e-06,0.0028
-8.26e-06,0.0016
-8.25e-06,0.0028
-8.24e-06,0.0004
-8.23e-06,0.0008
-8.220000000000001e-06,0.0
-8.210000000000001e-06,0.0008
-8.200000000000001e-06,0.0008
-8.190000000000001e-06,0.0016
-8.180000000000001e-06,0.0028
-8.170000000000001e-06,0.0024000000000000002
-8.160000000000001e-06,0.0028
-8.150000000000002e-06,0.0028
-8.140000000000002e-06,0.0008
-8.130000000000002e-06,0.0016
-8.120000000000002e-06,0.002
-8.11e-06,0.0012000000000000001
-8.1e-06,0.0012000000000000001
-8.09e-06,0.0012000000000000001
-8.08e-06,0.0012000000000000001
-8.07e-06,0.0008
-8.06e-06,0.0008
-8.050000000000001e-06,0.0008
-8.040000000000001e-06,0.002
-8.030000000000001e-06,0.002
-8.020000000000001e-06,0.0016
-8.010000000000001e-06,0.0004
-8.000000000000001e-06,0.002
-7.990000000000001e-06,0.0012000000000000001
-7.980000000000002e-06,0.002
-7.970000000000002e-06,0.0028
-7.960000000000002e-06,0.0036000000000000003
-7.950000000000002e-06,0.0044
-7.940000000000002e-06,0.0032
-7.93e-06,0.0036000000000000003
-7.92e-06,0.002
-7.91e-06,0.0008
-7.9e-06,0.0012000000000000001
-7.89e-06,-0.0004
-7.88e-06,0.0012000000000000001
-7.870000000000001e-06,0.0012000000000000001
-7.860000000000001e-06,0.0012000000000000001
-7.850000000000001e-06,0.0008
-7.840000000000001e-06,0.0012000000000000001
-7.830000000000001e-06,0.0004
-7.820000000000001e-06,0.0004
-7.810000000000001e-06,0.0004
-7.800000000000002e-06,0.0012000000000000001
-7.790000000000002e-06,0.002
-7.780000000000002e-06,0.0024000000000000002
-7.770000000000002e-06,0.004
-7.76e-06,0.0036000000000000003
-7.75e-06,0.0036000000000000003
-7.74e-06,0.0028
-7.73e-06,0.0028
-7.72e-06,0.0028
-7.71e-06,0.0032
-7.7e-06,0.0012000000000000001
-7.690000000000001e-06,0.002
-7.680000000000001e-06,0.0
-7.670000000000001e-06,0.002
-7.660000000000001e-06,0.0004
-7.650000000000001e-06,0.002
-7.640000000000001e-06,0.0016
-7.630000000000001e-06,0.0028
-7.620000000000002e-06,0.0016
-7.610000000000002e-06,0.002
-7.600000000000002e-06,0.0016
-7.590000000000002e-06,0.0012000000000000001
-7.58e-06,0.002
-7.57e-06,0.0028
-7.5600000000000005e-06,0.0032
-7.5500000000000006e-06,0.0036000000000000003
-7.540000000000001e-06,0.005200000000000001
-7.530000000000001e-06,0.004
-7.520000000000001e-06,0.0048000000000000004
-7.510000000000001e-06,0.0024000000000000002
-7.500000000000001e-06,0.0024000000000000002
-7.490000000000001e-06,0.002
-7.480000000000001e-06,0.0012000000000000001
-7.470000000000001e-06,0.0024000000000000002
-7.460000000000001e-06,0.0024000000000000002
-7.4500000000000015e-06,0.0024000000000000002
-7.440000000000002e-06,0.0028
-7.430000000000002e-06,0.0024000000000000002
-7.420000000000002e-06,0.0016
-7.410000000000002e-06,0.0
-7.4e-06,0.0012000000000000001
-7.39e-06,0.0012000000000000001
-7.3800000000000005e-06,0.0012000000000000001
-7.370000000000001e-06,0.0012000000000000001
-7.360000000000001e-06,0.0016
-7.350000000000001e-06,0.0012000000000000001
-7.340000000000001e-06,0.0024000000000000002
-7.330000000000001e-06,0.0024000000000000002
-7.320000000000001e-06,0.0024000000000000002
-7.310000000000001e-06,0.0016
-7.300000000000001e-06,0.0016
-7.290000000000001e-06,0.0024000000000000002
-7.2800000000000014e-06,0.002
-7.2700000000000015e-06,0.002
-7.260000000000002e-06,0.0016
-7.250000000000002e-06,0.0024000000000000002
-7.240000000000002e-06,0.0024000000000000002
-7.23e-06,0.0032
-7.22e-06,0.0028
-7.2100000000000004e-06,0.0036000000000000003
-7.2000000000000005e-06,0.0024000000000000002
-7.190000000000001e-06,0.0016
-7.180000000000001e-06,-0.0004
-7.170000000000001e-06,-0.0012000000000000001
-7.160000000000001e-06,-0.0008
-7.150000000000001e-06,-0.0004
-7.140000000000001e-06,0.0008
-7.130000000000001e-06,0.002
-7.120000000000001e-06,0.004
-7.110000000000001e-06,0.0032
-7.1000000000000015e-06,0.0028
-7.0900000000000016e-06,0.002
-7.080000000000002e-06,0.0016
-7.070000000000002e-06,0.0016
-7.060000000000002e-06,0.002
-7.05e-06,0.0032
-7.04e-06,0.0036000000000000003
-7.0300000000000005e-06,0.0032
-7.0200000000000006e-06,0.0028
-7.010000000000001e-06,0.0028
-7.000000000000001e-06,0.002
-6.990000000000001e-06,0.0008
-6.980000000000001e-06,0.0016
-6.970000000000001e-06,0.0
-6.960000000000001e-06,0.0008
-6.950000000000001e-06,0.0016
-6.940000000000001e-06,0.002
-6.930000000000001e-06,0.0012000000000000001
-6.9200000000000015e-06,0.002
-6.910000000000002e-06,0.0016
-6.900000000000002e-06,0.002
-6.890000000000002e-06,0.0016
-6.880000000000002e-06,0.0028
-6.87e-06,0.002
-6.86e-06,0.0024000000000000002
-6.8500000000000005e-06,0.0012000000000000001
-6.840000000000001e-06,0.002
-6.830000000000001e-06,0.0016
-6.820000000000001e-06,0.0032
-6.810000000000001e-06,0.0024000000000000002
-6.800000000000001e-06,0.0032
-6.790000000000001e-06,0.0028
-6.780000000000001e-06,0.0036000000000000003
-6.770000000000001e-06,0.002
-6.760000000000001e-06,0.0016
-6.7500000000000014e-06,0.0028
-6.7400000000000015e-06,0.0012000000000000001
-6.730000000000002e-06,0.004
-6.720000000000002e-06,0.004
-6.710000000000002e-06,0.0056
-6.7e-06,0.0048000000000000004
-6.69e-06,0.004
-6.68e-06,0.0032
-6.6700000000000005e-06,0.0016
-6.660000000000001e-06,0.0008
-6.650000000000001e-06,0.0012000000000000001
-6.640000000000001e-06,0.002
-6.630000000000001e-06,0.0032
-6.620000000000001e-06,0.0032
-6.610000000000001e-06,0.0032
-6.600000000000001e-06,0.0028
-6.590000000000001e-06,0.0024000000000000002
-6.580000000000001e-06,0.002
-6.5700000000000015e-06,0.0016
-6.5600000000000016e-06,0.0024000000000000002
-6.550000000000002e-06,0.002
-6.540000000000002e-06,0.0032
-6.530000000000002e-06,0.0032
-6.52e-06,0.0044
-6.51e-06,0.0032
-6.5000000000000004e-06,0.004
-6.4900000000000005e-06,0.002
-6.480000000000001e-06,0.0032
-6.470000000000001e-06,0.0016
-6.460000000000001e-06,0.0028
-6.450000000000001e-06,0.0012000000000000001
-6.440000000000001e-06,0.002
-6.430000000000001e-06,0.002
-6.420000000000001e-06,0.0016
-6.410000000000001e-06,0.0016
-6.400000000000001e-06,0.0032
-6.3900000000000015e-06,0.0024000000000000002
-6.380000000000002e-06,0.0028
-6.370000000000002e-06,0.0024000000000000002
-6.360000000000002e-06,0.0016
-6.350000000000002e-06,0.0024000000000000002
-6.34e-06,0.0016
-6.33e-06,0.0024000000000000002
-6.3200000000000005e-06,0.0028
-6.3100000000000006e-06,0.0044
-6.300000000000001e-06,0.0044
-6.290000000000001e-06,0.005200000000000001
-6.280000000000001e-06,0.0036000000000000003
-6.270000000000001e-06,0.0044
-6.260000000000001e-06,0.002
-6.250000000000001e-06,0.002
-6.240000000000001e-06,0.0016
-6.230000000000001e-06,0.002
-6.2200000000000014e-06,0.0028
-6.2100000000000015e-06,0.0032
-6.200000000000002e-06,0.0036000000000000003
-6.190000000000002e-06,0.0028
-6.180000000000002e-06,0.002
-6.17e-06,0.0012000000000000001
-6.16e-06,-0.0004
-6.15e-06,0.0
-6.1400000000000005e-06,0.0008
-6.130000000000001e-06,0.0016
-6.120000000000001e-06,0.0012000000000000001
-6.110000000000001e-06,0.0016
-6.100000000000001e-06,0.002
-6.090000000000001e-06,0.0024000000000000002
-6.080000000000001e-06,0.0032
-6.070000000000001e-06,0.0028
-6.060000000000001e-06,0.0036000000000000003
-6.050000000000001e-06,0.0028
-6.0400000000000015e-06,0.0032
-6.0300000000000016e-06,0.0028
-6.020000000000002e-06,0.0036000000000000003
-6.010000000000002e-06,0.0028
-6.000000000000002e-06,0.0032
-5.99e-06,0.0036000000000000003
-5.98e-06,0.002
-5.9700000000000004e-06,0.0032
-5.9600000000000005e-06,0.002
-5.950000000000001e-06,0.0008
-5.940000000000001e-06,0.0
-5.930000000000001e-06,-0.0004
-5.920000000000001e-06,0.0
-5.910000000000001e-06,0.0012000000000000001
-5.900000000000001e-06,0.002
-5.890000000000001e-06,0.0036000000000000003
-5.880000000000001e-06,0.0044
-5.870000000000001e-06,0.0036000000000000003
-5.8600000000000015e-06,0.004
-5.850000000000002e-06,0.0028
-5.840000000000002e-06,0.0032
-5.830000000000002e-06,0.002
-5.820000000000002e-06,0.0032
-5.81e-06,0.0032
-5.8e-06,0.0048000000000000004
-5.7900000000000005e-06,0.004
-5.7800000000000006e-06,0.0024000000000000002
-5.770000000000001e-06,0.0028
-5.760000000000001e-06,0.002
-5.750000000000001e-06,0.0012000000000000001
-5.740000000000001e-06,0.0008
-5.730000000000001e-06,0.0016
-5.720000000000001e-06,0.0012000000000000001
-5.710000000000001e-06,0.002
-5.700000000000001e-06,0.0016
-5.6900000000000014e-06,0.0024000000000000002
-5.6800000000000015e-06,0.0024000000000000002
-5.670000000000002e-06,0.0036000000000000003
-5.660000000000002e-06,0.0032
-5.650000000000002e-06,0.0036000000000000003
-5.64e-06,0.0044
-5.63e-06,0.0032
-5.62e-06,0.0024000000000000002
-5.6100000000000005e-06,0.002
-5.600000000000001e-06,0.0016
-5.590000000000001e-06,0.0024000000000000002
-5.580000000000001e-06,0.0024000000000000002
-5.570000000000001e-06,0.0024000000000000002
-5.560000000000001e-06,0.0032
-5.550000000000001e-06,0.0032
-5.540000000000001e-06,0.002
-5.530000000000001e-06,0.002
-5.520000000000001e-06,0.0016
-5.5100000000000015e-06,0.0016
-5.5000000000000016e-06,0.002
-5.490000000000002e-06,0.0044
-5.480000000000002e-06,0.0044
-5.470000000000002e-06,0.005200000000000001
-5.46e-06,0.0044
-5.45e-06,0.004
-5.4400000000000004e-06,0.0032
-5.4300000000000005e-06,0.0024000000000000002
-5.420000000000001e-06,0.0004
-5.410000000000001e-06,0.002
-5.400000000000001e-06,0.002
-5.390000000000001e-06,0.0032
-5.380000000000001e-06,0.0032
-5.370000000000001e-06,0.0024000000000000002
-5.360000000000001e-06,0.002
-5.350000000000001e-06,0.0012000000000000001
-5.340000000000001e-06,0.0008
-5.3300000000000015e-06,0.0024000000000000002
-5.320000000000002e-06,0.002
-5.310000000000002e-06,0.004
-5.300000000000002e-06,0.0036000000000000003
-5.290000000000002e-06,0.0044
-5.28e-06,0.0044
-5.27e-06,0.0032
-5.2600000000000005e-06,0.0036000000000000003
-5.2500000000000006e-06,0.0032
-5.240000000000001e-06,0.0028
-5.230000000000001e-06,0.0028
-5.220000000000001e-06,0.0024000000000000002
-5.210000000000001e-06,0.0012000000000000001
-5.200000000000001e-06,0.0024000000000000002
-5.190000000000001e-06,0.0008
-5.180000000000001e-06,0.0008
-5.170000000000001e-06,0.0008
-5.160000000000001e-06,0.0028
-5.1500000000000015e-06,0.0028
-5.140000000000002e-06,0.0032
-5.130000000000002e-06,0.0028
-5.120000000000002e-06,0.0036000000000000003
-5.11e-06,0.002
-5.1e-06,0.0016
-5.09e-06,0.0028
-5.0800000000000005e-06,0.004
-5.070000000000001e-06,0.005200000000000001
-5.060000000000001e-06,0.007200000000000001
-5.050000000000001e-06,0.005200000000000001
-5.040000000000001e-06,0.005200000000000001
-5.030000000000001e-06,0.004
-5.020000000000001e-06,0.0028
-5.010000000000001e-06,0.0012000000000000001
-5.000000000000001e-06,0.0012000000000000001
-4.990000000000001e-06,0.0008
-4.9800000000000014e-06,0.002
-4.9700000000000015e-06,0.002
-4.960000000000002e-06,0.002
-4.950000000000002e-06,0.002
-4.940000000000002e-06,0.002
-4.93e-06,0.0012000000000000001
-4.92e-06,0.0012000000000000001
-4.9100000000000004e-06,0.0016
-4.9000000000000005e-06,0.0024000000000000002
-4.890000000000001e-06,0.0028
-4.880000000000001e-06,0.0028
-4.870000000000001e-06,0.0028
-4.860000000000001e-06,0.0036000000000000003
-4.850000000000001e-06,0.0044
-4.840000000000001e-06,0.004
-4.830000000000001e-06,0.0048000000000000004
-4.820000000000001e-06,0.0032
-4.810000000000001e-06,0.0032
-4.8000000000000015e-06,0.0016
-4.7900000000000016e-06,0.0028
-4.780000000000002e-06,0.0008
-4.770000000000002e-06,0.0032
-4.760000000000002e-06,0.0008
-4.75e-06,0.0032
-4.74e-06,0.0012000000000000001
-4.7300000000000005e-06,0.0036000000000000003
-4.7200000000000005e-06,0.0008
-4.710000000000001e-06,0.002
-4.700000000000001e-06,0.0004
-4.690000000000001e-06,0.0012000000000000001
-4.680000000000001e-06,0.0016
-4.670000000000001e-06,0.0024000000000000002
-4.660000000000001e-06,0.0028
-4.650000000000001e-06,0.006
-4.640000000000001e-06,0.005200000000000001
-4.630000000000001e-06,0.005200000000000001
-4.6200000000000015e-06,0.004
-4.610000000000002e-06,0.0032
-4.600000000000002e-06,0.002
-4.590000000000002e-06,0.0016
-4.58e-06,0.0024000000000000002
-4.57e-06,0.0024000000000000002
-4.56e-06,0.0028
-4.5500000000000005e-06,0.0024000000000000002
-4.540000000000001e-06,0.0036000000000000003
-4.530000000000001e-06,0.0012000000000000001
-4.520000000000001e-06,0.0024000000000000002
-4.510000000000001e-06,0.0012000000000000001
-4.500000000000001e-06,0.0036000000000000003
-4.490000000000001e-06,0.0016
-4.480000000000001e-06,0.0036000000000000003
-4.470000000000001e-06,0.0028
-4.460000000000001e-06,0.0036000000000000003
-4.4500000000000014e-06,0.0024000000000000002
-4.4400000000000015e-06,0.004
-4.430000000000002e-06,0.0028
-4.420000000000002e-06,0.004
-4.410000000000002e-06,0.0032
-4.4e-06,0.0036000000000000003
-4.39e-06,0.0028
-4.38e-06,0.002
-4.3700000000000005e-06,0.0008
-4.360000000000001e-06,0.0016
-4.350000000000001e-06,0.0024000000000000002
-4.340000000000001e-06,0.0024000000000000002
-4.330000000000001e-06,0.0032
-4.320000000000001e-06,0.0036000000000000003
-4.310000000000001e-06,0.0032
-4.300000000000001e-06,0.0028
-4.290000000000001e-06,0.0028
-4.280000000000001e-06,0.0028
-4.2700000000000015e-06,0.0032
-4.2600000000000016e-06,0.0028
-4.250000000000002e-06,0.0044
-4.240000000000002e-06,0.0044
-4.230000000000002e-06,0.005200000000000001
-4.22e-06,0.004
-4.21e-06,0.0028
-4.2000000000000004e-06,0.0004
-4.1900000000000005e-06,-0.0016
-4.180000000000001e-06,-0.0004
-4.170000000000001e-06,0.0004
-4.160000000000001e-06,0.0012000000000000001
-4.150000000000001e-06,0.0004
-4.140000000000001e-06,0.0024000000000000002
-4.130000000000001e-06,0.0024000000000000002
-4.120000000000001e-06,0.0036000000000000003
-4.110000000000001e-06,0.002
-4.100000000000001e-06,0.0032
-4.0900000000000015e-06,0.0032
-4.080000000000002e-06,0.0044
-4.070000000000002e-06,0.004
-4.060000000000002e-06,0.004
-4.05e-06,0.0036000000000000003
-4.04e-06,0.004
-4.03e-06,0.0032
-4.0200000000000005e-06,0.0032
-4.0100000000000006e-06,0.0032
-4.000000000000001e-06,0.002
-3.990000000000001e-06,0.0016
-3.980000000000001e-06,0.0016
-3.970000000000001e-06,0.0004
-3.960000000000001e-06,0.0004
-3.950000000000001e-06,-0.0004
-3.940000000000001e-06,0.0024000000000000002
-3.930000000000001e-06,0.002
-3.9200000000000014e-06,0.0044
-3.9100000000000015e-06,0.0044
-3.900000000000002e-06,0.0048000000000000004
-3.890000000000002e-06,0.0028
-3.880000000000002e-06,0.0036000000000000003
-3.87e-06,0.0028
-3.86e-06,0.0028
-3.85e-06,0.0024000000000000002
-3.8400000000000005e-06,0.0048000000000000004
-3.830000000000001e-06,0.0048000000000000004
-3.820000000000001e-06,0.004
-3.810000000000001e-06,0.004
-3.800000000000001e-06,0.0024000000000000002
-3.790000000000001e-06,0.002
-3.780000000000001e-06,0.0008
-3.770000000000001e-06,0.0
-3.7600000000000013e-06,0.0004
-3.7500000000000014e-06,0.0008
-3.7400000000000015e-06,0.0016
-3.7300000000000016e-06,0.0032
-3.7200000000000017e-06,0.002
-3.7100000000000017e-06,0.0028
-3.700000000000002e-06,0.0012000000000000001
-3.6900000000000002e-06,0.0028
-3.6800000000000003e-06,0.0012000000000000001
-3.6700000000000004e-06,0.0012000000000000001
-3.6600000000000005e-06,0.0028
-3.6500000000000006e-06,0.0032
-3.6400000000000007e-06,0.0024000000000000002
-3.630000000000001e-06,0.0032
-3.620000000000001e-06,0.0028
-3.610000000000001e-06,0.0036000000000000003
-3.600000000000001e-06,0.0024000000000000002
-3.590000000000001e-06,0.0024000000000000002
-3.5800000000000013e-06,0.0024000000000000002
-3.5700000000000014e-06,0.002
-3.5600000000000015e-06,0.0024000000000000002
-3.5500000000000016e-06,0.0016
-3.5400000000000017e-06,0.0004
-3.5300000000000018e-06,0.0016
-3.52e-06,0.002
-3.5100000000000003e-06,0.0032
-3.5000000000000004e-06,0.0032
-3.4900000000000005e-06,0.0028
-3.4800000000000006e-06,0.0028
-3.4700000000000007e-06,0.002
-3.4600000000000008e-06,0.0016
-3.450000000000001e-06,0.0008
-3.440000000000001e-06,0.0016
-3.430000000000001e-06,0.0024000000000000002
-3.420000000000001e-06,0.0048000000000000004
-3.4100000000000012e-06,0.0044
-3.4000000000000013e-06,0.0048000000000000004
-3.3900000000000014e-06,0.0048000000000000004
-3.3800000000000015e-06,0.004
-3.3700000000000016e-06,0.002
-3.3600000000000017e-06,0.0016
-3.350000000000002e-06,0.0024000000000000002
-3.34e-06,0.002
-3.3300000000000003e-06,0.0028
-3.3200000000000004e-06,0.002
-3.3100000000000005e-06,0.0028
-3.3000000000000006e-06,0.0028
-3.2900000000000007e-06,0.0024000000000000002
-3.2800000000000008e-06,0.0024000000000000002
-3.270000000000001e-06,0.0024000000000000002
-3.260000000000001e-06,0.002
-3.250000000000001e-06,0.0024000000000000002
-3.240000000000001e-06,0.0028
-3.2300000000000013e-06,0.0028
-3.2200000000000014e-06,0.0024000000000000002
-3.2100000000000015e-06,0.0028
-3.2000000000000015e-06,0.002
-3.1900000000000016e-06,0.0024000000000000002
-3.1800000000000017e-06,0.0024000000000000002
-3.17e-06,0.002
-3.1600000000000002e-06,0.0028
-3.1500000000000003e-06,0.0024000000000000002
-3.1400000000000004e-06,0.0012000000000000001
-3.1300000000000005e-06,0.002
-3.1200000000000006e-06,0.0024000000000000002
-3.1100000000000007e-06,0.0024000000000000002
-3.100000000000001e-06,0.0036000000000000003
-3.090000000000001e-06,0.0048000000000000004
-3.080000000000001e-06,0.0036000000000000003
-3.070000000000001e-06,0.0036000000000000003
-3.060000000000001e-06,0.0032
-3.0500000000000013e-06,0.0036000000000000003
-3.0400000000000014e-06,0.0016
-3.0300000000000015e-06,0.0016
-3.0200000000000016e-06,0.002
-3.0100000000000017e-06,0.0032
-3.0000000000000018e-06,0.0028
-2.99e-06,0.0028
-2.9800000000000003e-06,0.0028
-2.9700000000000004e-06,0.0024000000000000002
-2.9600000000000005e-06,0.0012000000000000001
-2.9500000000000006e-06,0.0004
-2.9400000000000007e-06,0.0
-2.9300000000000007e-06,0.0008
-2.920000000000001e-06,0.002
-2.910000000000001e-06,0.0016
-2.900000000000001e-06,0.0032
-2.890000000000001e-06,0.0032
-2.8800000000000012e-06,0.0036000000000000003
-2.8700000000000013e-06,0.0032
-2.8600000000000014e-06,0.0032
-2.8500000000000015e-06,0.0024000000000000002
-2.8400000000000016e-06,0.0032
-2.8300000000000017e-06,0.0024000000000000002
-2.820000000000002e-06,0.0016
-2.81e-06,0.002
-2.8000000000000003e-06,0.0016
-2.7900000000000004e-06,0.0012000000000000001
-2.7800000000000005e-06,0.0004
-2.7700000000000006e-06,0.0016
-2.7600000000000007e-06,0.0008
-2.7500000000000008e-06,0.002
-2.740000000000001e-06,0.0008
-2.730000000000001e-06,0.0008
-2.720000000000001e-06,0.0016
-2.710000000000001e-06,0.0012000000000000001
-2.7000000000000013e-06,0.0016
-2.6900000000000013e-06,0.0024000000000000002
-2.6800000000000014e-06,0.0032
-2.6700000000000015e-06,0.005200000000000001
-2.6600000000000016e-06,0.0048000000000000004
-2.6500000000000017e-06,0.004
-2.64e-06,0.0024000000000000002
-2.6300000000000002e-06,0.002
-2.6200000000000003e-06,0.0016
-2.6100000000000004e-06,0.0024000000000000002
-2.6000000000000005e-06,0.0016
-2.5900000000000006e-06,0.0032
-2.5800000000000007e-06,0.0024000000000000002
-2.570000000000001e-06,0.0032
-2.560000000000001e-06,0.002
-2.550000000000001e-06,0.0016
-2.540000000000001e-06,0.0012000000000000001
-2.530000000000001e-06,0.0
-2.5200000000000013e-06,0.0016
-2.5100000000000014e-06,0.0016
-2.5000000000000015e-06,0.0024000000000000002
-2.4900000000000016e-06,0.0028
-2.4800000000000017e-06,0.0028
-2.4700000000000018e-06,0.0028
-2.46e-06,0.0032
-2.4500000000000003e-06,0.002
-2.4400000000000004e-06,0.0032
-2.4300000000000005e-06,0.002
-2.4200000000000005e-06,0.0032
-2.4100000000000006e-06,0.0012000000000000001
-2.4000000000000007e-06,0.0028
-2.390000000000001e-06,0.0028
-2.380000000000001e-06,0.0032
-2.370000000000001e-06,0.0028
-2.360000000000001e-06,0.0044
-2.3500000000000012e-06,0.0028
-2.3400000000000013e-06,0.004
-2.3300000000000014e-06,0.002
-2.3200000000000015e-06,0.0024000000000000002
-2.3100000000000016e-06,0.0008
-2.3000000000000017e-06,0.0012000000000000001
-2.290000000000002e-06,0.0008
-2.28e-06,0.002
-2.2700000000000003e-06,0.0016
-2.2600000000000004e-06,0.0024000000000000002
-2.2500000000000005e-06,0.0028
-2.2400000000000006e-06,0.0016
-2.2300000000000007e-06,0.0008
-2.2200000000000008e-06,0.0
-2.210000000000001e-06,-0.0004
-2.200000000000001e-06,0.0
-2.190000000000001e-06,0.0024000000000000002
-2.180000000000001e-06,0.0036000000000000003
-2.1700000000000012e-06,0.005200000000000001
-2.1600000000000013e-06,0.005200000000000001
-2.1500000000000014e-06,0.0048000000000000004
-2.1400000000000015e-06,0.004
-2.1300000000000016e-06,0.0032
-2.1200000000000017e-06,0.0024000000000000002
-2.11e-06,0.0
-2.1000000000000002e-06,0.0016
-2.0900000000000003e-06,0.002
-2.0800000000000004e-06,0.0016
-2.0700000000000005e-06,0.0016
-2.0600000000000006e-06,0.0028
-2.0500000000000007e-06,0.0012000000000000001
-2.040000000000001e-06,0.0016
-2.030000000000001e-06,0.0012000000000000001
-2.020000000000001e-06,0.002
-2.010000000000001e-06,0.0016
-2.000000000000001e-06,0.0028
-1.9900000000000013e-06,0.0016
-1.9800000000000014e-06,0.0032
-1.9700000000000015e-06,0.0024000000000000002
-1.9600000000000016e-06,0.004
-1.9500000000000017e-06,0.0024000000000000002
-1.9400000000000018e-06,0.0048000000000000004
-1.93e-06,0.0032
-1.9200000000000003e-06,0.0036000000000000003
-1.9100000000000003e-06,0.002
-1.9000000000000004e-06,0.0016
-1.8900000000000005e-06,0.0
-1.8800000000000006e-06,0.0008
-1.8700000000000007e-06,0.0012000000000000001
-1.8600000000000008e-06,0.0024000000000000002
-1.850000000000001e-06,0.0032
-1.840000000000001e-06,0.0032
-1.8300000000000011e-06,0.004
-1.8200000000000012e-06,0.0016
-1.8100000000000013e-06,0.002
-1.8000000000000014e-06,0.0004
-1.7900000000000015e-06,0.0004
-1.7800000000000016e-06,0.0012000000000000001
-1.7700000000000017e-06,0.0028
-1.7600000000000018e-06,0.0028
-1.7500000000000002e-06,0.0032
-1.7400000000000003e-06,0.0028
-1.7300000000000004e-06,0.002
-1.7200000000000005e-06,0.0008
-1.7100000000000006e-06,0.0008
-1.7000000000000007e-06,0.0
-1.6900000000000008e-06,0.0012000000000000001
-1.6800000000000009e-06,0.002
-1.670000000000001e-06,0.0028
-1.660000000000001e-06,0.0024000000000000002
-1.6500000000000011e-06,0.0032
-1.6400000000000012e-06,0.0024000000000000002
-1.6300000000000013e-06,0.004
-1.6200000000000014e-06,0.002
-1.6100000000000015e-06,0.0024000000000000002
-1.6000000000000016e-06,0.0024000000000000002
-1.5900000000000017e-06,0.0024000000000000002
-1.5800000000000001e-06,0.002
-1.5700000000000002e-06,0.0024000000000000002
-1.5600000000000003e-06,0.0028
-1.5500000000000004e-06,0.0012000000000000001
-1.5400000000000005e-06,0.0016
-1.5300000000000006e-06,0.0024000000000000002
-1.5200000000000007e-06,0.0028
-1.5100000000000008e-06,0.002
-1.5000000000000009e-06,0.0016
-1.490000000000001e-06,0.0012000000000000001
-1.480000000000001e-06,0.0012000000000000001
-1.4700000000000012e-06,0.0004
-1.4600000000000013e-06,0.0012000000000000001
-1.4500000000000014e-06,0.0028
-1.4400000000000015e-06,0.0036000000000000003
-1.4300000000000016e-06,0.004
-1.4200000000000017e-06,0.0036000000000000003
-1.4100000000000017e-06,0.0028
-1.4000000000000001e-06,0.0024000000000000002
-1.3900000000000002e-06,0.002
-1.3800000000000003e-06,0.002
-1.3700000000000004e-06,0.0032
-1.3600000000000005e-06,0.002
-1.3500000000000006e-06,0.0032
-1.3400000000000007e-06,0.002
-1.3300000000000008e-06,0.0028
-1.320000000000001e-06,0.0004
-1.310000000000001e-06,0.0012000000000000001
-1.300000000000001e-06,-0.0008
-1.2900000000000012e-06,0.0004
-1.2800000000000013e-06,-0.0008
-1.2700000000000014e-06,0.0012000000000000001
-1.2600000000000015e-06,0.0008
-1.2500000000000016e-06,0.0028
-1.2400000000000017e-06,0.0016
-1.23e-06,0.0032
-1.2200000000000019e-06,0.0024000000000000002
-1.2100000000000003e-06,0.0016
-1.200000000000002e-06,0.0024000000000000002
-1.1900000000000005e-06,0.0032
-1.1800000000000023e-06,0.0028
-1.1700000000000007e-06,0.0036000000000000003
-1.1600000000000024e-06,0.0032
-1.1500000000000008e-06,0.0024000000000000002
-1.1399999999999992e-06,0.0032
-1.130000000000001e-06,0.0032
-1.1199999999999994e-06,0.0032
-1.1100000000000012e-06,0.0032
-1.0999999999999996e-06,0.0028
-1.0900000000000014e-06,0.002
-1.0799999999999998e-06,0.0016
-1.0700000000000016e-06,0.0004
-1.06e-06,0.0
-1.0500000000000018e-06,0.0004
-1.0400000000000002e-06,0.002
-1.030000000000002e-06,0.002
-1.0200000000000004e-06,0.0032
-1.0100000000000022e-06,0.002
-1.0000000000000006e-06,0.0028
-9.900000000000024e-07,0.0028
-9.800000000000008e-07,0.0016
-9.700000000000026e-07,0.0012000000000000001
-9.60000000000001e-07,0.0016
-9.499999999999994e-07,0.0036000000000000003
-9.400000000000012e-07,0.0048000000000000004
-9.299999999999996e-07,0.0044
-9.200000000000014e-07,0.0048000000000000004
-9.099999999999998e-07,0.0036000000000000003
-9.000000000000015e-07,0.0028
-8.9e-07,0.0016
-8.800000000000017e-07,0.0012000000000000001
-8.700000000000001e-07,0.0004
-8.600000000000019e-07,0.0008
-8.500000000000003e-07,0.0012000000000000001
-8.400000000000021e-07,0.002
-8.300000000000005e-07,0.0012000000000000001
-8.200000000000023e-07,0.0012000000000000001
-8.100000000000007e-07,0.0016
-8.000000000000025e-07,0.002
-7.900000000000009e-07,0.0028
-7.799999999999993e-07,0.0036000000000000003
-7.700000000000011e-07,0.0032
-7.599999999999995e-07,0.004
-7.500000000000013e-07,0.0032
-7.399999999999997e-07,0.0024000000000000002
-7.300000000000015e-07,0.0032
-7.199999999999999e-07,0.0028
-7.100000000000017e-07,0.0032
-7.000000000000001e-07,0.0032
-6.900000000000019e-07,0.004
-6.800000000000003e-07,0.0028
-6.700000000000021e-07,0.002
-6.600000000000005e-07,0.0016
-6.500000000000022e-07,0.0
-6.400000000000006e-07,0.0008
-6.300000000000024e-07,0.0008
-6.200000000000008e-07,0.0028
-6.099999999999992e-07,0.0032
-6.00000000000001e-07,0.004
-5.899999999999994e-07,0.0036000000000000003
-5.800000000000012e-07,0.0032
-5.699999999999996e-07,0.0028
-5.600000000000014e-07,0.0016
-5.499999999999998e-07,0.0012000000000000001
-5.400000000000016e-07,0.0024000000000000002
-5.3e-07,0.0024000000000000002
-5.200000000000018e-07,0.0028
-5.100000000000002e-07,0.0028
-5.00000000000002e-07,0.002
-4.900000000000004e-07,0.0012000000000000001
-4.800000000000022e-07,0.0008
-4.700000000000006e-07,-0.0004
-4.6000000000000237e-07,-0.0016
-4.500000000000008e-07,0.0004
-4.4000000000000256e-07,0.0008
-4.3000000000000097e-07,0.0028
-4.1999999999999937e-07,0.0016
-4.1000000000000116e-07,0.0032
-3.9999999999999956e-07,0.0032
-3.9000000000000135e-07,0.0036000000000000003
-3.7999999999999975e-07,0.0036000000000000003
-3.7000000000000154e-07,0.004
-3.5999999999999994e-07,0.0032
-3.5000000000000173e-07,0.0028
-3.4000000000000013e-07,0.002
-3.300000000000019e-07,0.002
-3.200000000000003e-07,0.0008
-3.100000000000021e-07,0.0008
-3.000000000000005e-07,0.0012000000000000001
-2.900000000000023e-07,0.002
-2.800000000000007e-07,0.002
-2.700000000000025e-07,0.0012000000000000001
-2.600000000000009e-07,0.0012000000000000001
-2.499999999999993e-07,0.0008
-2.400000000000011e-07,0.0004
-2.299999999999995e-07,0.0016
-2.2000000000000128e-07,0.002
-2.0999999999999968e-07,0.0032
-2.0000000000000147e-07,0.0044
-1.8999999999999987e-07,0.0048000000000000004
-1.8000000000000166e-07,0.0044
-1.7000000000000007e-07,0.0044
-1.6000000000000186e-07,0.0032
-1.5000000000000026e-07,0.002
-1.4000000000000205e-07,0.0008
-1.3000000000000045e-07,0.0012000000000000001
-1.2000000000000224e-07,0.0016
-1.1000000000000064e-07,0.002
-1.0000000000000243e-07,0.0024000000000000002
-9.000000000000083e-08,0.0008
-7.999999999999923e-08,0.0012000000000000001
-7.000000000000102e-08,-0.0004
-5.999999999999943e-08,-0.0004
-5.0000000000001215e-08,0.0
-3.999999999999962e-08,-0.0004
-3.000000000000141e-08,0.0008
-1.999999999999981e-08,0.0016
-1.0000000000001598e-08,0.0028
0.0,0.0032
9.99999999999821e-09,0.0036000000000000003
1.999999999999981e-08,0.0036000000000000003
2.999999999999802e-08,0.004
3.999999999999962e-08,0.0032
4.999999999999783e-08,0.0032
5.999999999999943e-08,0.0028
6.999999999999764e-08,0.0024000000000000002
7.999999999999923e-08,0.0024000000000000002
8.999999999999744e-08,0.002
9.999999999999904e-08,0.002
1.1000000000000064e-07,0.0012000000000000001
1.1999999999999885e-07,0.002
1.3000000000000045e-07,0.0012000000000000001
1.3999999999999866e-07,0.0016
1.5000000000000026e-07,0.0008
1.5999999999999847e-07,0.0008
1.7000000000000007e-07,0.0004
1.7999999999999828e-07,0.0004
1.8999999999999987e-07,-0.0004
1.9999999999999809e-07,0.0028
2.0999999999999968e-07,0.0028
2.199999999999979e-07,0.0044
2.299999999999995e-07,0.004
2.399999999999977e-07,0.005200000000000001
2.499999999999993e-07,0.0032
2.599999999999975e-07,0.0028
2.699999999999991e-07,0.0024000000000000002
2.800000000000007e-07,0.0024000000000000002
2.899999999999989e-07,0.0024000000000000002
3.000000000000005e-07,0.0036000000000000003
3.099999999999987e-07,0.0016
3.200000000000003e-07,0.0028
3.2999999999999853e-07,0.0024000000000000002
3.4000000000000013e-07,0.0012000000000000001
3.4999999999999834e-07,0.0004
3.5999999999999994e-07,-0.0004
3.6999999999999815e-07,0.0
3.7999999999999975e-07,0.0
3.8999999999999796e-07,0.0012000000000000001
3.9999999999999956e-07,0.0012000000000000001
4.0999999999999777e-07,0.0024000000000000002
4.1999999999999937e-07,0.0024000000000000002
4.299999999999976e-07,0.0036000000000000003
4.399999999999992e-07,0.0028
4.500000000000008e-07,0.004
4.59999999999999e-07,0.0016
4.700000000000006e-07,0.002
4.799999999999988e-07,0.0028
4.900000000000004e-07,0.002
4.999999999999986e-07,0.0
5.100000000000002e-07,0.0016
5.199999999999984e-07,0.0008
5.3e-07,0.0032
5.399999999999982e-07,0.0012000000000000001
5.499999999999998e-07,0.0028
5.59999999999998e-07,0.0004
5.699999999999996e-07,0.0016
5.799999999999978e-07,-0.0004
5.899999999999994e-07,0.0016
5.999999999999976e-07,0.0004
6.099999999999992e-07,0.0024000000000000002
6.199999999999975e-07,0.0024000000000000002
6.29999999999999e-07,0.0032
6.400000000000006e-07,0.0024000000000000002
6.499999999999989e-07,0.0032
6.600000000000005e-07,0.002
6.699999999999987e-07,0.0004
6.800000000000003e-07,0.0004
6.899999999999985e-07,0.0
7.000000000000001e-07,0.0004
7.099999999999983e-07,0.0012000000000000001
7.199999999999999e-07,0.0012000000000000001
7.299999999999981e-07,0.0016
7.399999999999997e-07,0.0012000000000000001
7.499999999999979e-07,0.0012000000000000001
7.599999999999995e-07,0.0
7.699999999999977e-07,0.0008
7.799999999999993e-07,0.0008
7.899999999999975e-07,0.0024000000000000002
7.999999999999991e-07,0.0024000000000000002
8.100000000000007e-07,0.0032
8.199999999999989e-07,0.0032
8.300000000000005e-07,0.0036000000000000003
8.399999999999987e-07,0.004
8.500000000000003e-07,0.0032
8.599999999999985e-07,0.0032
8.700000000000001e-07,0.0028
8.799999999999984e-07,0.0016
8.9e-07,0.002
8.999999999999982e-07,0.0008
9.099999999999998e-07,0.0
9.19999999999998e-07,-0.0004
9.299999999999996e-07,-0.0004
9.399999999999978e-07,0.0012000000000000001
9.499999999999994e-07,0.0012000000000000001
9.599999999999976e-07,0.0028
9.699999999999992e-07,0.002
9.800000000000008e-07,0.0016
9.89999999999999e-07,0.002
1.0000000000000006e-06,0.0016
1.0099999999999988e-06,0.002
1.0200000000000004e-06,0.0024000000000000002
1.0299999999999986e-06,0.0028
1.0400000000000002e-06,0.0044
1.0499999999999984e-06,0.0036000000000000003
1.06e-06,0.0032
1.0699999999999982e-06,0.0024000000000000002
1.0799999999999998e-06,0.0004
1.089999999999998e-06,-0.0004
1.0999999999999996e-06,0.0
1.1099999999999978e-06,-0.0008
1.1199999999999994e-06,0.0012000000000000001
1.1299999999999977e-06,0.0012000000000000001
1.1399999999999992e-06,0.0032
1.1499999999999975e-06,0.0008
1.159999999999999e-06,0.0016
1.1700000000000007e-06,0.0008
1.1799999999999989e-06,0.0004
1.1900000000000005e-06,0.0016
1.1999999999999987e-06,0.002
1.2100000000000003e-06,0.0028
1.2199999999999985e-06,0.0032
1.23e-06,0.004
1.2399999999999983e-06,0.0036000000000000003
1.2499999999999999e-06,0.0028
1.259999999999998e-06,0.0016
1.2699999999999997e-06,0.0032
1.279999999999998e-06,0.002
1.2899999999999995e-06,0.004
1.2999999999999977e-06,0.0028
1.3099999999999993e-06,0.0036000000000000003
1.3199999999999975e-06,0.0016
1.3299999999999991e-06,0.0012000000000000001
1.3400000000000007e-06,0.0016
1.349999999999999e-06,0.002
1.3600000000000005e-06,0.002
1.3699999999999987e-06,0.0032
1.3800000000000003e-06,0.0028
1.3899999999999986e-06,0.0028
1.4000000000000001e-06,0.0008
1.4099999999999984e-06,0.0004
1.42e-06,0.0008
1.4299999999999982e-06,0.0012000000000000001
1.4399999999999998e-06,0.0028
1.449999999999998e-06,0.0024000000000000002
1.4599999999999996e-06,0.004
1.4699999999999978e-06,0.0044
1.4799999999999994e-06,0.0028
1.4899999999999976e-06,0.0028
1.4999999999999992e-06,0.0016
1.5100000000000008e-06,0.0004
1.519999999999999e-06,0.002
1.5300000000000006e-06,0.0024000000000000002
1.5399999999999988e-06,0.0032
1.5500000000000004e-06,0.0044
1.5599999999999986e-06,0.0028
1.5700000000000002e-06,0.0028
1.5799999999999984e-06,0.0016
1.59e-06,0.0004
1.5999999999999982e-06,0.0004
1.6099999999999998e-06,0.0004
1.619999999999998e-06,0.0008
1.6299999999999996e-06,0.0016
1.6399999999999979e-06,0.0012000000000000001
1.6499999999999994e-06,0.0024000000000000002
1.6599999999999977e-06,0.002
1.6699999999999993e-06,0.0028
1.6799999999999975e-06,0.0024000000000000002
1.689999999999999e-06,0.0024000000000000002
1.7000000000000007e-06,0.0032
1.7099999999999989e-06,0.0028
1.7200000000000005e-06,0.0024000000000000002
1.7299999999999987e-06,0.0016
1.7400000000000003e-06,0.0012000000000000001
1.7499999999999985e-06,0.0016
1.76e-06,0.002
1.7699999999999983e-06,0.0028
1.78e-06,0.0028
1.7899999999999981e-06,0.0032
1.7999999999999997e-06,0.0028
1.809999999999998e-06,0.0008
1.8199999999999995e-06,0.0008
1.8299999999999977e-06,0.0012000000000000001
1.8399999999999993e-06,0.0
1.8499999999999975e-06,0.0012000000000000001
1.8599999999999991e-06,0.0028
1.8700000000000007e-06,0.0028
1.879999999999999e-06,0.0028
1.8900000000000005e-06,0.0028
1.8999999999999987e-06,0.002
1.9100000000000003e-06,0.0008
1.9199999999999986e-06,0.0
1.93e-06,0.0008
1.9399999999999984e-06,0.0008
1.95e-06,0.002
1.959999999999998e-06,0.0024000000000000002
1.9699999999999998e-06,0.0032
1.979999999999998e-06,0.0028
1.9899999999999996e-06,0.0028
1.999999999999998e-06,0.0028
2.0099999999999994e-06,0.002
2.0199999999999976e-06,0.0016
2.029999999999999e-06,0.0032
2.040000000000001e-06,0.0028
2.049999999999999e-06,0.0032
2.0600000000000006e-06,0.0032
2.069999999999999e-06,0.0028
2.0800000000000004e-06,0.004
2.0899999999999986e-06,0.0032
2.1000000000000002e-06,0.0024000000000000002
2.1099999999999984e-06,0.0024000000000000002
2.12e-06,0.0024000000000000002
2.1299999999999982e-06,0.002
2.14e-06,0.0008
2.149999999999998e-06,0.0008
2.1599999999999996e-06,0.0008
2.169999999999998e-06,0.002
2.1799999999999995e-06,0.0032
2.1899999999999977e-06,0.0044
2.1999999999999993e-06,0.0044
2.2099999999999975e-06,0.0048000000000000004
2.219999999999999e-06,0.004
2.2300000000000007e-06,0.0024000000000000002
2.239999999999999e-06,0.002
2.2500000000000005e-06,0.0024000000000000002
2.2599999999999987e-06,0.002
2.2700000000000003e-06,0.0032
2.2799999999999985e-06,0.0044
2.29e-06,0.0044
2.2999999999999983e-06,0.0024000000000000002
2.31e-06,0.0028
2.319999999999998e-06,0.0012000000000000001
2.3299999999999997e-06,0.0012000000000000001
2.339999999999998e-06,0.0004
2.3499999999999995e-06,0.0008
2.3599999999999977e-06,0.0024000000000000002
2.3699999999999993e-06,0.002
2.3799999999999975e-06,0.0028
2.389999999999999e-06,0.0032
2.4000000000000007e-06,0.0028
2.409999999999999e-06,0.0024000000000000002
2.4200000000000005e-06,0.0012000000000000001
2.4299999999999988e-06,0.002
2.4400000000000004e-06,0.0024000000000000002
2.4499999999999986e-06,0.0024000000000000002
2.46e-06,0.0032
2.4699999999999984e-06,0.0032
2.48e-06,0.0032
2.489999999999998e-06,0.0036000000000000003
2.4999999999999998e-06,0.0024000000000000002
2.509999999999998e-06,0.0028
2.5199999999999996e-06,0.0028
2.529999999999998e-06,0.0036000000000000003
2.5399999999999994e-06,0.0028
2.5499999999999976e-06,0.002
2.559999999999999e-06,0.002
2.570000000000001e-06,0.0024000000000000002
2.579999999999999e-06,0.002
2.5900000000000006e-06,0.0032
2.599999999999999e-06,0.0028
2.6100000000000004e-06,0.0036000000000000003
2.6199999999999986e-06,0.002
2.6300000000000002e-06,0.0012000000000000001
2.6399999999999984e-06,0.0008
2.65e-06,0.0004
2.6599999999999982e-06,0.0
2.67e-06,0.0012000000000000001
2.679999999999998e-06,0.0024000000000000002
2.6899999999999997e-06,0.0028
2.699999999999998e-06,0.0048000000000000004
2.7099999999999995e-06,0.0036000000000000003
2.7199999999999977e-06,0.0036000000000000003
2.7299999999999993e-06,0.0024000000000000002
2.7399999999999975e-06,0.002
2.749999999999999e-06,0.002
2.7600000000000007e-06,0.0016
2.769999999999999e-06,0.0032
2.7800000000000005e-06,0.0032
2.7899999999999987e-06,0.0024000000000000002
2.8000000000000003e-06,0.0028
2.8099999999999985e-06,0.0016
2.82e-06,0.0008
2.8299999999999983e-06,-0.0004
2.84e-06,-0.0012000000000000001
2.849999999999998e-06,-0.0008
2.8599999999999997e-06,-0.0004
2.869999999999998e-06,0.0016
2.8799999999999995e-06,0.0012000000000000001
2.8899999999999977e-06,0.0032
2.8999999999999993e-06,0.0036000000000000003
2.9099999999999975e-06,0.0036000000000000003
2.919999999999999e-06,0.004
2.9300000000000007e-06,0.0036000000000000003
2.939999999999999e-06,0.0036000000000000003
2.9500000000000006e-06,0.0036000000000000003
2.9599999999999988e-06,0.004
2.9700000000000004e-06,0.0028
2.9799999999999986e-06,0.0028
2.99e-06,0.0024000000000000002
2.9999999999999984e-06,0.0016
3.01e-06,0.002
3.019999999999998e-06,0.0032
3.03e-06,0.0024000000000000002
3.039999999999998e-06,0.0016
3.0499999999999996e-06,0.0012000000000000001
3.059999999999998e-06,0.0004
3.0699999999999994e-06,0.0004
3.0799999999999976e-06,0.0012000000000000001
3.0899999999999992e-06,0.0016
3.100000000000001e-06,0.0036000000000000003
3.109999999999999e-06,0.0044
3.1200000000000006e-06,0.0048000000000000004
3.129999999999999e-06,0.004
3.1400000000000004e-06,0.0032
3.1499999999999986e-06,0.0024000000000000002
3.1600000000000002e-06,0.0016
3.1699999999999984e-06,0.0016
3.18e-06,0.0032
3.1899999999999983e-06,0.0028
3.2e-06,0.0036000000000000003
3.209999999999998e-06,0.0032
3.2199999999999997e-06,0.0036000000000000003
3.229999999999998e-06,0.0024000000000000002
3.2399999999999995e-06,0.0028
3.2499999999999977e-06,0.002
3.2599999999999993e-06,0.0024000000000000002
3.2699999999999975e-06,0.0024000000000000002
3.279999999999999e-06,0.0028
3.2900000000000007e-06,0.0036000000000000003
3.299999999999999e-06,0.0028
3.3100000000000005e-06,0.0036000000000000003
3.3199999999999987e-06,0.0044
3.3300000000000003e-06,0.0032
3.3399999999999985e-06,0.0036000000000000003
3.35e-06,0.0032
3.3599999999999983e-06,0.0024000000000000002
3.37e-06,0.0024000000000000002
3.379999999999998e-06,0.0024000000000000002
3.3899999999999997e-06,0.0012000000000000001
3.399999999999998e-06,0.0012000000000000001
3.4099999999999995e-06,0.002
3.4199999999999977e-06,0.0036000000000000003
3.4299999999999993e-06,0.0036000000000000003
3.4399999999999976e-06,0.004
3.449999999999999e-06,0.004
3.4600000000000008e-06,0.004
3.469999999999999e-06,0.0036000000000000003
3.4800000000000006e-06,0.0024000000000000002
3.4899999999999988e-06,0.002
3.5000000000000004e-06,0.0032
3.5099999999999986e-06,0.004
3.52e-06,0.0044
3.5299999999999984e-06,0.005200000000000001
3.54e-06,0.0036000000000000003
3.549999999999998e-06,0.004
3.56e-06,0.0012000000000000001
3.569999999999998e-06,0.002
3.5799999999999996e-06,0.0004
3.589999999999998e-06,0.0016
3.5999999999999994e-06,0.0012000000000000001
3.6099999999999976e-06,0.0024000000000000002
3.6199999999999992e-06,0.002
3.630000000000001e-06,0.0028
3.639999999999999e-06,0.002
3.6500000000000006e-06,0.0016
3.659999999999999e-06,0.002
3.6700000000000004e-06,0.002
3.6799999999999986e-06,0.0024000000000000002
3.6900000000000002e-06,0.0036000000000000003
3.6999999999999985e-06,0.004
3.71e-06,0.004
3.7199999999999983e-06,0.004
3.73e-06,0.0032
3.739999999999998e-06,0.0036000000000000003
3.7499999999999997e-06,0.0028
3.759999999999998e-06,0.004
3.7699999999999995e-06,0.002
3.7799999999999977e-06,0.002
3.7899999999999993e-06,0.0012000000000000001
3.7999999999999975e-06,0.0004
3.809999999999999e-06,0.0004
3.820000000000001e-06,0.0008
3.829999999999999e-06,0.002
3.8400000000000005e-06,0.002
3.849999999999999e-06,0.002
3.86e-06,0.0016
3.8699999999999985e-06,0.0016
3.88e-06,0.002
3.889999999999998e-06,0.0
3.9e-06,0.0012000000000000001
3.909999999999998e-06,0.0024000000000000002
3.92e-06,0.004
3.929999999999998e-06,0.005200000000000001
3.9399999999999995e-06,0.0044
3.949999999999998e-06,0.004
3.959999999999999e-06,0.004
3.9699999999999976e-06,0.0028
3.979999999999999e-06,0.0004
3.990000000000001e-06,0.0004
3.999999999999999e-06,0.0004
4.0100000000000006e-06,0.0024000000000000002
4.019999999999999e-06,0.0024000000000000002
4.03e-06,0.0016
4.039999999999999e-06,0.0012000000000000001
4.05e-06,0.0008
4.059999999999998e-06,0.0
4.07e-06,-0.0004
4.079999999999998e-06,0.0016
4.09e-06,0.0016
4.099999999999998e-06,0.002
4.11e-06,0.0024000000000000002
4.119999999999998e-06,0.0044
4.129999999999999e-06,0.004
4.139999999999998e-06,0.004
4.149999999999999e-06,0.0044
4.160000000000001e-06,0.0048000000000000004
4.169999999999999e-06,0.0048000000000000004
4.180000000000001e-06,0.004
4.189999999999999e-06,0.0028
4.2000000000000004e-06,0.0024000000000000002
4.209999999999999e-06,0.0008
4.22e-06,0.0012000000000000001
4.2299999999999985e-06,0.0004
4.24e-06,0.0016
4.249999999999998e-06,0.0016
4.26e-06,0.0036000000000000003
4.269999999999998e-06,0.002
4.28e-06,0.002
4.289999999999998e-06,0.0012000000000000001
4.2999999999999995e-06,0.0008
4.309999999999998e-06,0.0008
4.319999999999999e-06,0.0012000000000000001
4.3299999999999975e-06,0.002
4.339999999999999e-06,0.004
4.350000000000001e-06,0.0044
4.359999999999999e-06,0.0048000000000000004
4.3700000000000005e-06,0.0036000000000000003
4.379999999999999e-06,0.0028
4.39e-06,0.0016
4.3999999999999985e-06,0.0012000000000000001
4.41e-06,0.0012000000000000001
4.419999999999998e-06,0.0016
4.43e-06,0.0024000000000000002
4.439999999999998e-06,0.0032
4.45e-06,0.0036000000000000003
4.459999999999998e-06,0.0036000000000000003
4.4699999999999996e-06,0.0028
4.479999999999998e-06,0.0024000000000000002
4.489999999999999e-06,0.0028
4.4999999999999976e-06,0.0036000000000000003
4.509999999999999e-06,0.0036000000000000003
4.520000000000001e-06,0.005200000000000001
4.529999999999999e-06,0.0032
4.540000000000001e-06,0.0032
4.549999999999999e-06,0.0032
4.56e-06,0.0036000000000000003
4.569999999999999e-06,0.0032
4.58e-06,0.0032
4.589999999999998e-06,0.002
4.6e-06,0.0016
4.609999999999998e-06,0.0004
4.62e-06,0.0012000000000000001
4.629999999999998e-06,0.0
4.64e-06,0.0012000000000000001
4.649999999999998e-06,0.0024000000000000002
4.6599999999999994e-06,0.0028
4.669999999999998e-06,0.004
4.679999999999999e-06,0.0044
4.690000000000001e-06,0.0048000000000000004
4.699999999999999e-06,0.0044
4.710000000000001e-06,0.002
4.719999999999999e-06,0.002
4.7300000000000005e-06,0.002
4.739999999999999e-06,0.0024000000000000002
4.75e-06,0.0028
4.7599999999999985e-06,0.004
4.77e-06,0.0036000000000000003
4.779999999999998e-06,0.0032
4.79e-06,0.0012000000000000001
4.799999999999998e-06,0.0012000000000000001
4.81e-06,-0.0004
4.819999999999998e-06,-0.0004
4.8299999999999995e-06,0.0008
4.839999999999998e-06,0.0012000000000000001
4.849999999999999e-06,0.0028
4.8599999999999975e-06,0.0032
4.869999999999999e-06,0.0044
4.880000000000001e-06,0.0024000000000000002
4.889999999999999e-06,0.0036000000000000003
4.9000000000000005e-06,0.0028
4.909999999999999e-06,0.004
4.92e-06,0.0036000000000000003
4.9299999999999985e-06,0.004
4.94e-06,0.004
4.949999999999998e-06,0.0044
4.96e-06,0.0036000000000000003
4.969999999999998e-06,0.0032
4.98e-06,0.0024000000000000002
4.989999999999998e-06,0.002
4.9999999999999996e-06,0.0028
5.009999999999998e-06,0.0008
5.019999999999999e-06,0.0012000000000000001
5.029999999999998e-06,0.0012000000000000001
5.039999999999999e-06,0.0004
5.050000000000001e-06,0.0008
5.059999999999999e-06,0.002
5.070000000000001e-06,0.0016
5.079999999999999e-06,0.0028
5.09e-06,0.0036000000000000003
5.099999999999999e-06,0.004
5.11e-06,0.004
5.119999999999998e-06,0.0028
5.13e-06,0.0032
5.139999999999998e-06,0.002
5.15e-06,0.0036000000000000003
5.159999999999998e-06,0.004
5.17e-06,0.005200000000000001
5.179999999999998e-06,0.005200000000000001
5.1899999999999994e-06,0.0044
5.199999999999998e-06,0.0028
5.209999999999999e-06,0.0012000000000000001
5.220000000000001e-06,0.0012000000000000001
5.229999999999999e-06,0.0004
5.240000000000001e-06,0.0012000000000000001
5.249999999999999e-06,0.0004
5.2600000000000005e-06,0.002
5.269999999999999e-06,0.0012000000000000001
5.28e-06,0.002
5.2899999999999985e-06,0.0012000000000000001
5.3e-06,0.0028
5.309999999999998e-06,0.0016
5.32e-06,0.0016
5.329999999999998e-06,0.0044
5.34e-06,0.0036000000000000003
5.349999999999998e-06,0.004
5.3599999999999995e-06,0.0036000000000000003
5.369999999999998e-06,0.0044
5.379999999999999e-06,0.0044
5.3899999999999975e-06,0.0048000000000000004
5.399999999999999e-06,0.004
5.410000000000001e-06,0.0032
5.419999999999999e-06,0.002
5.4300000000000005e-06,0.002
5.439999999999999e-06,0.0016
5.45e-06,0.0
5.4599999999999985e-06,0.0008
5.47e-06,0.0012000000000000001
5.479999999999998e-06,0.0028
5.49e-06,0.0036000000000000003
5.499999999999998e-06,0.004
5.51e-06,0.004
5.519999999999998e-06,0.0016
5.5299999999999996e-06,0.0024000000000000002
5.539999999999998e-06,0.002
5.549999999999999e-06,0.0024000000000000002
5.559999999999998e-06,0.0028
5.569999999999999e-06,0.0036000000000000003
5.580000000000001e-06,0.0032
5.589999999999999e-06,0.0048000000000000004
5.600000000000001e-06,0.004
5.609999999999999e-06,0.0036000000000000003
5.62e-06,0.0028
5.629999999999999e-06,0.0016
5.64e-06,0.0008
5.649999999999998e-06,0.002
5.66e-06,0.0024000000000000002
5.669999999999998e-06,0.0036000000000000003
5.68e-06,0.004
5.689999999999998e-06,0.004
5.7e-06,0.004
5.709999999999998e-06,0.0036000000000000003
5.7199999999999994e-06,0.0028
5.729999999999998e-06,0.0032
5.739999999999999e-06,0.0028
5.750000000000001e-06,0.0036000000000000003
5.759999999999999e-06,0.0028
5.770000000000001e-06,0.002
5.779999999999999e-06,0.002
5.7900000000000005e-06,0.0024000000000000002
5.799999999999999e-06,0.0024000000000000002
5.81e-06,0.0024000000000000002
5.8199999999999985e-06,0.0032
5.83e-06,0.0028
5.839999999999998e-06,0.002
5.85e-06,0.0016
5.859999999999998e-06,0.0028
5.87e-06,0.0016
5.879999999999998e-06,0.0024000000000000002
5.8899999999999995e-06,0.004
5.899999999999998e-06,0.0048000000000000004
5.909999999999999e-06,0.0056
5.9199999999999975e-06,0.005200000000000001
5.929999999999999e-06,0.0044
5.940000000000001e-06,0.004
5.949999999999999e-06,0.002
5.9600000000000005e-06,0.0016
5.969999999999999e-06,0.0012000000000000001
5.98e-06,0.0012000000000000001
5.9899999999999986e-06,0.0028
6e-06,0.0024000000000000002
6.009999999999998e-06,0.0032
6.02e-06,0.002
6.029999999999998e-06,0.002
6.04e-06,0.0012000000000000001
6.049999999999998e-06,0.0012000000000000001
6.06e-06,0.0012000000000000001
6.069999999999998e-06,0.002
6.079999999999999e-06,0.0024000000000000002
6.089999999999998e-06,0.004
6.099999999999999e-06,0.004
6.110000000000001e-06,0.004
6.119999999999999e-06,0.0036000000000000003
6.130000000000001e-06,0.0036000000000000003
6.139999999999999e-06,0.0036000000000000003
6.15e-06,0.0032
6.159999999999999e-06,0.0036000000000000003
6.17e-06,0.0032
6.1799999999999984e-06,0.002
6.19e-06,0.0028
6.199999999999998e-06,0.002
6.21e-06,0.002
6.219999999999998e-06,0.002
6.23e-06,0.002
6.239999999999998e-06,0.0028
6.2499999999999995e-06,0.0016
6.259999999999998e-06,0.0012000000000000001
6.269999999999999e-06,0.0012000000000000001
6.280000000000001e-06,0.0008
6.289999999999999e-06,0.0012000000000000001
6.300000000000001e-06,0.0016
6.309999999999999e-06,0.0024000000000000002
6.3200000000000005e-06,0.0032
6.329999999999999e-06,0.0028
6.34e-06,0.0044
6.3499999999999985e-06,0.0028
6.36e-06,0.0024000000000000002
6.369999999999998e-06,0.0016
6.38e-06,0.0028
6.389999999999998e-06,0.0016
6.4e-06,0.0032
6.409999999999998e-06,0.0036000000000000003
6.4199999999999995e-06,0.0044
6.429999999999998e-06,0.0032
6.439999999999999e-06,0.0036000000000000003
6.4499999999999975e-06,0.0024000000000000002
6.459999999999999e-06,0.0008
6.470000000000001e-06,0.0008
6.479999999999999e-06,0.0008
6.4900000000000005e-06,0.0016
6.499999999999999e-06,0.0024000000000000002
6.51e-06,0.0016
6.5199999999999986e-06,0.0016
6.53e-06,0.0016
6.539999999999998e-06,0.002
6.55e-06,0.0024000000000000002
6.559999999999998e-06,0.0028
6.57e-06,0.0028
6.579999999999998e-06,0.0028
6.59e-06,0.0032
6.599999999999998e-06,0.004
6.609999999999999e-06,0.0032
6.619999999999998e-06,0.0032
6.629999999999999e-06,0.0036000000000000003
6.640000000000001e-06,0.0028
6.649999999999999e-06,0.0028
6.660000000000001e-06,0.002
6.669999999999999e-06,0.0012000000000000001
6.68e-06,0.0004
6.689999999999999e-06,0.0004
6.7e-06,-0.0004
6.7099999999999984e-06,0.0004
6.72e-06,0.0012000000000000001
6.729999999999998e-06,0.0024000000000000002
6.74e-06,0.0036000000000000003
6.749999999999998e-06,0.0024000000000000002
6.76e-06,0.0028
6.769999999999998e-06,0.0016
6.7799999999999995e-06,0.0012000000000000001
6.789999999999998e-06,0.002
6.799999999999999e-06,0.0024000000000000002
6.810000000000001e-06,0.0032
6.819999999999999e-06,0.0044
6.830000000000001e-06,0.004
6.839999999999999e-06,0.004
6.8500000000000005e-06,0.004
6.859999999999999e-06,0.0036000000000000003
6.87e-06,0.002
6.8799999999999985e-06,0.0016
6.89e-06,0.0012000000000000001
6.899999999999998e-06,0.002
6.91e-06,0.0024000000000000002
6.919999999999998e-06,0.0028
6.93e-06,0.002
6.939999999999998e-06,0.0032
6.9499999999999995e-06,0.0024000000000000002
6.959999999999998e-06,0.0028
6.969999999999999e-06,0.0016
6.9799999999999975e-06,0.0024000000000000002
6.989999999999999e-06,0.002
7.000000000000001e-06,0.0012000000000000001
7.009999999999999e-06,0.0012000000000000001
7.0200000000000006e-06,0.0008
7.029999999999999e-06,0.002
7.04e-06,0.0024000000000000002
7.0499999999999986e-06,0.0028
7.06e-06,0.0028
7.069999999999998e-06,0.0028
7.08e-06,0.0024000000000000002
7.089999999999998e-06,0.0012000000000000001
7.1e-06,0.0004
7.109999999999998e-06,0.0004
7.12e-06,0.0012000000000000001
7.129999999999998e-06,0.0024000000000000002
7.139999999999999e-06,0.0032
7.149999999999998e-06,0.0044
7.159999999999999e-06,0.0032
7.170000000000001e-06,0.002
7.179999999999999e-06,0.0008
7.190000000000001e-06,-0.0004
7.199999999999999e-06,0.0004
7.2100000000000004e-06,-0.0004
7.219999999999999e-06,0.0012000000000000001
7.23e-06,0.0016
7.2399999999999984e-06,0.0032
7.25e-06,0.0024000000000000002
7.259999999999998e-06,0.0028
7.27e-06,0.002
7.279999999999998e-06,0.002
7.29e-06,0.0012000000000000001
7.299999999999998e-06,0.0016
7.3099999999999995e-06,0.0024000000000000002
7.319999999999998e-06,0.002
7.329999999999999e-06,0.0032
7.340000000000001e-06,0.0028
7.349999999999999e-06,0.0028
7.360000000000001e-06,0.0028
7.369999999999999e-06,0.0024000000000000002
7.3800000000000005e-06,0.0032
7.389999999999999e-06,0.0024000000000000002
7.4e-06,0.0028
7.4099999999999985e-06,0.0028
7.42e-06,0.002
7.429999999999998e-06,0.0024000000000000002
7.44e-06,0.0024000000000000002
7.449999999999998e-06,0.002
7.46e-06,0.002
7.469999999999998e-06,0.0032
7.4799999999999995e-06,0.0016
7.489999999999998e-06,0.0016
7.499999999999999e-06,0.0008
7.5099999999999976e-06,0.0008
7.519999999999999e-06,0.0
7.530000000000001e-06,0.0008
7.539999999999999e-06,0.002
7.5500000000000006e-06,0.0028
7.559999999999999e-06,0.0028
7.57e-06,0.0028
7.579999999999999e-06,0.0032
7.59e-06,0.002
7.599999999999998e-06,0.0012000000000000001
7.61e-06,0.0008
7.619999999999998e-06,0.002
7.63e-06,0.0024000000000000002
7.639999999999998e-06,0.0036000000000000003
7.65e-06,0.0036000000000000003
7.659999999999998e-06,0.004
7.67e-06,0.0036000000000000003
7.679999999999998e-06,0.002
7.69e-06,0.0008
7.7e-06,0.0008
7.709999999999999e-06,0.0
7.72e-06,0.0004
7.729999999999999e-06,0.0012000000000000001
7.74e-06,0.0012000000000000001
7.749999999999999e-06,0.0016
7.76e-06,0.002
7.769999999999998e-06,0.002
7.78e-06,0.0016
7.789999999999998e-06,0.0028
7.8e-06,0.0044
7.809999999999998e-06,0.0032
7.82e-06,0.0044
7.829999999999998e-06,0.004
7.84e-06,0.005200000000000001
7.849999999999998e-06,0.0044
7.86e-06,0.0044
7.870000000000001e-06,0.0028
7.879999999999999e-06,0.0028
7.89e-06,0.0016
7.899999999999999e-06,0.002
7.91e-06,0.0004
7.919999999999999e-06,-0.0012000000000000001
7.93e-06,-0.0016
7.939999999999999e-06,-0.0004
7.95e-06,0.0
7.959999999999998e-06,0.0012000000000000001
7.97e-06,0.002
7.979999999999998e-06,0.0024000000000000002
7.99e-06,0.0036000000000000003
7.999999999999998e-06,0.0032
8.01e-06,0.0024000000000000002
8.019999999999998e-06,0.0028
8.03e-06,0.0028
8.039999999999998e-06,0.0036000000000000003
8.05e-06,0.004
8.06e-06,0.0044
8.069999999999999e-06,0.0036000000000000003
8.08e-06,0.0036000000000000003
8.089999999999999e-06,0.0024000000000000002
8.1e-06,0.0016
8.109999999999999e-06,0.0
8.12e-06,0.0008
8.129999999999998e-06,0.0
8.14e-06,0.0008
8.149999999999998e-06,0.0012000000000000001
8.16e-06,0.0016
8.169999999999998e-06,0.0024000000000000002
8.18e-06,0.0024000000000000002
8.189999999999998e-06,0.0032
8.2e-06,0.0032
8.209999999999998e-06,0.002
8.22e-06,0.0032
8.23e-06,0.0028
8.239999999999999e-06,0.0024000000000000002
8.25e-06,0.002
8.259999999999999e-06,0.0016
8.27e-06,0.0024000000000000002
8.279999999999999e-06,0.0024000000000000002
8.29e-06,0.0024000000000000002
8.299999999999998e-06,0.0032
8.31e-06,0.0012000000000000001
8.319999999999998e-06,0.002
8.33e-06,0.0
8.339999999999998e-06,0.0
8.35e-06,0.0
8.359999999999998e-06,0.0012000000000000001
8.37e-06,0.0012000000000000001
8.379999999999998e-06,0.0036000000000000003
8.39e-06,0.0036000000000000003
8.400000000000001e-06,0.004
8.409999999999999e-06,0.0024000000000000002
8.42e-06,0.0016
8.429999999999999e-06,0.0008
8.44e-06,0.0
8.449999999999999e-06,0.0004
8.46e-06,0.0012000000000000001
8.469999999999999e-06,0.002
8.48e-06,0.0024000000000000002
8.489999999999998e-06,0.0024000000000000002
