t,V1
0.00146,-0.0032
0.0014604,-0.004
0.0014608,-0.0056
0.0014612,-0.0032
0.0014616,-0.004
0.001462,-0.0032
0.0014624,-0.004
0.0014628,-0.0048000000000000004
0.0014632,-0.0048000000000000004
0.0014636,-0.0056
0.001464,-0.0048000000000000004
0.0014644,-0.004
0.0014647999999999998,-0.0048000000000000004
0.0014651999999999998,-0.0048000000000000004
0.0014655999999999998,-0.0024000000000000002
0.0014659999999999999,-0.004
0.0014663999999999999,-0.0048000000000000004
0.0014667999999999999,-0.0032
0.0014671999999999999,-0.0032
0.0014676,-0.0056
0.001468,-0.004
0.0014684,-0.0048000000000000004
0.0014688,-0.004
0.0014692,-0.0032
0.0014696,-0.004
0.00147,-0.0032
0.0014704,-0.004
0.0014708,-0.004
0.0014712,-0.0008
0.0014716,-0.0032
0.001472,-0.0048000000000000004
0.0014724,-0.004
0.0014728,-0.0048000000000000004
0.0014732,-0.0048000000000000004
0.0014735999999999998,-0.0032
0.0014739999999999998,-0.0032
0.0014743999999999998,-0.0048000000000000004
0.0014747999999999999,-0.0048000000000000004
0.0014751999999999999,-0.0064
0.0014755999999999999,-0.004
0.0014759999999999999,-0.0032
0.0014763999999999999,-0.0056
0.0014768,-0.0024000000000000002
0.0014772,-0.0048000000000000004
0.0014776,-0.0064
0.001478,-0.0024000000000000002
0.0014784,-0.0032
0.0014788,-0.004
0.0014792,-0.0016
0.0014796,-0.0048000000000000004
0.00148,-0.0048000000000000004
0.0014804,-0.0024000000000000002
0.0014808,-0.0024000000000000002
0.0014812,-0.0016
0.0014816,-0.0024000000000000002
0.001482,-0.0008
0.0014823999999999998,-0.0008
0.0014827999999999998,-0.0024000000000000002
0.0014831999999999998,-0.0048000000000000004
0.0014835999999999998,-0.0048000000000000004
0.0014839999999999999,-0.0024000000000000002
0.0014843999999999999,-0.0048000000000000004
0.0014847999999999999,-0.0016
0.0014851999999999999,-0.004
0.0014856,-0.004
0.001486,-0.0048000000000000004
0.0014864,-0.0064
0.0014868,-0.0048000000000000004
0.0014872,-0.004
0.0014876,-0.0056
0.001488,-0.0016
0.0014884,-0.004
0.0014888,-0.0032
0.0014892,-0.0048000000000000004
0.0014896,-0.0032
0.00149,-0.0032
0.0014904,-0.0032
0.0014908,-0.004
0.0014911999999999998,-0.0024000000000000002
0.0014915999999999998,-0.0016
0.0014919999999999998,-0.0032
0.0014923999999999998,-0.0024000000000000002
0.0014927999999999999,-0.0016
0.0014931999999999999,-0.0032
0.0014935999999999999,-0.0032
0.0014939999999999999,-0.004
0.0014944,-0.0024000000000000002
0.0014948,-0.004
0.0014952,-0.004
0.0014956,-0.0016
0.001496,-0.0024000000000000002
0.0014964,-0.0056
0.0014968,-0.0016
0.0014972,-0.004
0.0014976,-0.0032
0.001498,-0.004
0.0014984,-0.0048000000000000004
0.0014988,-0.004
0.0014992,-0.0024000000000000002
0.0014996,-0.0016
0.0015,-0.0024000000000000002
0.0015003999999999998,-0.0048000000000000004
0.0015007999999999998,-0.0056
0.0015011999999999998,-0.0032
0.0015015999999999999,-0.004
0.0015019999999999999,-0.0048000000000000004
0.0015023999999999999,-0.0016
0.0015027999999999999,-0.0056
0.0015032,-0.0048000000000000004
0.0015036,-0.0016
0.001504,-0.004
0.0015044,-0.0008
0.0015048,-0.0032
0.0015052,-0.004
0.0015056,-0.0008
0.001506,-0.0016
0.0015064,-0.0024000000000000002
0.0015068,-0.0016
0.0015072,-0.004
0.0015076,-0.0024000000000000002
0.001508,-0.0008
0.0015084,-0.0016
0.0015088,0.0
0.0015091999999999998,-0.0016
0.0015095999999999998,-0.004
0.0015099999999999998,-0.0024000000000000002
0.0015103999999999999,-0.0032
0.0015107999999999999,-0.0032
0.0015111999999999999,-0.0016
0.0015115999999999999,-0.0024000000000000002
0.0015119999999999999,-0.0032
0.0015124,-0.0024000000000000002
0.0015128,-0.0048000000000000004
0.0015132,-0.0056
0.0015136,-0.004
0.001514,-0.0032
0.0015144,-0.004
0.0015148,-0.0024000000000000002
0.0015152,-0.004
0.0015156,-0.004
0.001516,-0.0056
0.0015164,-0.0048000000000000004
0.0015168,-0.004
0.0015172,-0.0024000000000000002
0.0015176,-0.0024000000000000002
0.0015179999999999998,-0.0008
0.0015183999999999998,-0.0016
0.0015187999999999998,-0.004
0.0015191999999999998,-0.0024000000000000002
0.0015195999999999999,-0.0016
0.0015199999999999999,-0.0032
0.0015203999999999999,-0.0008
0.0015207999999999999,-0.004
0.0015212,-0.0008
0.0015216,-0.0008
0.001522,-0.0048000000000000004
0.0015224,-0.0008
0.0015228,-0.0024000000000000002
0.0015232,-0.0056
0.0015236,-0.0024000000000000002
0.001524,-0.0032
0.0015244,-0.004
0.0015248,-0.0024000000000000002
0.0015252,-0.0048000000000000004
0.0015256,-0.0048000000000000004
0.001526,-0.0032
0.0015264,-0.0048000000000000004
0.0015268,-0.004
0.0015271999999999998,-0.0032
0.0015275999999999998,-0.0064
0.0015279999999999998,-0.0048000000000000004
0.0015283999999999999,-0.0024000000000000002
0.0015287999999999999,-0.0048000000000000004
0.0015291999999999999,-0.0008
0.0015295999999999999,-0.0032
0.00153,-0.0032
0.0015304,-0.0016
0.0015308,-0.0024000000000000002
0.0015312,-0.0016
0.0015316,-0.0032
0.001532,-0.004
0.0015324,-0.0048000000000000004
0.0015328,-0.0016
0.0015332,-0.0032
0.0015336,-0.0016
0.001534,-0.0024000000000000002
0.0015344,-0.0056
0.0015348,-0.0032
0.0015352,-0.0032
0.0015355999999999998,-0.0048000000000000004
0.0015359999999999998,-0.0016
0.0015363999999999998,-0.0048000000000000004
0.0015367999999999998,-0.004
0.0015371999999999999,-0.0048000000000000004
0.0015375999999999999,-0.0064
0.0015379999999999999,-0.004
0.0015383999999999999,-0.0024000000000000002
0.0015387999999999999,-0.0032
0.0015392,-0.004
0.0015396,-0.0032
0.00154,-0.0032
0.0015404,-0.0048000000000000004
0.0015408,-0.0016
0.0015412,-0.0016
0.0015416,-0.0024000000000000002
0.001542,-0.0024000000000000002
0.0015424,-0.0016
0.0015428,-0.0008
0.0015432,-0.004
0.0015436,-0.0024000000000000002
0.001544,-0.0008
0.0015444,-0.0032
0.0015447999999999998,-0.0024000000000000002
0.0015451999999999998,-0.0024000000000000002
0.0015455999999999998,-0.004
0.0015459999999999998,-0.004
0.0015463999999999999,-0.0064
0.0015467999999999999,-0.0064
0.0015471999999999999,-0.0056
0.0015475999999999999,-0.0056
0.001548,-0.004
0.0015484,-0.0048000000000000004
0.0015488,-0.0048000000000000004
0.0015492,-0.0048000000000000004
0.0015496,-0.0048000000000000004
0.00155,-0.0112
0.0015504,-0.0088
0.0015508,-0.0088
0.0015512,-0.007200000000000001
0.0015516,-0.0056
0.001552,-0.008
0.0015524,-0.007200000000000001
0.0015528,-0.008
0.0015532,-0.009600000000000001
0.0015536,-0.0064
0.0015539999999999998,-0.009600000000000001
0.0015543999999999998,-0.007200000000000001
0.0015547999999999998,-0.0056
0.0015551999999999999,-0.007200000000000001
0.0015555999999999999,-0.007200000000000001
0.0015559999999999999,-0.007200000000000001
0.0015563999999999999,-0.0088
0.0015568,-0.0064
0.0015572,-0.0048000000000000004
0.0015576,-0.0064
0.001558,-0.0056
0.0015584,-0.007200000000000001
0.0015588,-0.0088
0.0015592,-0.008
0.0015596,-0.008
0.00156,-0.009600000000000001
0.0015604,-0.008
0.0015608,-0.007200000000000001
0.0015612,-0.0088
0.0015616,-0.0064
0.001562,-0.012
0.0015623999999999998,-0.007200000000000001
0.0015627999999999998,-0.010400000000000001
0.0015631999999999998,-0.009600000000000001
0.0015635999999999998,-0.0088
0.0015639999999999999,-0.0064
0.0015643999999999999,-0.007200000000000001
0.0015647999999999999,-0.0064
0.0015651999999999999,-0.007200000000000001
0.0015655999999999999,-0.007200000000000001
0.001566,-0.0064
0.0015664,-0.0064
0.0015668,-0.0088
0.0015672,-0.0056
0.0015676,-0.007200000000000001
0.001568,-0.0056
0.0015684,-0.004
0.0015688,-0.008
0.0015692,-0.007200000000000001
0.0015696,-0.007200000000000001
0.00157,-0.007200000000000001
0.0015704,-0.0064
0.0015708,-0.0056
0.0015712,-0.0064
0.0015715999999999998,-0.008
0.0015719999999999998,-0.010400000000000001
0.0015723999999999998,-0.008
0.0015727999999999998,-0.0088
0.0015731999999999999,-0.0088
0.0015735999999999999,-0.008
0.0015739999999999999,-0.0064
0.0015743999999999999,-0.0088
0.0015748,-0.007200000000000001
0.0015752,-0.0064
0.0015756,-0.009600000000000001
0.001576,-0.007200000000000001
0.0015764,-0.007200000000000001
0.0015768,-0.0064
0.0015772,-0.0056
0.0015776,-0.0056
0.001578,-0.004
0.0015784,-0.0032
0.0015788,-0.0064
0.0015792,-0.008
0.0015796,-0.0064
0.0015799999999999998,-0.0048000000000000004
0.0015804,-0.0064
0.0015807999999999998,-0.0048000000000000004
0.0015811999999999998,-0.0088
0.0015815999999999998,-0.0056
0.0015819999999999999,-0.0064
0.0015823999999999999,-0.0112
0.0015827999999999999,-0.0056
0.0015831999999999999,-0.007200000000000001
0.0015836,-0.008
0.001584,-0.0064
0.0015844,-0.0088
0.0015848,-0.0088
0.0015852,-0.0048000000000000004
0.0015856,-0.008
0.001586,-0.0064
0.0015864,-0.007200000000000001
0.0015868,-0.0064
0.0015872,-0.0056
0.0015876,-0.0048000000000000004
0.001588,-0.0064
0.0015884,-0.0056
0.0015888,-0.0056
0.0015891999999999998,-0.008
0.0015896,-0.004
0.0015899999999999998,-0.0056
0.0015903999999999998,-0.0056
0.0015907999999999999,-0.0056
0.0015911999999999999,-0.0088
0.0015915999999999999,-0.007200000000000001
0.0015919999999999999,-0.008
0.0015924,-0.009600000000000001
0.0015928,-0.0056
0.0015932,-0.0056
0.0015936,-0.008
0.001594,-0.008
0.0015944,-0.007200000000000001
0.0015948,-0.0056
0.0015952,-0.0056
0.0015956,-0.0056
0.001596,-0.0056
0.0015964,-0.0064
0.0015968,-0.0056
0.0015972,-0.004
0.0015975999999999998,-0.0056
0.001598,-0.0064
0.0015983999999999998,-0.0048000000000000004
0.0015987999999999998,-0.008
0.0015991999999999998,-0.0056
0.0015995999999999999,-0.0032
0.0015999999999999999,-0.0056
0.0016003999999999999,-0.0056
0.0016007999999999999,-0.007200000000000001
0.0016011999999999999,-0.007200000000000001
0.0016016,-0.007200000000000001
0.001602,-0.007200000000000001
0.0016024,-0.0088
0.0016028,-0.0064
0.0016032,-0.0088
0.0016036,-0.008
0.001604,-0.007200000000000001
0.0016044,-0.007200000000000001
0.0016048,-0.0064
0.0016052,-0.0048000000000000004
0.0016056,-0.008
0.001606,-0.0064
0.0016064,-0.0056
0.0016067999999999998,-0.0056
0.0016072,-0.0032
0.0016075999999999998,-0.004
0.0016079999999999998,-0.0048000000000000004
0.0016083999999999998,-0.0032
0.0016087999999999999,-0.004
0.0016091999999999999,-0.0032
0.0016095999999999999,-0.004
0.0016099999999999999,-0.004
0.0016104,-0.0056
0.0016108,-0.0064
0.0016112,-0.007200000000000001
0.0016116,-0.0048000000000000004
0.001612,-0.0056
0.0016124,-0.007200000000000001
0.0016128,-0.0048000000000000004
0.0016132,-0.007200000000000001
0.0016136,-0.0088
0.001614,-0.007200000000000001
0.0016144,-0.0064
0.0016148,-0.0056
0.0016152,-0.0048000000000000004
0.0016156,-0.0088
0.0016159999999999998,-0.0056
0.0016163999999999998,-0.0064
0.0016167999999999998,-0.0064
0.0016171999999999998,-0.0064
0.0016175999999999999,-0.0064
0.0016179999999999999,-0.0064
0.0016183999999999999,-0.0032
0.0016187999999999999,-0.004
0.0016192,-0.0056
0.0016196,-0.0056
0.00162,-0.0064
0.0016204,-0.0056
0.0016208,-0.0064
0.0016212,-0.0064
0.0016216,-0.0064
0.001622,-0.004
0.0016224,-0.007200000000000001
0.0016228,-0.0048000000000000004
0.0016232,-0.0064
0.0016236,-0.0064
0.001624,-0.0064
0.0016243999999999998,-0.007200000000000001
0.0016248,-0.008
0.0016251999999999998,-0.0056
0.0016255999999999998,-0.008
0.0016259999999999998,-0.0064
0.0016263999999999999,-0.0048000000000000004
0.0016267999999999999,-0.0064
0.0016271999999999999,-0.008
0.0016275999999999999,-0.0056
0.0016279999999999999,-0.0064
0.0016284,-0.0048000000000000004
0.0016288,-0.0024000000000000002
0.0016292,-0.007200000000000001
0.0016296,-0.0032
0.00163,-0.0056
0.0016304,-0.0056
0.0016308,-0.0032
0.0016312,-0.0064
0.0016316,-0.0048000000000000004
0.001632,-0.0032
0.0016324,-0.0056
0.0016328,-0.0032
0.0016332,-0.004
0.0016335999999999998,-0.007200000000000001
0.001634,-0.0048000000000000004
0.0016343999999999998,-0.0056
0.0016347999999999998,-0.0088
0.0016351999999999998,-0.004
0.0016355999999999999,-0.0048000000000000004
0.0016359999999999999,-0.008
0.0016363999999999999,-0.004
0.0016367999999999999,-0.0056
0.0016372,-0.007200000000000001
0.0016376,-0.0056
0.001638,-0.0064
0.0016384,-0.0064
0.0016388,-0.004
0.0016392,-0.0048000000000000004
0.0016396,-0.0048000000000000004
0.00164,-0.0048000000000000004
0.0016404,-0.0064
0.0016408,-0.004
0.0016412,-0.0024000000000000002
0.0016416,-0.0048000000000000004
0.0016419999999999998,-0.0032
0.0016424,-0.0048000000000000004
0.0016427999999999998,-0.004
0.0016431999999999998,-0.0032
0.0016435999999999998,-0.0064
0.0016439999999999998,-0.004
0.0016443999999999999,-0.0056
0.0016447999999999999,-0.0056
0.0016451999999999999,-0.004
0.0016455999999999999,-0.0056
0.001646,-0.007200000000000001
0.0016464,-0.0064
0.0016468,-0.007200000000000001
0.0016472,-0.007200000000000001
0.0016476,-0.004
0.001648,-0.004
0.0016484,-0.0056
0.0016488,-0.004
0.0016492,-0.0056
0.0016496,-0.004
0.00165,-0.0048000000000000004
0.0016504,-0.0064
0.0016508,-0.0032
0.0016511999999999998,-0.0048000000000000004
0.0016516,-0.004
0.0016519999999999998,-0.0008
0.0016523999999999998,-0.0048000000000000004
0.0016527999999999998,-0.0048000000000000004
0.0016531999999999999,-0.0056
0.0016535999999999999,-0.004
0.0016539999999999999,-0.0048000000000000004
0.0016543999999999999,-0.0048000000000000004
0.0016547999999999999,-0.0056
0.0016552,-0.004
0.0016556,-0.004
0.001656,-0.0064
0.0016564,-0.004
0.0016568,-0.007200000000000001
0.0016572,-0.0064
0.0016576,-0.0056
0.001658,-0.0064
0.0016584,-0.0048000000000000004
0.0016588,-0.0048000000000000004
0.0016592,-0.0056
0.0016596,-0.0048000000000000004
0.00166,-0.0056
0.0016603999999999998,-0.0064
0.0016608,-0.0032
0.0016611999999999998,-0.0056
0.0016615999999999998,-0.004
0.0016619999999999998,-0.0024000000000000002
0.0016623999999999999,-0.0032
0.0016627999999999999,-0.0032
0.0016631999999999999,-0.0032
0.0016635999999999999,-0.004
0.001664,-0.004
0.0016644,-0.004
0.0016648,-0.0056
0.0016652,-0.0032
0.0016656,-0.0056
0.001666,-0.0032
0.0016664,-0.004
0.0016668,-0.0064
0.0016672,-0.0056
0.0016676,-0.0048000000000000004
0.001668,-0.0064
0.0016684,-0.007200000000000001
0.0016687999999999998,-0.0056
0.0016692,-0.007200000000000001
0.0016695999999999998,-0.0056
0.0016699999999999998,-0.0032
0.0016703999999999998,-0.0056
0.0016707999999999998,-0.0032
0.0016711999999999999,-0.0056
0.0016715999999999999,-0.0064
0.0016719999999999999,-0.0024000000000000002
0.0016723999999999999,-0.004
0.0016728,-0.0048000000000000004
0.0016732,-0.0024000000000000002
0.0016736,-0.0032
0.001674,-0.0048000000000000004
0.0016744,-0.0048000000000000004
0.0016748,-0.0056
0.0016752,-0.0024000000000000002
0.0016756,-0.0032
0.001676,-0.004
0.0016764,-0.0056
0.0016768,-0.0048000000000000004
0.0016772,-0.008
0.0016776,-0.004
0.0016779999999999998,-0.0064
0.0016784,-0.007200000000000001
0.0016787999999999998,-0.0032
0.0016791999999999998,-0.0064
0.0016795999999999998,-0.0056
0.0016799999999999999,-0.0048000000000000004
0.0016803999999999999,-0.0056
0.0016807999999999999,-0.0056
0.0016811999999999999,-0.0056
0.0016816,-0.0064
0.001682,-0.0024000000000000002
0.0016824,-0.0024000000000000002
0.0016828,-0.004
0.0016832,-0.0008
0.0016836,-0.0032
0.001684,-0.0064
0.0016844,-0.0016
0.0016848,-0.0056
0.0016852,-0.0056
0.0016856,-0.0008
0.001686,-0.0048000000000000004
0.0016864,-0.0024000000000000002
0.0016868,-0.0056
0.0016871999999999998,-0.007200000000000001
0.0016876,-0.0024000000000000002
0.0016879999999999998,-0.0048000000000000004
0.0016883999999999998,-0.007200000000000001
0.0016887999999999998,-0.004
0.0016891999999999999,-0.0032
0.0016895999999999999,-0.0064
0.0016899999999999999,-0.0032
0.0016903999999999999,-0.008
0.0016908,-0.0048000000000000004
0.0016912,-0.004
0.0016916,-0.007200000000000001
0.001692,-0.0024000000000000002
0.0016924,-0.0016
0.0016928,-0.004
0.0016932,-0.0008
0.0016936,-0.004
0.001694,-0.0056
0.0016944,-0.0032
0.0016948,-0.004
0.0016952,-0.004
0.0016955999999999998,-0.0016
0.001696,-0.004
0.0016963999999999998,-0.0048000000000000004
0.0016967999999999998,-0.0024000000000000002
0.0016971999999999998,-0.0056
0.0016975999999999998,-0.0032
0.0016979999999999999,-0.0048000000000000004
0.0016983999999999999,-0.008
0.0016987999999999999,-0.0032
0.0016991999999999999,-0.0064
0.0016996,-0.0056
0.0017,-0.0048000000000000004
0.0017004,-0.004
0.0017008,-0.0048000000000000004
0.0017012,-0.0048000000000000004
0.0017016,-0.0064
0.001702,-0.004
0.0017024,-0.0016
0.0017028,-0.0064
0.0017032,-0.004
0.0017036,-0.0032
0.001704,-0.0056
0.0017044,-0.0008
0.0017047999999999998,-0.004
0.0017052,-0.0032
0.0017055999999999998,-0.0008
0.0017059999999999998,-0.0048000000000000004
0.0017063999999999998,-0.0016
0.0017067999999999999,-0.004
0.0017071999999999999,-0.0048000000000000004
0.0017075999999999999,-0.004
0.0017079999999999999,-0.0032
0.0017084,-0.0056
0.0017088,-0.0024000000000000002
0.0017092,-0.004
0.0017096,-0.0056
0.00171,-0.0024000000000000002
0.0017104,-0.0056
0.0017108,-0.0056
0.0017112,-0.0056
0.0017116,-0.007200000000000001
0.001712,-0.0016
0.0017124,-0.0032
0.0017128,-0.0048000000000000004
0.0017131999999999998,-0.0032
0.0017136,-0.0056
0.0017139999999999998,-0.0048000000000000004
0.0017144,-0.0024000000000000002
0.0017147999999999998,-0.004
0.0017151999999999998,-0.0016
0.0017155999999999999,-0.0016
0.0017159999999999999,-0.0032
0.0017163999999999999,-0.0032
0.0017167999999999999,-0.0024000000000000002
0.0017171999999999999,-0.0056
0.0017176,-0.0048000000000000004
0.001718,-0.0024000000000000002
0.0017184,-0.0056
0.0017188,-0.0032
0.0017192,-0.0032
0.0017196,-0.0032
0.00172,-0.0032
0.0017204,-0.0056
0.0017208,-0.004
0.0017212,-0.0056
0.0017215999999999998,-0.007200000000000001
0.001722,-0.0032
0.0017223999999999998,-0.0032
0.0017228,-0.004
0.0017231999999999998,-0.0032
0.0017236,-0.004
0.0017239999999999998,-0.0056
0.0017243999999999998,-0.004
0.0017247999999999999,-0.004
0.0017251999999999999,-0.0048000000000000004
0.0017255999999999999,-0.0016
0.0017259999999999999,-0.0048000000000000004
0.0017264,-0.0016
0.0017268,0.0
0.0017272,-0.0032
0.0017276,-0.0016
0.001728,-0.004
0.0017284,-0.0048000000000000004
0.0017288,-0.0024000000000000002
0.0017292,-0.0032
0.0017296,-0.004
0.00173,-0.0024000000000000002
0.0017304,-0.0032
0.0017307999999999998,-0.0056
0.0017312,-0.004
0.0017315999999999998,-0.007200000000000001
0.001732,-0.0048000000000000004
0.0017323999999999998,-0.0032
0.0017327999999999998,-0.0048000000000000004
0.0017331999999999998,-0.0032
0.0017335999999999999,-0.0064
0.0017339999999999999,-0.0064
0.0017343999999999999,-0.0024000000000000002
0.0017347999999999999,-0.004
0.0017352,-0.0048000000000000004
0.0017356,-0.0024000000000000002
0.001736,-0.004
0.0017364,-0.004
0.0017368,-0.0016
0.0017372,-0.0032
0.0017376,-0.004
0.001738,-0.0008
0.0017384,-0.0048000000000000004
0.0017388,-0.0008
0.0017392,-0.0032
0.0017396,-0.0048000000000000004
0.0017399999999999998,0.0008
0.0017404,-0.0056
0.0017407999999999998,-0.0056
0.0017412,-0.0032
0.0017415999999999998,-0.0048000000000000004
0.0017419999999999998,-0.0024000000000000002
0.0017423999999999999,-0.0016
0.0017427999999999999,-0.004
0.0017431999999999999,-0.0056
0.0017435999999999999,-0.004
0.0017439999999999999,-0.007200000000000001
0.0017444,-0.0032
0.0017448,-0.004
0.0017452,-0.0032
0.0017456,-0.0008
0.001746,-0.004
0.0017464,-0.004
0.0017468,-0.0024000000000000002
0.0017472,-0.004
0.0017476,-0.0024000000000000002
0.001748,-0.0032
0.0017483999999999998,-0.004
0.0017488,-0.0016
0.0017491999999999998,-0.0008
0.0017496,-0.004
0.0017499999999999998,-0.0024000000000000002
0.0017504,-0.004
0.0017507999999999998,-0.0056
0.0017511999999999998,-0.004
0.0017515999999999999,-0.0032
0.0017519999999999999,-0.0024000000000000002
0.0017523999999999999,-0.0008
0.0017527999999999999,-0.004
0.0017532,-0.0032
0.0017536,-0.004
0.001754,-0.0048000000000000004
0.0017544,-0.0016
0.0017548,-0.004
0.0017552,-0.0032
0.0017556,-0.0024000000000000002
0.001756,-0.004
0.0017564,-0.004
0.0017568,-0.0024000000000000002
0.0017572,-0.0048000000000000004
0.0017575999999999998,-0.004
0.001758,-0.0016
0.0017583999999999998,-0.004
0.0017588,-0.0016
0.0017591999999999998,-0.0016
0.0017595999999999998,-0.004
0.0017599999999999998,-0.0024000000000000002
0.0017603999999999999,-0.004
0.0017607999999999999,-0.0048000000000000004
0.0017611999999999999,-0.0008
0.0017615999999999999,-0.0032
0.001762,0.0
0.0017624,-0.0016
0.0017628,-0.0032
0.0017632,-0.004
0.0017636,-0.0032
0.001764,-0.0048000000000000004
0.0017644,-0.0032
0.0017648,-0.0032
0.0017652,-0.0048000000000000004
0.0017656,-0.0032
0.001766,-0.004
0.0017664,-0.0048000000000000004
0.0017667999999999998,-0.0032
0.0017672,-0.0048000000000000004
0.0017675999999999998,-0.004
0.001768,-0.0032
0.0017683999999999998,-0.0032
0.0017687999999999998,-0.0008
0.0017691999999999999,-0.0016
0.0017695999999999999,-0.004
0.0017699999999999999,-0.0032
0.0017703999999999999,-0.0032
0.0017707999999999999,-0.0024000000000000002
0.0017712,0.0
0.0017716,-0.0016
0.001772,-0.0024000000000000002
0.0017724,-0.0024000000000000002
0.0017728,-0.0032
0.0017732,-0.0024000000000000002
0.0017736,-0.0024000000000000002
0.001774,-0.0056
0.0017744,-0.004
0.0017748,-0.0048000000000000004
0.0017751999999999998,-0.0048000000000000004
0.0017756,-0.0128
0.0017759999999999998,-0.016
0.0017764,-0.0152
0.0017767999999999998,-0.016800000000000002
0.0017772,-0.0176
0.0017775999999999998,-0.016
0.0017779999999999998,-0.0152
0.0017783999999999999,-0.016
0.0017787999999999999,-0.013600000000000001
0.0017791999999999999,-0.014400000000000001
0.0017795999999999999,-0.0152
0.00178,-0.013600000000000001
0.0017804,-0.0152
0.0017808,-0.014400000000000001
0.0017812,-0.0112
0.0017816,-0.013600000000000001
0.001782,-0.0128
0.0017824,-0.012
0.0017828,-0.0128
0.0017832,-0.012
0.0017836,-0.0152
0.001784,-0.0152
0.0017843999999999998,-0.013600000000000001
0.0017848,-0.013600000000000001
0.0017851999999999998,-0.0152
0.0017856,-0.012
0.0017859999999999998,-0.013600000000000001
0.0017863999999999998,-0.016
0.0017867999999999998,-0.013600000000000001
0.0017871999999999999,-0.016
0.0017875999999999999,-0.016
0.0017879999999999999,-0.013600000000000001
0.0017883999999999999,-0.016
0.0017888,-0.014400000000000001
0.0017892,-0.013600000000000001
0.0017896,-0.0152
0.00179,-0.012
0.0017904,-0.016
0.0017908,-0.0152
0.0017912,-0.012
0.0017916,-0.0128
0.001792,-0.013600000000000001
0.0017924,-0.0112
0.0017927999999999998,-0.013600000000000001
0.0017932,-0.013600000000000001
0.0017935999999999998,-0.012
0.001794,-0.0152
0.0017943999999999998,-0.0128
0.0017948,-0.012
0.0017951999999999998,-0.012
0.0017955999999999998,-0.010400000000000001
0.0017959999999999999,-0.013600000000000001
0.0017963999999999999,-0.0152
0.0017967999999999999,-0.0128
0.0017971999999999999,-0.013600000000000001
0.0017976,-0.0128
0.001798,-0.0128
0.0017984,-0.0128
0.0017988,-0.013600000000000001
0.0017992,-0.0128
0.0017996,-0.0152
0.0018,-0.0128
0.0018004,-0.014400000000000001
0.0018008,-0.0152
0.0018012,-0.0112
0.0018016,-0.012
0.0018019999999999998,-0.012
0.0018024,-0.010400000000000001
0.0018027999999999998,-0.0152
0.0018032,-0.012
0.0018035999999999998,-0.013600000000000001
0.0018039999999999998,-0.013600000000000001
0.0018043999999999998,-0.012
0.0018047999999999999,-0.0112
0.0018051999999999999,-0.010400000000000001
0.0018055999999999999,-0.0088
0.0018059999999999999,-0.010400000000000001
0.0018063999999999999,-0.014400000000000001
0.0018068,-0.012
0.0018072,-0.013600000000000001
0.0018076,-0.013600000000000001
0.001808,-0.0112
0.0018084,-0.014400000000000001
0.0018088,-0.012
0.0018092,-0.0128
0.0018096,-0.014400000000000001
0.00181,-0.0128
0.0018104,-0.014400000000000001
0.0018108,-0.014400000000000001
0.0018111999999999998,-0.014400000000000001
0.0018116,-0.0152
0.0018119999999999998,-0.010400000000000001
0.0018124,-0.010400000000000001
0.0018127999999999998,-0.013600000000000001
0.0018131999999999998,-0.012
0.0018135999999999998,-0.012
0.0018139999999999999,-0.0112
0.0018143999999999999,-0.0112
0.0018147999999999999,-0.010400000000000001
0.0018151999999999999,-0.012
0.0018156,-0.0088
0.001816,-0.010400000000000001
0.0018164,-0.010400000000000001
0.0018168,-0.012
0.0018172,-0.0128
0.0018176,-0.010400000000000001
0.001818,-0.013600000000000001
0.0018184,-0.012
0.0018188,-0.009600000000000001
0.0018192,-0.0112
0.0018195999999999998,-0.0112
0.00182,-0.010400000000000001
0.0018203999999999998,-0.0128
0.0018208,-0.012
0.0018211999999999998,-0.012
0.0018216,-0.0112
0.0018219999999999998,-0.0128
0.0018223999999999998,-0.012
0.0018227999999999999,-0.0112
0.0018231999999999999,-0.010400000000000001
0.0018235999999999999,-0.012
0.0018239999999999999,-0.012
0.0018244,-0.0112
0.0018248,-0.013600000000000001
0.0018252,-0.013600000000000001
0.0018256,-0.010400000000000001
0.001826,-0.012
0.0018264,-0.012
0.0018268,-0.0112
0.0018272,-0.0112
0.0018276,-0.010400000000000001
0.001828,-0.0112
0.0018284,-0.0128
0.0018287999999999998,-0.012
0.0018292,-0.010400000000000001
0.0018295999999999998,-0.012
0.00183,-0.010400000000000001
0.0018303999999999998,-0.010400000000000001
0.0018307999999999998,-0.009600000000000001
0.0018311999999999998,-0.008
0.0018315999999999999,-0.0112
0.0018319999999999999,-0.010400000000000001
0.0018323999999999999,-0.009600000000000001
0.0018327999999999999,-0.013600000000000001
0.0018331999999999999,-0.010400000000000001
0.0018336,-0.012
0.001834,-0.0112
0.0018344,-0.010400000000000001
0.0018348,-0.0112
0.0018352,-0.0112
0.0018356,-0.010400000000000001
0.001836,-0.013600000000000001
0.0018364,-0.0152
0.0018368,-0.0112
0.0018372,-0.0128
0.0018376,-0.012
0.0018379999999999998,-0.008
0.0018384,-0.010400000000000001
0.0018387999999999998,-0.010400000000000001
0.0018392,-0.0112
0.0018395999999999998,-0.010400000000000001
0.0018399999999999998,-0.009600000000000001
0.0018403999999999998,-0.0112
0.0018407999999999999,-0.0112
0.0018411999999999999,-0.0088
0.0018415999999999999,-0.0088
0.0018419999999999999,-0.009600000000000001
0.0018424,-0.0088
0.0018428,-0.010400000000000001
0.0018432,-0.0128
0.0018436,-0.0128
0.001844,-0.0128
0.0018444,-0.010400000000000001
0.0018448,-0.009600000000000001
0.0018452,-0.010400000000000001
0.0018456,-0.0088
0.001846,-0.0112
0.0018463999999999998,-0.013600000000000001
0.0018468,-0.0112
0.0018471999999999998,-0.0128
0.0018476,-0.010400000000000001
0.0018479999999999998,-0.008
0.0018484,-0.010400000000000001
0.0018487999999999998,-0.010400000000000001
0.0018491999999999998,-0.008
0.0018495999999999999,-0.009600000000000001
0.0018499999999999999,-0.009600000000000001
0.0018503999999999999,-0.0112
0.0018507999999999999,-0.009600000000000001
0.0018512,-0.009600000000000001
0.0018516,-0.0088
0.001852,-0.009600000000000001
0.0018524,-0.007200000000000001
0.0018528,-0.0112
0.0018532,-0.009600000000000001
0.0018536,-0.009600000000000001
0.001854,-0.012
0.0018544,-0.009600000000000001
0.0018548,-0.0112
0.0018552,-0.008
0.0018555999999999998,-0.008
0.001856,-0.012
0.0018563999999999998,-0.012
0.0018568,-0.009600000000000001
0.0018571999999999998,-0.009600000000000001
0.0018575999999999998,-0.0128
0.0018579999999999998,-0.010400000000000001
0.0018583999999999999,-0.012
0.0018587999999999999,-0.008
0.0018591999999999999,-0.0088
0.0018595999999999999,-0.010400000000000001
0.0018599999999999999,-0.0088
0.0018604,-0.0112
0.0018608,-0.010400000000000001
0.0018612,-0.009600000000000001
0.0018616,-0.012
0.001862,-0.009600000000000001
0.0018624,-0.008
0.0018628,-0.010400000000000001
0.0018632,-0.009600000000000001
0.0018636,-0.009600000000000001
0.001864,-0.0088
0.0018644,-0.010400000000000001
0.0018647999999999998,-0.009600000000000001
0.0018652,-0.010400000000000001
0.0018655999999999998,-0.0088
0.001866,-0.009600000000000001
0.0018663999999999998,-0.009600000000000001
0.0018667999999999998,-0.008
0.0018671999999999998,-0.0112
0.0018675999999999999,-0.0088
0.0018679999999999999,-0.0112
0.0018683999999999999,-0.0128
0.0018687999999999999,-0.010400000000000001
0.0018692,-0.010400000000000001
0.0018696,-0.0128
0.00187,-0.0112
0.0018704,-0.010400000000000001
0.0018708,-0.010400000000000001
0.0018712,-0.010400000000000001
0.0018716,-0.0088
0.001872,-0.009600000000000001
0.0018724,-0.0088
0.0018728,-0.0088
0.0018731999999999998,-0.007200000000000001
0.0018736,-0.008
0.0018739999999999998,-0.008
0.0018744,-0.007200000000000001
0.0018747999999999998,-0.009600000000000001
0.0018751999999999998,-0.008
0.0018755999999999998,-0.0064
0.0018759999999999998,-0.009600000000000001
0.0018763999999999999,-0.007200000000000001
0.0018767999999999999,-0.0088
0.0018771999999999999,-0.0112
0.0018775999999999999,-0.008
0.001878,-0.009600000000000001
0.0018784,-0.010400000000000001
0.0018788,-0.009600000000000001
0.0018792,-0.0112
0.0018796,-0.010400000000000001
0.00188,-0.0088
0.0018804,-0.010400000000000001
0.0018808,-0.010400000000000001
0.0018812,-0.0088
0.0018816,-0.0112
0.001882,-0.009600000000000001
0.0018823999999999998,-0.007200000000000001
0.0018828,-0.0112
0.0018831999999999998,-0.0088
0.0018836,-0.0088
0.0018839999999999998,-0.0088
0.0018843999999999998,-0.007200000000000001
0.0018847999999999998,-0.0088
0.0018851999999999999,-0.008
0.0018855999999999999,-0.007200000000000001
0.0018859999999999999,-0.007200000000000001
0.0018863999999999999,-0.0088
0.0018868,-0.007200000000000001
0.0018872,-0.008
0.0018876,-0.0088
0.001888,-0.007200000000000001
0.0018884,-0.010400000000000001
0.0018888,-0.0112
0.0018892,-0.0088
0.0018896,-0.009600000000000001
0.00189,-0.0088
0.0018904,-0.0088
0.0018907999999999998,-0.009600000000000001
0.0018912,-0.008
0.0018915999999999998,-0.009600000000000001
0.001892,-0.009600000000000001
0.0018923999999999998,-0.0088
0.0018928,-0.009600000000000001
0.0018931999999999998,-0.009600000000000001
0.0018935999999999998,-0.0056
0.0018939999999999999,-0.008
0.0018943999999999999,-0.009600000000000001
0.0018947999999999999,-0.0056
0.0018951999999999999,-0.009600000000000001
0.0018955999999999999,-0.008
0.001896,-0.008
0.0018964,-0.010400000000000001
0.0018968,-0.0064
0.0018972,-0.008
0.0018976,-0.0088
0.001898,-0.0088
0.0018984,-0.0088
0.0018988,-0.009600000000000001
0.0018992,-0.008
0.0018996,-0.009600000000000001
0.0018999999999999998,-0.009600000000000001
0.0019004,-0.0064
0.0019007999999999998,-0.010400000000000001
0.0019012,-0.0088
0.0019015999999999998,-0.008
0.0019019999999999998,-0.0088
0.0019023999999999998,-0.0064
0.0019027999999999998,-0.0088
0.0019031999999999999,-0.009600000000000001
0.0019035999999999999,-0.0048000000000000004
0.0019039999999999999,-0.0088
0.0019043999999999999,-0.0064
0.0019048,-0.0048000000000000004
0.0019052,-0.0088
0.0019056,-0.007200000000000001
0.001906,-0.0056
0.0019064,-0.007200000000000001
0.0019068,-0.0048000000000000004
0.0019072,-0.0056
0.0019076,-0.009600000000000001
0.001908,-0.007200000000000001
0.0019084,-0.008
0.0019088,-0.008
0.0019091999999999998,-0.0056
0.0019096,-0.009600000000000001
0.0019099999999999998,-0.0064
0.0019104,-0.007200000000000001
0.0019107999999999998,-0.012
0.0019111999999999998,-0.007200000000000001
0.0019115999999999998,-0.007200000000000001
0.0019119999999999999,-0.0088
0.0019123999999999999,-0.008
0.0019127999999999999,-0.0088
0.0019131999999999999,-0.0088
0.0019136,-0.0064
0.001914,-0.008
0.0019144,-0.0088
0.0019148,-0.0064
0.0019152,-0.0088
0.0019156,-0.0088
0.001916,-0.0048000000000000004
0.0019164,-0.0064
0.0019168,-0.0056
0.0019172,-0.0048000000000000004
0.0019175999999999998,-0.0088
0.001918,-0.0056
0.0019183999999999998,-0.007200000000000001
0.0019188,-0.0056
0.0019191999999999998,-0.0064
0.0019196,-0.0056
0.0019199999999999998,-0.0064
0.0019203999999999998,-0.008
0.0019207999999999999,-0.009600000000000001
0.0019211999999999999,-0.008
0.0019215999999999999,-0.008
0.0019219999999999999,-0.0088
0.0019223999999999999,-0.009600000000000001
0.0019228,-0.008
0.0019232,-0.0112
0.0019236,-0.007200000000000001
0.001924,-0.0064
0.0019244,-0.0088
0.0019248,-0.007200000000000001
0.0019252,-0.008
0.0019256,-0.0064
0.001926,-0.0056
0.0019264,-0.007200000000000001
0.0019267999999999998,-0.0048000000000000004
0.0019272,-0.0064
0.0019275999999999998,-0.0064
0.001928,-0.004
0.0019283999999999998,-0.0056
0.0019287999999999998,-0.0056
0.0019291999999999998,-0.0056
0.0019295999999999998,-0.0048000000000000004
0.0019299999999999999,-0.0064
0.0019303999999999999,-0.0056
0.0019307999999999999,-0.008
0.0019311999999999999,-0.009600000000000001
0.0019316,-0.007200000000000001
0.001932,-0.009600000000000001
0.0019324,-0.008
0.0019328,-0.007200000000000001
0.0019332,-0.010400000000000001
0.0019336,-0.0064
0.001934,-0.010400000000000001
0.0019344,-0.009600000000000001
0.0019348,-0.0056
0.0019352,-0.008
0.0019356,-0.007200000000000001
0.0019359999999999998,-0.0056
0.0019364,-0.008
0.0019367999999999998,-0.008
0.0019372,-0.004
0.0019375999999999998,-0.0064
0.0019379999999999998,-0.0048000000000000004
0.0019383999999999998,-0.0064
0.0019387999999999999,-0.008
0.0019391999999999999,-0.004
0.0019395999999999999,-0.0048000000000000004
0.0019399999999999999,-0.0064
0.0019404,-0.0048000000000000004
0.0019408,-0.0088
0.0019412,-0.008
0.0019416,-0.0056
0.001942,-0.009600000000000001
0.0019424,-0.0064
0.0019428,-0.0056
0.0019432,-0.008
0.0019436,-0.008
0.001944,-0.008
0.0019443999999999998,-0.010400000000000001
0.0019448,-0.0056
0.0019451999999999998,-0.0064
0.0019456,-0.010400000000000001
0.0019459999999999998,-0.0048000000000000004
0.0019464,-0.007200000000000001
0.0019467999999999998,-0.007200000000000001
0.0019471999999999998,-0.0048000000000000004
0.0019475999999999999,-0.0064
0.0019479999999999999,-0.0056
0.0019483999999999999,-0.0056
0.0019487999999999999,-0.0064
0.0019491999999999999,-0.0056
0.0019496,-0.0032
0.00195,-0.0088
0.0019504,-0.007200000000000001
0.0019508,-0.0048000000000000004
0.0019512,-0.008
0.0019516,-0.0056
0.0019519999999999997,-0.0064
0.0019524,-0.007200000000000001
0.0019527999999999998,-0.004
0.0019532,-0.0064
0.0019535999999999998,-0.007200000000000001
0.001954,-0.007200000000000001
0.0019544,-0.009600000000000001
0.0019548,-0.0064
0.0019552,-0.0056
0.0019556,-0.0064
0.001956,-0.004
0.0019564,-0.0056
0.0019568,-0.0064
0.0019572,-0.004
0.0019576,-0.0056
0.0019579999999999997,-0.008
0.0019584,-0.0032
0.0019588,-0.007200000000000001
0.0019592,-0.0064
0.0019595999999999997,-0.0048000000000000004
0.00196,-0.0088
0.0019604,-0.0056
0.0019608,-0.0048000000000000004
0.0019611999999999997,-0.008
0.0019616,-0.0048000000000000004
0.0019619999999999998,-0.007200000000000001
0.0019624,-0.0088
0.0019628,-0.0064
0.0019632,-0.0064
0.0019636,-0.0064
0.001964,-0.004
0.0019644,-0.007200000000000001
0.0019648,-0.0064
0.0019652,-0.0032
0.0019655999999999996,-0.008
0.001966,-0.0048000000000000004
0.0019664,-0.0064
0.0019668,-0.007200000000000001
0.0019671999999999997,-0.0056
0.0019676,-0.0064
0.001968,-0.0056
0.0019684,-0.0032
0.0019687999999999997,-0.007200000000000001
0.0019692,-0.004
0.0019696,-0.0056
0.00197,-0.009600000000000001
0.0019703999999999998,-0.0056
0.0019708,-0.004
0.0019711999999999998,-0.0064
0.0019716,-0.004
0.001972,-0.0048000000000000004
0.0019724,-0.0088
0.0019728,-0.0064
0.0019732,-0.007200000000000001
0.0019736,-0.008
0.001974,-0.0048000000000000004
0.0019744,-0.008
0.0019747999999999996,-0.0064
0.0019752,-0.0032
0.0019756,-0.008
0.001976,-0.0056
0.0019763999999999997,-0.008
0.0019768,-0.0088
0.0019772,-0.0064
0.0019776,-0.0048000000000000004
0.0019779999999999997,-0.0064
0.0019784,-0.0048000000000000004
0.0019787999999999997,-0.0048000000000000004
0.0019792,-0.0056
0.0019795999999999998,-0.004
0.00198,-0.007200000000000001
0.0019803999999999998,-0.0064
0.0019808,-0.004
0.0019812,-0.007200000000000001
0.0019816,-0.004
0.001982,-0.0048000000000000004
0.0019824,-0.008
0.0019828,-0.0056
0.0019832,-0.007200000000000001
0.0019836,-0.0088
0.0019839999999999997,-0.0056
0.0019844,-0.007200000000000001
0.0019848,-0.0088
0.0019852,-0.0056
0.0019855999999999997,-0.008
0.001986,-0.0064
0.0019864,-0.0064
0.0019868,-0.0088
0.0019871999999999997,-0.0048000000000000004
0.0019876,-0.0048000000000000004
0.0019879999999999997,-0.007200000000000001
0.0019884,-0.0056
0.0019887999999999998,-0.004
0.0019892,-0.004
0.0019896,-0.0032
0.00199,-0.0064
0.0019904,-0.0056
0.0019908,-0.0032
0.0019912,-0.0064
0.0019916,-0.0048000000000000004
0.001992,-0.0024000000000000002
0.0019924,-0.0056
0.0019928,-0.004
0.0019931999999999997,-0.0048000000000000004
0.0019936,-0.008
0.001994,-0.0048000000000000004
0.0019944,-0.0064
0.0019947999999999997,-0.009600000000000001
0.0019952,-0.0064
0.0019956,-0.0064
0.001996,-0.0088
0.0019963999999999997,-0.004
0.0019968,-0.007200000000000001
0.0019971999999999998,-0.0064
0.0019976,-0.0056
0.0019979999999999998,-0.0088
0.0019984,-0.0048000000000000004
0.0019988,-0.0024000000000000002
0.0019992,-0.0048000000000000004
0.0019996,-0.0024000000000000002
0.002,-0.004
0.0020004,-0.0048000000000000004
0.0020008,-0.0048000000000000004
0.0020012,-0.0048000000000000004
0.0020016,-0.0064
0.002002,-0.0032
0.0020023999999999997,-0.0048000000000000004
0.0020028,-0.0064
0.0020032,-0.0048000000000000004
0.0020036,-0.0064
0.0020039999999999997,-0.0064
0.0020044,-0.004
0.0020048,-0.0064
0.0020052,-0.0056
0.0020055999999999997,-0.0048000000000000004
0.002006,-0.007200000000000001
0.0020063999999999998,-0.0048000000000000004
0.0020068,-0.0064
0.0020071999999999998,-0.0064
0.0020076,-0.008
0.002008,-0.0064
0.0020084,-0.0056
0.0020088,-0.0024000000000000002
0.0020092,-0.004
0.0020096,-0.004
0.0020099999999999996,-0.0032
0.0020104,-0.0088
0.0020108,-0.004
0.0020112,-0.0048000000000000004
0.0020115999999999997,-0.0048000000000000004
0.002012,-0.0024000000000000002
0.0020124,-0.0048000000000000004
0.0020128,-0.0056
0.0020131999999999997,-0.004
0.0020136,-0.0056
0.002014,-0.0056
0.0020144,-0.0064
0.0020147999999999998,-0.0064
0.0020152,-0.0056
0.0020155999999999998,-0.0032
0.002016,-0.0064
0.0020164,-0.004
0.0020168,-0.0056
0.0020172,-0.008
0.0020176,-0.0056
0.002018,-0.0048000000000000004
0.0020184,-0.0064
0.0020188,-0.0032
0.0020191999999999996,-0.0056
0.0020196,-0.0048000000000000004
0.00202,-0.004
0.0020204,-0.0064
0.0020207999999999997,-0.0048000000000000004
0.0020212,-0.0032
0.0020216,-0.0056
0.002022,-0.004
0.0020223999999999997,-0.0024000000000000002
0.0020228,-0.0048000000000000004
0.0020232,-0.0008
0.0020236,-0.0024000000000000002
0.0020239999999999998,-0.0064
0.0020244,-0.0016
0.0020247999999999998,-0.004
0.0020252,-0.0056
0.0020256,-0.0032
0.002026,-0.007200000000000001
0.0020264,-0.0064
0.0020268,-0.0056
0.0020272,-0.007200000000000001
0.0020276,-0.0048000000000000004
0.002028,-0.004
0.0020283999999999996,-0.0064
0.0020288,-0.0056
0.0020292,-0.008
0.0020296,-0.008
0.0020299999999999997,-0.004
0.0020304,-0.0064
0.0020308,-0.0056
0.0020312,-0.0008
0.0020315999999999997,-0.0048000000000000004
0.002032,-0.0032
0.0020323999999999997,-0.0008
0.0020328,-0.004
0.0020331999999999998,-0.004
0.0020336,-0.0056
0.002034,-0.0056
0.0020344,-0.0024000000000000002
0.0020348,-0.0024000000000000002
0.0020352,-0.0024000000000000002
0.0020356,-0.0024000000000000002
0.002036,-0.004
0.0020364,-0.0056
0.0020368,-0.0032
0.0020372,-0.0064
0.0020375999999999997,-0.0056
0.002038,-0.0048000000000000004
0.0020384,-0.0048000000000000004
0.0020388,-0.0048000000000000004
0.0020391999999999997,-0.0056
0.0020396,-0.0056
0.00204,-0.004
0.0020404,-0.007200000000000001
0.0020407999999999997,-0.0064
0.0020412,-0.004
0.0020415999999999998,-0.0056
0.002042,-0.0056
0.0020423999999999998,-0.0032
0.0020428,-0.004
0.0020432,-0.0056
0.0020436,-0.0048000000000000004
0.002044,-0.0056
0.0020444,-0.0056
0.0020448,-0.0048000000000000004
0.0020452,-0.0056
0.0020456,-0.0032
0.002046,-0.0032
0.0020464,-0.0048000000000000004
0.0020467999999999997,-0.0032
0.0020472,-0.0056
0.0020476,-0.0056
0.002048,-0.0056
0.0020483999999999997,-0.0048000000000000004
0.0020488,-0.0032
0.0020492,-0.0048000000000000004
0.0020496,-0.0032
0.0020499999999999997,-0.0056
0.0020504,-0.0048000000000000004
0.0020507999999999998,-0.0056
0.0020512,-0.0056
0.0020515999999999998,-0.0024000000000000002
0.002052,-0.0056
0.0020524,-0.0032
0.0020528,-0.0032
0.0020532,-0.007200000000000001
0.0020536,-0.0032
0.002054,-0.004
0.0020543999999999996,-0.0056
0.0020548,-0.004
0.0020552,-0.0056
0.0020556,-0.0056
0.0020559999999999997,-0.0032
0.0020564,-0.0048000000000000004
0.0020568,-0.0048000000000000004
0.0020572,-0.0056
0.0020575999999999997,-0.0056
0.002058,-0.0032
0.0020584,-0.0024000000000000002
0.0020588,-0.004
0.0020591999999999997,-0.0016
0.0020596,-0.004
0.0020599999999999998,-0.0056
0.0020604,-0.0032
0.0020608,-0.0032
0.0020612,-0.0032
0.0020616,-0.0032
0.002062,-0.0024000000000000002
0.0020624,-0.0048000000000000004
0.0020628,-0.0048000000000000004
0.0020632,-0.0048000000000000004
0.0020635999999999996,-0.0048000000000000004
0.002064,-0.0032
0.0020644,-0.0056
0.0020648,-0.0048000000000000004
0.0020651999999999997,-0.0024000000000000002
0.0020656,-0.0064
0.002066,-0.004
0.0020664,-0.0056
0.0020667999999999997,-0.007200000000000001
0.0020672,-0.0048000000000000004
0.0020676,-0.0048000000000000004
0.002068,-0.004
0.0020683999999999998,-0.0024000000000000002
0.0020688,-0.0024000000000000002
0.0020691999999999998,-0.0024000000000000002
0.0020696,-0.0032
0.00207,-0.0048000000000000004
0.0020704,-0.004
0.0020708,-0.0016
0.0020712,-0.0048000000000000004
0.0020716,-0.0032
0.002072,-0.0008
0.0020724,-0.0032
0.0020727999999999996,-0.0016
0.0020732,-0.0048000000000000004
0.0020736,-0.0056
0.002074,-0.0056
0.0020743999999999997,-0.0064
0.0020748,-0.0032
0.0020752,-0.004
0.0020756,-0.0048000000000000004
0.0020759999999999997,-0.004
0.0020764,-0.004
0.0020767999999999997,-0.0064
0.0020772,-0.0056
0.0020775999999999998,-0.0064
0.002078,-0.0056
0.0020783999999999998,-0.004
0.0020788,-0.004
0.0020792,-0.0032
0.0020796,-0.0032
0.00208,-0.0048000000000000004
0.0020804,-0.0008
0.0020808,-0.0032
0.0020812,-0.0056
0.0020816,-0.0016
0.0020819999999999996,-0.0024000000000000002
0.0020824,-0.0032
0.0020828,-0.0016
0.0020832,-0.0024000000000000002
0.0020835999999999997,-0.0024000000000000002
0.002084,-0.004
0.0020844,-0.0048000000000000004
0.0020848,-0.0032
0.0020851999999999997,-0.0024000000000000002
0.0020856,-0.0048000000000000004
0.0020859999999999997,-0.004
0.0020864,-0.0032
0.0020867999999999998,-0.0064
0.0020872,-0.004
0.0020876,-0.0048000000000000004
0.002088,-0.007200000000000001
0.0020884,-0.0032
0.0020888,-0.0048000000000000004
0.0020892,-0.0048000000000000004
0.0020896,-0.0032
0.00209,-0.0056
0.0020904,-0.0048000000000000004
0.0020908,-0.0032
0.0020911999999999997,-0.0048000000000000004
0.0020916,-0.0024000000000000002
0.002092,-0.0016
0.0020924,-0.0048000000000000004
0.0020927999999999997,-0.0024000000000000002
0.0020932,-0.0024000000000000002
0.0020936,-0.0056
0.002094,-0.0032
0.0020943999999999997,-0.0024000000000000002
0.0020948,-0.0032
0.0020951999999999998,-0.0008
0.0020956,-0.004
0.0020959999999999998,-0.0032
0.0020964,-0.0016
0.0020968,-0.0048000000000000004
0.0020972,-0.0024000000000000002
0.0020976,-0.0024000000000000002
0.002098,-0.0048000000000000004
0.0020984,-0.0024000000000000002
0.0020988,-0.0024000000000000002
0.0020992,-0.0048000000000000004
0.0020996,-0.004
0.0021,-0.0008
0.0021003999999999997,-0.008
0.0021008,-0.004
0.0021012,-0.0064
0.0021016,-0.004
0.0021019999999999997,-0.0016
0.0021024,-0.0056
0.0021028,-0.004
0.0021032,-0.0008
0.0021035999999999997,-0.0056
0.002104,-0.0048000000000000004
0.0021043999999999998,-0.004
0.0021048,-0.0056
0.0021051999999999998,-0.0032
0.0021056,-0.0008
0.002106,-0.0016
0.0021064,0.0
0.0021068,-0.0016
0.0021072,-0.0048000000000000004
0.0021076,-0.0016
0.0021079999999999996,-0.004
0.0021084,-0.004
0.0021088,0.0
0.0021092,-0.0032
0.0021095999999999997,-0.0008
0.00211,-0.0024000000000000002
0.0021104,-0.0064
0.0021108,-0.0032
0.0021111999999999997,-0.004
0.0021116,-0.0048000000000000004
0.002112,-0.0024000000000000002
0.0021124,-0.004
0.0021127999999999997,-0.0048000000000000004
0.0021132,-0.0024000000000000002
0.0021135999999999998,-0.0056
0.002114,-0.0048000000000000004
0.0021144,-0.0016
0.0021148,-0.007200000000000001
0.0021152,-0.004
0.0021156,-0.0008
0.002116,-0.004
0.0021164,-0.0016
0.0021168,-0.0024000000000000002
0.0021171999999999996,-0.0056
0.0021176,-0.0016
0.002118,-0.0016
0.0021184,-0.0032
0.0021187999999999997,0.0
0.0021192,-0.004
0.0021196,-0.0056
0.00212,-0.0016
0.0021203999999999997,-0.0048000000000000004
0.0021208,-0.004
0.0021211999999999997,-0.0024000000000000002
0.0021216,-0.0064
0.0021219999999999998,-0.0016
0.0021224,-0.0024000000000000002
0.0021227999999999998,-0.0064
0.0021232,-0.0016
0.0021236,-0.0032
0.002124,-0.004
0.0021244,-0.0032
0.0021248,-0.0048000000000000004
0.0021252,-0.004
0.0021256,-0.0008
0.002126,-0.0032
0.0021263999999999996,-0.0024000000000000002
0.0021268,-0.0016
0.0021272,-0.0048000000000000004
0.0021276,-0.0024000000000000002
0.0021279999999999997,-0.0024000000000000002
0.0021284,-0.0056
0.0021288,0.0
0.0021292,-0.0032
0.0021295999999999997,-0.0048000000000000004
0.00213,-0.0016
0.0021303999999999997,-0.0048000000000000004
0.0021308,-0.0032
0.0021311999999999998,-0.0032
0.0021316,-0.0056
0.0021319999999999998,-0.0016
0.0021324,-0.0032
0.0021328,-0.0032
0.0021332,-0.0016
0.0021336,-0.0032
0.002134,-0.0056
0.0021344,-0.0024000000000000002
0.0021348,-0.0048000000000000004
0.0021352,-0.0048000000000000004
0.0021355999999999997,-0.0024000000000000002
0.002136,-0.0032
0.0021364,-0.0032
0.0021368,0.0
0.0021371999999999997,-0.004
0.0021376,-0.0016
0.002138,-0.0024000000000000002
0.0021384,-0.004
0.0021387999999999997,-0.0024000000000000002
0.0021392,-0.0024000000000000002
0.0021395999999999997,-0.0032
0.00214,0.0
0.0021403999999999998,-0.0008
0.0021408,-0.0032
0.0021412,-0.0016
0.0021416,-0.0048000000000000004
0.002142,-0.0048000000000000004
0.0021424,-0.0024000000000000002
0.0021428,-0.004
0.0021432,-0.0024000000000000002
0.0021436,-0.0016
0.002144,-0.0064
0.0021444,-0.0008
0.0021447999999999997,-0.0032
0.0021452,-0.0056
0.0021456,-0.0024000000000000002
0.002146,-0.0048000000000000004
0.0021463999999999997,-0.004
0.0021468,-0.0016
0.0021472,-0.004
0.0021476,-0.0032
0.0021479999999999997,-0.0016
0.0021484,-0.004
0.0021487999999999998,-0.0032
0.0021492,-0.0024000000000000002
0.0021495999999999998,-0.0056
0.00215,-0.0008
0.0021504,-0.0008
0.0021508,-0.004
0.0021512,0.0016
0.0021516,0.0
0.002152,-0.0024000000000000002
0.0021523999999999996,0.0
0.0021528,-0.0056
0.0021532,-0.004
0.0021536,-0.0016
0.0021539999999999997,-0.0032
0.0021544,-0.0024000000000000002
0.0021548,-0.0016
0.0021552,-0.004
0.0021555999999999997,-0.0024000000000000002
0.002156,-0.0048000000000000004
0.0021564,-0.0056
0.0021568,-0.0032
0.0021571999999999997,-0.0024000000000000002
0.0021576,-0.0048000000000000004
0.0021579999999999998,0.0
0.0021584,-0.0024000000000000002
0.0021587999999999998,-0.0016
0.0021592,-0.0016
0.0021596,-0.0032
0.00216,-0.0024000000000000002
0.0021604,-0.0024000000000000002
0.0021608,-0.0024000000000000002
0.0021612,0.0
0.0021615999999999996,-0.0008
0.002162,-0.0024000000000000002
0.0021624,-0.0016
0.0021628,-0.0016
0.0021631999999999997,-0.004
0.0021636,-0.0008
0.002164,-0.0024000000000000002
0.0021644,-0.0032
0.0021647999999999997,-0.0016
0.0021652,-0.0048000000000000004
0.0021656,-0.0048000000000000004
0.002166,-0.0032
0.0021663999999999997,-0.004
0.0021668,-0.0024000000000000002
0.0021671999999999998,-0.004
0.0021676,-0.004
0.002168,-0.0024000000000000002
0.0021684,-0.0024000000000000002
0.0021688,-0.0024000000000000002
0.0021692,-0.0016
0.0021696,-0.0024000000000000002
0.00217,-0.0032
0.0021704,-0.0008
0.0021707999999999996,-0.0016
0.0021712,-0.0008
0.0021716,-0.0016
0.002172,-0.004
0.0021723999999999997,0.0
0.0021728,-0.0016
0.0021732,-0.0048000000000000004
0.0021736,-0.0016
0.0021739999999999997,-0.0024000000000000002
0.0021744,-0.0032
0.0021747999999999997,-0.0032
0.0021752,-0.0048000000000000004
0.0021755999999999998,-0.0024000000000000002
0.002176,-0.0024000000000000002
0.0021763999999999998,-0.0048000000000000004
0.0021768,-0.0032
0.0021772,-0.0032
0.0021776,-0.0032
0.002178,-0.0016
0.0021784,-0.0024000000000000002
0.0021788,-0.0048000000000000004
0.0021792,0.0
0.0021796,-0.004
0.0021799999999999996,-0.0024000000000000002
0.0021804,-0.0008
0.0021808,-0.0024000000000000002
0.0021812,-0.0008
0.0021815999999999997,0.0008
0.002182,-0.0016
0.0021824,-0.0008
0.0021828,-0.004
0.0021831999999999997,-0.0032
0.0021836,0.0
0.0021839999999999997,-0.0016
0.0021844,-0.004
0.0021847999999999998,-0.0008
0.0021852,-0.0016
0.0021855999999999998,-0.004
0.002186,-0.004
0.0021864,-0.007200000000000001
0.0021868,-0.0048000000000000004
0.0021872,-0.0032
0.0021876,-0.0056
0.002188,-0.0016
0.0021884,-0.0024000000000000002
0.0021888,-0.0024000000000000002
0.0021891999999999997,-0.0008
0.0021896,-0.0032
0.00219,-0.0032
0.0021904,-0.0016
0.0021907999999999997,0.0
0.0021912,0.0
0.0021916,0.0008
0.002192,-0.0024000000000000002
0.0021923999999999997,-0.0016
0.0021928,0.0
0.0021931999999999998,-0.0032
0.0021936,-0.0008
0.0021939999999999998,-0.0032
0.0021944,-0.004
0.0021948,0.0008
0.0021952,-0.0016
0.0021956,-0.0024000000000000002
0.002196,-0.0032
0.0021964,-0.007200000000000001
0.0021968,-0.0032
0.0021972,-0.0048000000000000004
0.0021976,-0.004
0.002198,-0.004
0.0021983999999999997,-0.0024000000000000002
0.0021988,-0.0032
0.0021992,-0.0032
0.0021996,-0.0024000000000000002
0.0021999999999999997,-0.0024000000000000002
0.0022004,-0.0032
0.0022008,-0.0016
0.0022012,-0.004
0.0022015999999999997,0.0
0.002202,-0.0008
0.0022023999999999998,0.0008
0.0022028,0.0008
0.0022031999999999998,-0.0008
0.0022036,-0.0008
0.002204,-0.0008
0.0022044,-0.0008
0.0022048,0.0
0.0022052,-0.0008
0.0022056,-0.0024000000000000002
0.0022059999999999996,-0.0032
0.0022064,-0.0016
0.0022068,-0.0032
0.0022072,-0.0032
0.0022075999999999997,-0.0032
0.002208,-0.004
0.0022084,-0.0016
0.0022088,-0.004
0.0022091999999999997,-0.0048000000000000004
0.0022096,-0.0008
0.00221,-0.004
0.0022104,-0.0024000000000000002
0.0022107999999999997,-0.0008
0.0022112,-0.0032
0.0022115999999999998,0.0
0.002212,0.0
0.0022124,0.0
0.0022128,-0.0032
0.0022132,0.0
0.0022136,-0.0024000000000000002
0.002214,-0.0008
0.0022144,0.0008
0.0022148,-0.0032
0.0022151999999999996,0.0
0.0022156,-0.004
0.002216,-0.0032
0.0022164,0.0
0.0022167999999999997,-0.0032
0.0022172,-0.0016
0.0022176,0.0
0.002218,-0.0032
0.0022183999999999997,-0.0032
0.0022188,-0.0024000000000000002
0.0022191999999999997,-0.004
0.0022196,-0.004
0.0022199999999999998,-0.0032
0.0022204,-0.004
0.0022207999999999998,-0.0016
0.0022212,-0.0008
0.0022216,-0.0016
0.002222,0.0
0.0022224,-0.004
0.0022228,-0.0032
0.0022232,-0.0016
0.0022236,-0.0024000000000000002
0.002224,0.0008
0.0022243999999999996,-0.0016
0.0022248,-0.0024000000000000002
0.0022252,-0.0024000000000000002
0.0022256,-0.0032
0.0022259999999999997,-0.0048000000000000004
0.0022264,-0.0032
0.0022268,-0.0008
0.0022272,-0.0024000000000000002
0.0022275999999999997,-0.0024000000000000002
0.002228,-0.0024000000000000002
0.0022283999999999997,-0.004
0.0022288,-0.0024000000000000002
0.0022291999999999998,-0.0048000000000000004
0.0022296,-0.0016
0.0022299999999999998,-0.0016
0.0022304,-0.0032
0.0022308,-0.0008
0.0022312,-0.0016
0.0022316,-0.0032
0.002232,-0.0008
0.0022324,-0.004
0.0022328,-0.0016
0.0022332,-0.0016
0.0022335999999999996,-0.0008
0.002234,-0.0008
0.0022344,0.0
0.0022348,-0.0016
0.0022351999999999997,-0.0024000000000000002
0.0022356,-0.0024000000000000002
0.002236,-0.004
0.0022364,-0.0008
0.0022367999999999997,0.0
0.0022372,-0.004
0.0022375999999999997,-0.0008
0.002238,-0.0032
0.0022383999999999998,-0.004
0.0022388,0.0
0.0022392,-0.0032
0.0022396,-0.0016
0.00224,-0.0024000000000000002
0.0022404,-0.0024000000000000002
0.0022408,-0.0016
0.0022412,-0.0016
0.0022416,-0.0016
0.002242,-0.0008
0.0022424,-0.0016
0.0022427999999999997,-0.0008
0.0022432,0.0
0.0022436,0.0008
0.002244,-0.0024000000000000002
0.0022443999999999997,0.0008
0.0022448,-0.0024000000000000002
0.0022452,-0.0016
0.0022456,0.0016
0.0022459999999999997,-0.0016
0.0022464,-0.0008
0.0022467999999999998,-0.0016
0.0022472,-0.004
0.0022475999999999998,-0.0008
0.002248,-0.0032
0.0022484,-0.0024000000000000002
0.0022488,-0.0024000000000000002
0.0022492,-0.0032
0.0022496,-0.004
0.00225,-0.0016
0.0022503999999999996,-0.0032
0.0022508,-0.0032
0.0022512,-0.0008
0.0022516,-0.004
0.0022519999999999997,-0.004
0.0022524,-0.0008
0.0022528,-0.0016
0.0022532,-0.0008
0.0022535999999999997,0.0
0.002254,-0.0032
0.0022544,-0.0008
0.0022548,-0.0008
0.0022551999999999997,-0.0016
0.0022556,0.0016
0.0022559999999999998,-0.0016
0.0022564,-0.0016
0.0022567999999999998,0.0
0.0022572,-0.0024000000000000002
0.0022576,-0.0016
0.002258,0.0
0.0022584,-0.0032
0.0022588,-0.0024000000000000002
0.0022592,0.0
0.0022595999999999996,-0.0024000000000000002
0.00226,-0.0016
0.0022604,-0.0024000000000000002
0.0022608,-0.0048000000000000004
0.0022611999999999997,-0.0008
0.0022616,-0.0048000000000000004
0.002262,-0.0024000000000000002
0.0022624,0.0024000000000000002
0.0022627999999999997,-0.0032
0.0022632,-0.0024000000000000002
0.0022636,-0.0016
0.002264,-0.0016
0.0022643999999999997,-0.0008
0.0022648,0.0
0.0022651999999999998,-0.0024000000000000002
0.0022656,0.0
0.002266,-0.0016
0.0022664,-0.0024000000000000002
0.0022668,-0.0008
0.0022672,-0.0008
0.0022676,-0.0024000000000000002
0.002268,0.0008
0.0022684,-0.0032
0.0022687999999999996,-0.0032
0.0022692,0.0008
0.0022696,-0.0032
0.00227,-0.0008
0.0022703999999999997,-0.0016
0.0022708,-0.0056
0.0022712,-0.0024000000000000002
0.0022716,-0.0016
0.0022719999999999997,-0.0024000000000000002
0.0022724,0.0
0.0022727999999999997,-0.0024000000000000002
0.0022732,-0.004
0.0022735999999999998,-0.0008
0.002274,-0.0008
0.0022743999999999998,-0.004
0.0022748,0.0008
0.0022752,0.0
0.0022756,-0.0016
0.002276,-0.0008
0.0022764,-0.0032
0.0022768,-0.0008
0.0022772,0.0
0.0022776,-0.004
0.0022779999999999996,0.0
0.0022784,0.0
0.0022788,-0.0032
0.0022792,-0.0024000000000000002
0.0022795999999999997,-0.0032
0.00228,-0.004
0.0022804,-0.0032
0.0022808,-0.0024000000000000002
0.0022811999999999997,-0.0024000000000000002
0.0022816,0.0008
0.0022819999999999997,-0.004
0.0022824,-0.0016
0.0022827999999999998,-0.0008
0.0022832,-0.004
0.0022835999999999998,0.0
0.002284,0.0
0.0022844,-0.0024000000000000002
0.0022848,0.0024000000000000002
0.0022852,0.0
0.0022856,-0.0008
0.002286,-0.0016
0.0022864,-0.0008
0.0022868,-0.0008
0.0022871999999999997,-0.0008
0.0022876,-0.004
0.002288,-0.0024000000000000002
0.0022884,-0.0016
0.0022887999999999997,-0.004
0.0022892,-0.0032
0.0022896,-0.0024000000000000002
0.00229,-0.0064
0.0022903999999999997,-0.004
0.0022908,-0.0024000000000000002
0.0022911999999999997,-0.0032
0.0022916,0.0008
0.0022919999999999998,-0.004
0.0022924,-0.0016
0.0022928,0.0
0.0022932,-0.0024000000000000002
0.0022936,-0.0016
0.002294,-0.0008
0.0022944,-0.0008
0.0022947999999999996,-0.0008
0.0022952,0.0008
0.0022956,0.0
0.002296,0.0
0.0022963999999999997,0.0
0.0022968,-0.0016
0.0022972,0.0
0.0022976,-0.0024000000000000002
0.0022979999999999997,-0.0016
0.0022984,0.0016
0.0022988,-0.0008
0.0022992,-0.0024000000000000002
0.0022995999999999997,0.0
0.0023,-0.004
0.0023003999999999998,-0.0008
0.0023008,0.0
0.0023011999999999998,-0.0024000000000000002
0.0023016,-0.0016
0.002302,-0.0016
0.0023024,-0.0016
0.0023028,0.0
0.0023032,-0.0016
0.0023036,-0.0016
0.0023039999999999996,-0.0016
0.0023044,-0.0016
0.0023048,-0.0048000000000000004
0.0023052,-0.0016
0.0023055999999999997,-0.0016
0.002306,-0.0008
0.0023064,-0.0008
0.0023068,-0.0032
0.0023071999999999997,-0.0024000000000000002
0.0023076,-0.0008
0.002308,-0.0024000000000000002
0.0023084,-0.0016
0.0023087999999999997,-0.0008
0.0023092,-0.0016
0.0023095999999999998,0.0008
0.00231,0.0008
0.0023103999999999998,-0.0008
0.0023108,0.0
0.0023112,-0.0008
0.0023116,-0.0032
0.002312,0.0
0.0023124,0.0
0.0023128,-0.0008
0.0023131999999999996,0.0024000000000000002
0.0023136,-0.0008
0.002314,-0.0032
0.0023144,0.0
0.0023147999999999997,-0.0024000000000000002
0.0023152,-0.004
0.0023156,0.0
0.002316,-0.0032
0.0023163999999999997,-0.0016
0.0023168,-0.0016
0.0023171999999999997,-0.0032
0.0023176,-0.0032
0.0023179999999999997,-0.0032
0.0023184,-0.0056
0.0023187999999999998,-0.0024000000000000002
0.0023192,-0.0008
0.0023196,-0.0024000000000000002
0.00232,0.0008
0.0023204,-0.0008
0.0023208,-0.0024000000000000002
0.0023212,0.0008
0.0023216,-0.0016
0.002322,0.0
0.0023223999999999996,0.0008
0.0023228,-0.0008
0.0023232,0.0
0.0023236,0.0
0.0023239999999999997,-0.0024000000000000002
0.0023244,0.0
0.0023248,0.0008
0.0023252,-0.0024000000000000002
0.0023255999999999997,0.0008
0.002326,-0.0016
0.0023263999999999997,-0.004
0.0023268,0.0016
0.0023271999999999998,-0.0008
0.0023276,-0.0032
0.0023279999999999998,-0.0016
0.0023284,-0.0032
0.0023288,-0.0008
0.0023292,0.0008
0.0023296,-0.0032
0.00233,0.0
0.0023304,-0.0016
0.0023308,-0.0032
0.0023312,-0.0008
0.0023315999999999996,-0.0016
0.002332,-0.0016
0.0023324,0.0
0.0023328,-0.0016
0.0023331999999999997,-0.0016
0.0023336,-0.0016
0.002334,-0.0032
0.0023344,-0.004
0.0023347999999999997,0.0008
0.0023352,-0.0032
0.0023355999999999997,-0.0024000000000000002
0.002336,0.0008
0.0023363999999999998,-0.0032
0.0023368,0.0008
0.0023371999999999998,-0.0016
0.0023376,-0.0048000000000000004
0.002338,-0.0008
0.0023384,-0.0016
0.0023388,-0.0016
0.0023392,0.0016
0.0023396,-0.0008
0.00234,-0.0008
0.0023404,0.0008
0.0023407999999999997,-0.0016
0.0023412,-0.0016
0.0023416,0.0016
0.002342,-0.0016
0.0023423999999999997,0.0008
0.0023428,0.0016
0.0023432,-0.0008
0.0023436,0.0024000000000000002
0.0023439999999999997,-0.0008
0.0023444,-0.0024000000000000002
0.0023447999999999997,0.0
0.0023452,-0.0032
0.0023455999999999998,0.0008
0.002346,0.0024000000000000002
0.0023464,-0.0016
0.0023468,0.0008
0.0023472,-0.0024000000000000002
0.0023476,-0.0024000000000000002
0.002348,0.0008
0.0023483999999999996,-0.0024000000000000002
0.0023488,-0.004
0.0023492,0.0
0.0023496,-0.0016
0.0023499999999999997,-0.0008
0.0023504,0.0
0.0023508,-0.0024000000000000002
0.0023512,-0.004
0.0023515999999999997,-0.0016
0.002352,-0.0032
0.0023524,-0.0016
0.0023528,0.0
0.0023531999999999997,-0.0032
0.0023536,0.0008
0.0023539999999999998,-0.0016
0.0023544,-0.0024000000000000002
0.0023547999999999998,-0.0016
0.0023552,-0.0024000000000000002
0.0023556,-0.0024000000000000002
0.002356,-0.0008
0.0023564,-0.0024000000000000002
0.0023568,0.0008
0.0023572,0.0008
0.0023575999999999996,-0.0016
0.002358,0.0
0.0023584,0.0
0.0023588,-0.0048000000000000004
0.0023591999999999997,0.0
0.0023596,0.0016
0.00236,-0.0008
0.0023604,0.0008
0.0023607999999999997,0.0008
0.0023612,-0.0008
0.0023615999999999997,0.0008
0.002362,-0.0032
0.0023623999999999997,-0.0016
0.0023628,0.0008
0.0023631999999999998,-0.004
0.0023636,0.0
0.0023639999999999998,0.0
0.0023644,-0.0024000000000000002
0.0023648,-0.0008
0.0023652,-0.0024000000000000002
0.0023656,-0.004
0.002366,-0.0016
0.0023664,-0.0024000000000000002
0.0023667999999999996,-0.0024000000000000002
0.0023672,0.0008
0.0023676,-0.0032
0.002368,-0.0032
0.0023683999999999997,-0.0008
0.0023688,-0.0032
0.0023692,-0.0016
0.0023696,0.0
0.0023699999999999997,-0.0008
0.0023704,-0.0008
0.0023707999999999997,0.0
0.0023712,-0.0032
0.0023715999999999997,0.0024000000000000002
0.002372,-0.0008
0.0023723999999999998,-0.0008
0.0023728,0.0008
0.0023732,-0.0008
0.0023736,0.0
0.002374,-0.0008
0.0023744,0.0
0.0023748,-0.0008
0.0023752,0.0
0.0023756,-0.0008
0.0023759999999999996,-0.0024000000000000002
0.0023764,0.0008
0.0023768,-0.0008
0.0023772,0.0008
0.0023775999999999997,0.0
0.002378,-0.0016
0.0023784,0.0
0.0023788,-0.0024000000000000002
0.0023791999999999997,-0.0016
0.0023796,0.0008
0.0023799999999999997,-0.004
0.0023804,-0.0008
0.0023807999999999998,-0.0008
0.0023812,-0.0016
0.0023815999999999998,-0.0016
0.002382,-0.0008
0.0023824,-0.0024000000000000002
0.0023828,-0.0024000000000000002
0.0023832,-0.0016
0.0023836,-0.0032
0.002384,0.0
0.0023844,0.0
0.0023848,-0.0024000000000000002
0.0023851999999999996,0.0008
0.0023856,-0.0024000000000000002
0.002386,-0.0008
0.0023864,0.0008
0.0023867999999999997,-0.0024000000000000002
0.0023872,-0.0016
0.0023876,0.0008
0.002388,0.0
0.0023883999999999997,0.0024000000000000002
0.0023888,0.0016
0.0023891999999999997,0.0
0.0023896,0.0008
0.0023899999999999998,-0.0024000000000000002
0.0023904,-0.0008
0.0023907999999999998,0.0
0.0023912,-0.0024000000000000002
0.0023916,0.0
0.002392,0.0008
0.0023924,0.0
0.0023927999999999996,0.0
0.0023932,0.0
0.0023936,-0.0024000000000000002
0.002394,0.0
0.0023943999999999997,-0.0024000000000000002
0.0023948,-0.0024000000000000002
0.0023952,0.0016
0.0023956,0.0
0.0023959999999999997,0.0008
0.0023964,-0.0008
0.0023968,-0.004
0.0023972,-0.0008
0.0023975999999999997,-0.0016
0.002398,-0.004
0.0023983999999999998,-0.0016
0.0023988,-0.0008
0.0023991999999999998,-0.0024000000000000002
0.0023996,0.0008
0.0024,-0.0008
0.0024004,-0.0024000000000000002
0.0024008,-0.0024000000000000002
0.0024012,-0.0032
0.0024016,-0.0032
0.0024019999999999996,-0.0016
0.0024024,-0.0008
0.0024028,0.0008
0.0024032,0.0
0.0024035999999999997,-0.0008
0.002404,0.0008
0.0024044,0.0
0.0024048,-0.0008
0.0024051999999999997,0.0024000000000000002
0.0024056,0.0008
0.002406,-0.0024000000000000002
0.0024064,0.0016
0.0024067999999999997,0.0008
0.0024072,0.0008
0.0024075999999999998,0.0008
0.002408,-0.0008
0.0024083999999999998,-0.0008
0.0024088,-0.0008
0.0024092,-0.0024000000000000002
0.0024096,0.0
0.00241,0.0
0.0024104,0.0
0.0024108,-0.0016
0.0024111999999999996,0.0
0.0024116,-0.0016
0.002412,-0.0008
0.0024124,-0.0016
0.0024127999999999997,-0.0032
0.0024132,0.0
0.0024136,-0.0016
0.002414,-0.0016
0.0024143999999999997,0.0
0.0024148,-0.0024000000000000002
0.0024151999999999997,-0.0008
0.0024156,-0.0016
0.0024159999999999997,-0.0024000000000000002
0.0024164,-0.0008
0.0024167999999999998,-0.0008
0.0024172,-0.0016
0.0024176,0.0
0.002418,-0.0008
0.0024184,-0.0016
0.0024188,-0.0008
0.0024192,0.0
0.0024196,-0.0024000000000000002
0.00242,0.0
0.0024203999999999996,-0.0016
0.0024208,-0.0008
0.0024212,0.0016
0.0024216,0.0
0.0024219999999999997,0.0
0.0024224,0.0
0.0024228,-0.0016
0.0024232,-0.0008
0.0024235999999999997,-0.0008
0.002424,-0.0024000000000000002
0.0024243999999999997,0.0008
0.0024248,0.0008
0.0024251999999999998,-0.0016
0.0024256,0.0016
0.0024259999999999998,0.0016
0.0024264,-0.0024000000000000002
0.0024268,-0.0016
0.0024272,-0.0024000000000000002
0.0024276,-0.0032
0.002428,-0.0008
0.0024284,0.0
0.0024288,0.0
0.0024292,0.0016
0.0024295999999999996,-0.0016
0.00243,-0.0016
0.0024304,-0.0024000000000000002
0.0024308,-0.0032
0.0024311999999999997,0.0008
0.0024316,0.0
0.002432,-0.0008
0.0024324,0.0016
0.0024327999999999997,0.0
0.0024332,-0.0008
0.0024335999999999997,0.0
0.002434,-0.004
0.0024343999999999998,-0.0008
0.0024348,-0.0008
0.0024351999999999998,-0.0016
0.0024356,0.0016
0.002436,0.0016
0.0024364,-0.0024000000000000002
0.0024368,0.0008
0.0024371999999999996,-0.0016
0.0024376,-0.004
0.002438,-0.0008
0.0024384,0.0
0.0024387999999999996,-0.0008
0.0024392,0.0024000000000000002
0.0024396,0.0
0.00244,0.0032
0.0024403999999999997,0.0016
0.0024408,-0.0016
0.0024412,0.0016
0.0024416,0.0
0.0024419999999999997,-0.0008
0.0024424,0.0008
0.0024428,0.0008
0.0024432,0.0
0.0024435999999999998,0.0024000000000000002
0.002444,0.0
0.0024444,-0.0032
0.0024447999999999996,0.0
0.0024452,-0.0032
0.0024456,-0.0024000000000000002
0.002446,-0.0008
0.0024463999999999996,-0.004
0.0024468,-0.0008
0.0024472,0.0008
0.0024476,-0.0032
0.0024479999999999997,0.0024000000000000002
0.0024484,-0.0016
0.0024488,-0.0024000000000000002
0.0024492,0.0
0.0024495999999999997,-0.0008
0.00245,0.0
0.0024504,0.0
0.0024508,-0.0016
0.0024511999999999997,0.0
0.0024516,0.0
0.002452,-0.0016
0.0024524,-0.0024000000000000002
0.0024527999999999998,0.0008
0.0024532,-0.004
0.0024536,-0.0008
0.0024539999999999996,0.0
0.0024544,-0.0016
0.0024548,0.0024000000000000002
0.0024552,0.0
0.0024555999999999996,-0.0016
0.002456,-0.0008
0.0024564,-0.0024000000000000002
0.0024568,-0.0008
0.0024571999999999997,0.0008
0.0024576,-0.0024000000000000002
0.002458,-0.0008
0.0024584,0.0016
0.0024587999999999997,-0.0016
0.0024592,0.0016
0.0024596,0.0016
