t,V1
-0.000129,0.0016
-0.0001289,0.002
-0.0001288,0.0004
-0.00012869999999999998,0.0016
-0.00012859999999999998,0.0
-0.00012849999999999998,0.0036000000000000003
-0.0001284,0.0016
-0.0001283,0.0036000000000000003
-0.0001282,0.0004
-0.0001281,0.0028
-0.000128,0.002
-0.0001279,0.0032
-0.0001278,0.0028
-0.0001277,0.0008
-0.00012759999999999998,0.0028
-0.00012749999999999998,0.0028
-0.00012739999999999998,0.0024000000000000002
-0.0001273,0.0024000000000000002
-0.0001272,0.0016
-0.0001271,0.004
-0.000127,0.0032
-0.0001269,0.0036000000000000003
-0.0001268,0.0024000000000000002
-0.0001267,0.002
-0.0001266,0.0048000000000000004
-0.00012649999999999998,0.0032
-0.00012639999999999998,0.0032
-0.00012629999999999998,0.0012000000000000001
-0.0001262,0.0032
-0.0001261,0.0028
-0.000126,0.0032
-0.0001259,0.0012000000000000001
-0.0001258,0.0024000000000000002
-0.0001257,0.0008
-0.0001256,0.0036000000000000003
-0.0001255,0.0004
-0.00012539999999999999,0.0036000000000000003
-0.00012529999999999998,0.0004
-0.00012519999999999998,0.0032
-0.0001251,0.0004
-0.000125,0.004
-0.0001249,0.0012000000000000001
-0.0001248,0.0032
-0.0001247,0.0024000000000000002
-0.0001246,0.004
-0.0001245,0.0008
-0.0001244,0.0024000000000000002
-0.00012429999999999999,0.0008
-0.00012419999999999998,0.0048000000000000004
-0.00012409999999999998,0.0024000000000000002
-0.00012399999999999998,0.0036000000000000003
-0.0001239,0.002
-0.0001238,0.0036000000000000003
-0.0001237,0.0032
-0.0001236,0.0032
-0.0001235,0.0028
-0.0001234,0.004
-0.0001233,0.0028
-0.00012319999999999999,0.004
-0.00012309999999999998,0.0024000000000000002
-0.00012299999999999998,0.004
-0.00012289999999999998,0.0024000000000000002
-0.0001228,0.0028
-0.0001227,0.0032
-0.0001226,0.0016
-0.0001225,0.0024000000000000002
-0.0001224,0.0028
-0.0001223,0.002
-0.0001222,0.0012000000000000001
-0.00012209999999999999,0.0004
-0.000122,0.0016
-0.0001219,0.0024000000000000002
-0.00012179999999999999,0.0012000000000000001
-0.00012169999999999999,0.0016
-0.00012159999999999999,0.0004
-0.0001215,0.0032
-0.0001214,0.0012000000000000001
-0.0001213,0.002
-0.00012119999999999999,0.0008
-0.00012109999999999999,0.002
-0.00012099999999999999,0.0028
-0.00012089999999999998,0.0024000000000000002
-0.0001208,0.0008
-0.00012069999999999999,0.0032
-0.00012059999999999999,0.0016
-0.00012049999999999999,0.0048000000000000004
-0.0001204,0.0016
-0.0001203,0.005200000000000001
-0.0001202,0.0004
-0.00012009999999999999,0.0056
-0.00011999999999999999,0.0024000000000000002
-0.00011989999999999999,0.0036000000000000003
-0.00011979999999999998,0.0016
-0.0001197,0.0028
-0.0001196,0.002
-0.00011949999999999999,0.0036000000000000003
-0.00011939999999999999,0.0008
-0.00011929999999999999,0.0028
-0.0001192,0.0008
-0.0001191,0.0048000000000000004
-0.00011899999999999999,0.0
-0.00011889999999999999,0.0028
-0.00011879999999999999,-0.0008
-0.00011869999999999998,0.0016
-0.0001186,0.002
-0.0001185,0.0016
-0.00011839999999999999,0.0012000000000000001
-0.00011829999999999999,0.0028
-0.00011819999999999999,0.002
-0.0001181,0.002
-0.000118,0.0012000000000000001
-0.00011789999999999999,0.0024000000000000002
-0.00011779999999999999,0.0016
-0.00011769999999999999,0.0028
-0.00011759999999999999,0.0016
-0.0001175,0.0012000000000000001
-0.0001174,0.002
-0.00011729999999999999,0.002
-0.00011719999999999999,0.0036000000000000003
-0.00011709999999999999,0.0024000000000000002
-0.000117,0.0016
-0.0001169,0.002
-0.00011679999999999999,0.0036000000000000003
-0.00011669999999999999,0.0028
-0.00011659999999999999,0.0028
-0.00011649999999999999,0.0004
-0.0001164,0.0032
-0.0001163,0.002
-0.00011619999999999999,0.0032
-0.00011609999999999999,0.0
-0.00011599999999999999,0.0036000000000000003
-0.0001159,0.0012000000000000001
-0.0001158,0.0032
-0.0001157,0.0008
-0.00011559999999999999,0.002
-0.00011549999999999999,0.0004
-0.00011539999999999999,0.002
-0.0001153,0.0
-0.0001152,0.0032
-0.00011509999999999999,0.0
-0.00011499999999999999,0.0024000000000000002
-0.00011489999999999999,0.0016
-0.0001148,0.0032
-0.0001147,0.0012000000000000001
-0.0001146,0.0036000000000000003
-0.00011449999999999999,0.0012000000000000001
-0.00011439999999999999,0.0044
-0.00011429999999999999,0.0004
-0.0001142,0.0032
-0.0001141,0.002
-0.00011399999999999999,0.0044
-0.00011389999999999999,0.0036000000000000003
-0.00011379999999999999,0.0036000000000000003
-0.0001137,0.0032
-0.0001136,0.0044
-0.0001135,0.0028
-0.00011339999999999999,0.0044
-0.00011329999999999999,0.0012000000000000001
-0.00011319999999999999,0.0036000000000000003
-0.00011309999999999998,0.002
-0.000113,0.002
-0.00011289999999999999,0.0008
-0.00011279999999999999,0.0012000000000000001
-0.00011269999999999999,0.0028
-0.0001126,0.0012000000000000001
-0.0001125,0.0024000000000000002
-0.0001124,0.0004
-0.00011229999999999999,-0.0024000000000000002
-0.00011219999999999999,-0.0048000000000000004
-0.00011209999999999999,-0.0032
-0.00011199999999999998,-0.0012000000000000001
-0.0001119,-0.002
-0.0001118,0.0004
-0.00011169999999999999,0.0016
-0.00011159999999999999,-0.0004
-0.0001115,0.0016
-0.0001114,0.0008
-0.0001113,0.004
-0.00011119999999999999,0.002
-0.00011109999999999999,0.0024000000000000002
-0.00011099999999999999,0.0012000000000000001
-0.00011089999999999999,0.002
-0.0001108,0.002
-0.0001107,0.0032
-0.00011059999999999999,0.0012000000000000001
-0.00011049999999999999,0.0036000000000000003
-0.0001104,0.0032
-0.0001103,0.004
-0.0001102,0.002
-0.00011009999999999999,0.0028
-0.00010999999999999999,0.0028
-0.00010989999999999999,0.0044
-0.00010979999999999999,0.002
-0.0001097,0.0024000000000000002
-0.0001096,0.0
-0.00010949999999999999,0.0028
-0.00010939999999999999,0.0004
-0.0001093,0.0024000000000000002
-0.0001092,0.0012000000000000001
-0.0001091,0.0008
-0.00010899999999999999,0.0024000000000000002
-0.00010889999999999999,0.002
-0.00010879999999999999,0.0012000000000000001
-0.00010869999999999999,0.0008
-0.0001086,0.0012000000000000001
-0.0001085,0.0024000000000000002
-0.00010839999999999999,0.0012000000000000001
-0.00010829999999999999,0.002
-0.0001082,0.0004
-0.0001081,0.0016
-0.000108,0.002
-0.0001079,0.0012000000000000001
-0.00010779999999999999,0.0024000000000000002
-0.00010769999999999999,0.0004
-0.00010759999999999999,0.0028
-0.0001075,0.002
-0.0001074,0.0032
-0.00010729999999999999,0.0024000000000000002
-0.00010719999999999999,0.0028
-0.00010709999999999999,0.0028
-0.000107,0.0028
-0.0001069,0.0024000000000000002
-0.0001068,0.0032
-0.00010669999999999999,0.0016
-0.00010659999999999999,0.004
-0.00010649999999999999,0.0012000000000000001
-0.00010639999999999998,0.0032
-0.0001063,0.0016
-0.00010619999999999999,0.002
-0.00010609999999999999,0.0012000000000000001
-0.00010599999999999999,0.002
-0.0001059,0.0004
-0.0001058,0.002
-0.0001057,0.0016
-0.00010559999999999999,0.0028
-0.00010549999999999999,0.0012000000000000001
-0.00010539999999999999,0.0016
-0.00010529999999999998,0.0008
-0.0001052,0.0028
-0.0001051,0.002
-0.00010499999999999999,0.0016
-0.00010489999999999999,0.0016
-0.0001048,0.002
-0.0001047,0.0028
-0.0001046,0.0028
-0.00010449999999999999,0.002
-0.00010439999999999999,0.0024000000000000002
-0.00010429999999999999,0.0032
-0.00010419999999999998,0.0024000000000000002
-0.0001041,0.0028
-0.000104,0.0028
-0.00010389999999999999,0.0028
-0.00010379999999999999,0.002
-0.0001037,0.0024000000000000002
-0.0001036,0.0032
-0.0001035,0.002
-0.00010339999999999999,0.0036000000000000003
-0.00010329999999999999,0.0028
-0.00010319999999999999,0.002
-0.00010309999999999999,0.0036000000000000003
-0.000103,0.0016
-0.0001029,0.004
-0.00010279999999999999,0.0016
-0.00010269999999999999,0.0016
-0.0001026,0.0012000000000000001
-0.0001025,0.0028
-0.0001024,0.0024000000000000002
-0.00010229999999999999,0.0016
-0.00010219999999999999,0.0008
-0.00010209999999999999,0.0024000000000000002
-0.00010199999999999999,0.0016
-0.0001019,0.0032
-0.0001018,0.0016
-0.00010169999999999999,0.0032
-0.00010159999999999999,0.0012000000000000001
-0.0001015,0.0028
-0.0001014,0.002
-0.0001013,0.0028
-0.0001012,0.002
-0.00010109999999999999,0.0028
-0.00010099999999999999,0.002
-0.00010089999999999999,0.0036000000000000003
-0.0001008,0.0012000000000000001
-0.0001007,0.004
-0.00010059999999999999,0.0028
-0.00010049999999999999,0.0036000000000000003
-0.0001004,0.0024000000000000002
-0.0001003,0.0028
-0.0001002,0.0036000000000000003
-0.0001001,0.0032
-9.999999999999999e-05,0.004
-9.989999999999999e-05,0.0024000000000000002
-9.979999999999999e-05,0.0024000000000000002
-9.97e-05,0.0028
-9.96e-05,0.002
-9.949999999999999e-05,0.002
-9.939999999999999e-05,0.0016
-9.929999999999999e-05,0.0012000000000000001
-9.92e-05,0.0028
-9.91e-05,0.0016
-9.9e-05,0.0016
-9.889999999999999e-05,0.0008
-9.879999999999999e-05,0.0024000000000000002
-9.869999999999999e-05,0.0028
-9.859999999999998e-05,0.002
-9.85e-05,0.0012000000000000001
-9.839999999999999e-05,0.0028
-9.829999999999999e-05,0.0008
-9.82e-05,0.0032
-9.81e-05,0.0008
-9.8e-05,0.0016
-9.79e-05,0.0004
-9.779999999999999e-05,0.0024000000000000002
-9.769999999999999e-05,0.0024000000000000002
-9.759999999999999e-05,0.0024000000000000002
-9.749999999999998e-05,0.0012000000000000001
-9.74e-05,0.0028
-9.73e-05,0.0024000000000000002
-9.719999999999999e-05,0.0036000000000000003
-9.71e-05,0.0008
-9.7e-05,0.0028
-9.69e-05,0.0008
-9.68e-05,0.0036000000000000003
-9.669999999999999e-05,0.0016
-9.659999999999999e-05,0.002
-9.649999999999999e-05,0.0016
-9.639999999999999e-05,0.0024000000000000002
-9.63e-05,0.0016
-9.62e-05,0.0028
-9.609999999999999e-05,0.0008
-9.6e-05,0.0028
-9.59e-05,0.0008
-9.58e-05,0.0028
-9.57e-05,0.0
-9.559999999999999e-05,0.0012000000000000001
-9.549999999999999e-05,0.0008
-9.539999999999999e-05,0.002
-9.529999999999999e-05,0.002
-9.519999999999998e-05,0.0004
-9.51e-05,0.0008
-9.499999999999999e-05,0.002
-9.49e-05,0.0012000000000000001
-9.48e-05,0.0024000000000000002
-9.47e-05,0.0004
-9.46e-05,0.0024000000000000002
-9.449999999999999e-05,0.0008
-9.439999999999999e-05,0.0028
-9.429999999999999e-05,0.0028
-9.419999999999999e-05,0.0016
-9.409999999999998e-05,0.0032
-9.4e-05,0.0032
-9.389999999999999e-05,0.0044
-9.379999999999999e-05,0.0028
-9.37e-05,0.002
-9.36e-05,0.0028
-9.35e-05,0.004
-9.34e-05,0.0024000000000000002
-9.329999999999999e-05,0.0032
-9.319999999999999e-05,0.0012000000000000001
-9.309999999999999e-05,0.0032
-9.299999999999998e-05,0.002
-9.29e-05,0.0024000000000000002
-9.279999999999999e-05,0.0004
-9.269999999999999e-05,0.0024000000000000002
-9.26e-05,0.0016
-9.25e-05,0.0036000000000000003
-9.24e-05,0.0008
-9.23e-05,0.002
-9.219999999999999e-05,0.0
-9.209999999999999e-05,0.0036000000000000003
-9.199999999999999e-05,0.0016
-9.189999999999998e-05,0.0032
-9.18e-05,0.0
-9.169999999999999e-05,0.0024000000000000002
-9.159999999999999e-05,0.0012000000000000001
-9.15e-05,0.0036000000000000003
-9.14e-05,0.0008
-9.13e-05,0.0016
-9.12e-05,0.0004
-9.109999999999999e-05,0.0044
-9.099999999999999e-05,0.0016
-9.089999999999999e-05,0.0036000000000000003
-9.079999999999998e-05,0.0008
-9.07e-05,0.0036000000000000003
-9.059999999999999e-05,0.004
-9.049999999999999e-05,0.0036000000000000003
-9.04e-05,0.0032
-9.03e-05,0.0028
-9.02e-05,0.0024000000000000002
-9.01e-05,0.0044
-8.999999999999999e-05,0.0028
-8.989999999999999e-05,0.0024000000000000002
-8.979999999999999e-05,0.0024000000000000002
-8.969999999999998e-05,0.0036000000000000003
-8.96e-05,0.0036000000000000003
-8.95e-05,0.002
-8.939999999999999e-05,0.0024000000000000002
-8.93e-05,0.0012000000000000001
-8.92e-05,0.0032
-8.91e-05,0.002
-8.9e-05,0.0008
-8.889999999999999e-05,0.0012000000000000001
-8.879999999999999e-05,0.002
-8.869999999999999e-05,0.0032
-8.859999999999999e-05,0.0032
-8.85e-05,0.0008
-8.84e-05,0.0016
-8.829999999999999e-05,0.0008
-8.82e-05,0.0032
-8.81e-05,0.0004
-8.8e-05,0.0012000000000000001
-8.79e-05,-0.0004
-8.779999999999999e-05,0.002
-8.769999999999999e-05,0.002
-8.759999999999999e-05,0.0032
-8.749999999999999e-05,0.0012000000000000001
-8.74e-05,0.0028
-8.73e-05,0.0024000000000000002
-8.719999999999999e-05,0.0048000000000000004
-8.71e-05,0.0004
-8.7e-05,0.0024000000000000002
-8.69e-05,-0.0008
-8.68e-05,0.004
-8.669999999999999e-05,0.0024000000000000002
-8.659999999999999e-05,0.004
-8.649999999999999e-05,0.0016
-8.639999999999999e-05,0.0036000000000000003
-8.629999999999998e-05,0.0016
-8.62e-05,0.004
-8.609999999999999e-05,0.0008
-8.6e-05,0.0032
-8.59e-05,0.0012000000000000001
-8.58e-05,0.0032
-8.57e-05,0.0008
-8.56e-05,0.0024000000000000002
-8.549999999999999e-05,0.0004
-8.539999999999999e-05,0.0028
-8.529999999999999e-05,0.0016
-8.519999999999998e-05,0.002
-8.51e-05,0.0004
-8.499999999999999e-05,0.002
-8.489999999999999e-05,0.002
-8.48e-05,0.0024000000000000002
-8.47e-05,0.0016
-8.46e-05,0.0012000000000000001
-8.45e-05,0.0016
-8.439999999999999e-05,0.0024000000000000002
-8.429999999999999e-05,0.0032
-8.419999999999999e-05,0.002
-8.409999999999998e-05,0.0012000000000000001
-8.4e-05,0.0032
-8.389999999999999e-05,0.0044
-8.379999999999999e-05,0.0036000000000000003
-8.37e-05,0.0028
-8.36e-05,0.0016
-8.35e-05,0.0044
-8.34e-05,0.0012000000000000001
-8.329999999999999e-05,0.0036000000000000003
-8.319999999999999e-05,0.0016
-8.309999999999999e-05,0.0032
-8.299999999999998e-05,0.002
-8.29e-05,0.004
-8.28e-05,0.0028
-8.269999999999999e-05,0.0032
-8.26e-05,0.002
-8.25e-05,0.0032
-8.24e-05,0.0024000000000000002
-8.23e-05,0.0048000000000000004
-8.219999999999999e-05,-0.0016
-8.209999999999999e-05,0.0028
-8.199999999999999e-05,0.0008
-8.189999999999998e-05,0.004
-8.18e-05,0.0008
-8.17e-05,0.0024000000000000002
-8.159999999999999e-05,0.002
-8.15e-05,0.0032
-8.14e-05,0.0008
-8.13e-05,0.0024000000000000002
-8.12e-05,-0.0012000000000000001
-8.109999999999999e-05,0.0028
-8.099999999999999e-05,0.0004
-8.089999999999999e-05,0.0032
-8.079999999999999e-05,0.0012000000000000001
-8.07e-05,0.0028
-8.06e-05,0.0016
-8.049999999999999e-05,0.0036000000000000003
-8.04e-05,0.0024000000000000002
-8.03e-05,0.0028
-8.02e-05,0.0016
-8.01e-05,0.004
-7.999999999999999e-05,0.0016
-7.989999999999999e-05,0.0032
-7.979999999999999e-05,-0.0004
-7.969999999999999e-05,0.002
-7.96e-05,0.0028
-7.95e-05,0.0032
-7.939999999999999e-05,0.0028
-7.93e-05,0.0016
-7.92e-05,0.002
-7.91e-05,0.0024000000000000002
-7.9e-05,0.0032
-7.89e-05,0.0024000000000000002
-7.879999999999999e-05,0.002
-7.869999999999999e-05,0.0
-7.859999999999999e-05,0.0028
-7.849999999999998e-05,0.0012000000000000001
-7.84e-05,0.0028
-7.829999999999999e-05,0.0004
-7.82e-05,0.0024000000000000002
-7.81e-05,0.002
-7.8e-05,0.0028
-7.79e-05,0.0
-7.78e-05,0.0016
-7.769999999999999e-05,-0.0008
-7.759999999999999e-05,0.004
-7.749999999999999e-05,0.0
-7.739999999999998e-05,0.0032
-7.73e-05,-0.0012000000000000001
-7.719999999999999e-05,0.0032
-7.71e-05,0.0012000000000000001
-7.7e-05,0.0036000000000000003
-7.69e-05,0.0008
-7.68e-05,0.0024000000000000002
-7.67e-05,0.002
-7.659999999999999e-05,0.004
-7.649999999999999e-05,0.0016
-7.639999999999999e-05,0.0028
-7.629999999999998e-05,0.0
-7.62e-05,0.005200000000000001
-7.609999999999999e-05,0.002
-7.599999999999999e-05,0.004
-7.59e-05,0.0012000000000000001
-7.58e-05,0.002
-7.57e-05,0.002
-7.56e-05,0.0028
-7.549999999999999e-05,0.0024000000000000002
-7.539999999999999e-05,0.0024000000000000002
-7.529999999999999e-05,0.0024000000000000002
-7.519999999999998e-05,0.0032
-7.51e-05,0.002
-7.5e-05,0.0028
-7.489999999999999e-05,0.002
-7.48e-05,0.0028
-7.47e-05,0.0024000000000000002
-7.46e-05,0.0024000000000000002
-7.45e-05,0.0028
-7.439999999999999e-05,0.0
-7.429999999999999e-05,0.0028
-7.419999999999999e-05,0.0008
-7.409999999999999e-05,0.002
-7.4e-05,0.0008
-7.39e-05,0.002
-7.379999999999999e-05,0.0024000000000000002
-7.37e-05,0.0044
-7.36e-05,0.002
-7.35e-05,0.0036000000000000003
-7.34e-05,0.0012000000000000001
-7.329999999999999e-05,0.0048000000000000004
-7.319999999999999e-05,0.0016
-7.309999999999999e-05,0.004
-7.299999999999999e-05,0.0008
-7.29e-05,0.0032
-7.28e-05,0.002
-7.269999999999999e-05,0.0056
-7.26e-05,0.002
-7.25e-05,0.0032
-7.24e-05,0.0016
-7.23e-05,0.005200000000000001
-7.219999999999999e-05,0.002
-7.209999999999999e-05,0.0036000000000000003
-7.199999999999999e-05,0.0008
-7.189999999999999e-05,0.0036000000000000003
-7.18e-05,0.002
-7.17e-05,0.0032
-7.159999999999999e-05,0.0008
-7.15e-05,0.002
-7.14e-05,0.0012000000000000001
-7.13e-05,0.0024000000000000002
-7.12e-05,0.0016
-7.11e-05,0.0024000000000000002
-7.099999999999999e-05,-0.0004
-7.089999999999999e-05,0.0016
-7.079999999999999e-05,0.002
-7.07e-05,0.002
-7.06e-05,0.002
-7.049999999999999e-05,0.0008
-7.04e-05,0.0024000000000000002
-7.03e-05,0.002
-7.02e-05,0.0024000000000000002
-7.01e-05,0.0016
-7e-05,0.0028
-6.989999999999999e-05,0.0024000000000000002
-6.979999999999999e-05,0.004
-6.969999999999999e-05,0.0024000000000000002
-6.959999999999998e-05,0.0028
-6.95e-05,0.0008
-6.939999999999999e-05,0.004
-6.93e-05,0.0016
-6.92e-05,0.0044
-6.91e-05,0.0008
-6.9e-05,0.004
-6.89e-05,0.0032
-6.879999999999999e-05,0.004
-6.869999999999999e-05,0.0012000000000000001
-6.859999999999999e-05,0.0024000000000000002
-6.849999999999998e-05,0.0008
-6.84e-05,0.0044
-6.829999999999999e-05,0.0008
-6.819999999999999e-05,0.0032
-6.81e-05,-0.0004
-6.8e-05,0.002
-6.79e-05,0.0012000000000000001
-6.78e-05,0.0044
-6.769999999999999e-05,0.0016
-6.759999999999999e-05,0.0016
-6.75e-05,0.0008
-6.74e-05,0.0032
-6.73e-05,0.002
-6.72e-05,0.0036000000000000003
-6.709999999999999e-05,-0.0008
-6.699999999999999e-05,0.0036000000000000003
-6.69e-05,0.002
-6.68e-05,0.0028
-6.67e-05,0.0016
-6.659999999999999e-05,0.0008
-6.649999999999999e-05,0.0028
-6.639999999999999e-05,0.0024000000000000002
-6.63e-05,0.0032
-6.62e-05,0.0028
-6.61e-05,0.0024000000000000002
-6.599999999999999e-05,0.0036000000000000003
-6.589999999999999e-05,0.004
-6.58e-05,0.0032
-6.57e-05,0.0028
-6.56e-05,0.0024000000000000002
-6.549999999999999e-05,0.0048000000000000004
-6.539999999999999e-05,0.0028
-6.529999999999999e-05,0.0036000000000000003
-6.52e-05,0.0008
-6.51e-05,0.0036000000000000003
-6.5e-05,0.0012000000000000001
-6.489999999999999e-05,0.0032
-6.479999999999999e-05,0.0012000000000000001
-6.47e-05,0.0016
-6.46e-05,0.0012000000000000001
-6.45e-05,0.0044
-6.44e-05,0.0012000000000000001
-6.429999999999999e-05,0.004
-6.419999999999999e-05,0.0004
-6.41e-05,0.004
-6.4e-05,0.0004
-6.39e-05,0.0028
-6.379999999999999e-05,0.0008
-6.369999999999999e-05,0.0036000000000000003
-6.36e-05,0.0008
-6.35e-05,0.004
-6.34e-05,0.0004
-6.33e-05,0.0036000000000000003
-6.319999999999999e-05,0.0008
-6.309999999999999e-05,0.004
-6.3e-05,0.0028
-6.29e-05,0.0032
-6.28e-05,0.0012000000000000001
-6.269999999999999e-05,0.0032
-6.259999999999999e-05,0.0032
-6.249999999999999e-05,0.0032
-6.24e-05,0.0016
-6.23e-05,0.0024000000000000002
-6.22e-05,0.0016
-6.209999999999999e-05,0.002
-6.199999999999999e-05,0.0028
-6.19e-05,0.0028
-6.18e-05,0.0024000000000000002
-6.17e-05,0.0012000000000000001
-6.159999999999999e-05,0.0024000000000000002
-6.149999999999999e-05,0.0012000000000000001
-6.139999999999999e-05,0.0016
-6.13e-05,-0.0004
-6.12e-05,0.0016
-6.11e-05,0.002
-6.099999999999999e-05,0.0024000000000000002
-6.089999999999999e-05,0.0016
-6.08e-05,0.002
-6.07e-05,0.0012000000000000001
-6.0599999999999996e-05,0.0036000000000000003
-6.049999999999999e-05,0.0008
-6.039999999999999e-05,0.0028
-6.029999999999999e-05,-0.0008
-6.02e-05,0.0036000000000000003
-6.01e-05,0.0008
-5.9999999999999995e-05,0.0036000000000000003
-5.989999999999999e-05,0.0004
-5.979999999999999e-05,0.0028
-5.97e-05,0.0016
-5.96e-05,0.0032
-5.9499999999999996e-05,0.0012000000000000001
-5.9399999999999994e-05,0.0028
-5.929999999999999e-05,-0.0008
-5.919999999999999e-05,0.0056
-5.91e-05,0.0012000000000000001
-5.9e-05,0.0044
-5.8899999999999995e-05,-0.0004
-5.879999999999999e-05,0.0032
-5.869999999999999e-05,0.0016
-5.859999999999999e-05,0.0032
-5.85e-05,0.002
-5.8399999999999997e-05,0.0016
-5.8299999999999994e-05,0.0008
-5.819999999999999e-05,0.002
-5.809999999999999e-05,0.0008
-5.8e-05,0.002
-5.79e-05,0.0
-5.7799999999999995e-05,0.002
-5.769999999999999e-05,0.0016
-5.759999999999999e-05,0.002
-5.749999999999999e-05,0.0012000000000000001
-5.74e-05,0.0012000000000000001
-5.73e-05,0.0028
-5.7199999999999994e-05,0.0024000000000000002
-5.709999999999999e-05,0.0032
-5.699999999999999e-05,0.0004
-5.69e-05,0.0024000000000000002
-5.68e-05,0.0016
-5.6699999999999996e-05,0.0024000000000000002
-5.6599999999999993e-05,0.0016
-5.649999999999999e-05,0.0032
-5.639999999999999e-05,0.0012000000000000001
-5.63e-05,0.0044
-5.62e-05,0.002
-5.6099999999999995e-05,0.004
-5.599999999999999e-05,0.0
-5.589999999999999e-05,0.0032
-5.58e-05,0.002
-5.57e-05,0.0044
-5.5599999999999996e-05,0.0008
-5.5499999999999994e-05,0.0024000000000000002
-5.539999999999999e-05,0.0
-5.529999999999999e-05,0.0048000000000000004
-5.52e-05,0.002
-5.51e-05,0.0028
-5.4999999999999995e-05,0.0004
-5.489999999999999e-05,0.0024000000000000002
-5.479999999999999e-05,0.002
-5.47e-05,0.004
-5.46e-05,0.0008
-5.4499999999999997e-05,0.0008
-5.4399999999999994e-05,0.0004
-5.429999999999999e-05,0.0036000000000000003
-5.419999999999999e-05,0.0012000000000000001
-5.41e-05,0.002
-5.4e-05,0.0
-5.3899999999999996e-05,0.0032
-5.379999999999999e-05,0.0024000000000000002
-5.369999999999999e-05,0.0024000000000000002
-5.359999999999999e-05,0.002
-5.35e-05,0.0012000000000000001
-5.34e-05,0.0028
-5.3299999999999995e-05,0.0028
-5.319999999999999e-05,0.0028
-5.309999999999999e-05,0.0024000000000000002
-5.3e-05,0.0024000000000000002
-5.29e-05,0.0028
-5.2799999999999996e-05,0.0036000000000000003
-5.2699999999999993e-05,0.0032
-5.259999999999999e-05,0.0036000000000000003
-5.249999999999999e-05,0.0024000000000000002
-5.24e-05,0.0048000000000000004
-5.23e-05,0.002
-5.2199999999999995e-05,0.0032
-5.209999999999999e-05,0.0004
-5.199999999999999e-05,0.0036000000000000003
-5.19e-05,0.0032
-5.18e-05,0.0032
-5.1699999999999996e-05,0.0016
-5.1599999999999994e-05,0.0016
-5.149999999999999e-05,0.0008
-5.139999999999999e-05,0.0028
-5.13e-05,0.0012000000000000001
-5.12e-05,0.0028
-5.1099999999999995e-05,-0.0008
-5.099999999999999e-05,0.0036000000000000003
-5.089999999999999e-05,0.0004
-5.08e-05,0.0028
-5.07e-05,0.0016
-5.06e-05,0.0024000000000000002
-5.0499999999999994e-05,0.0028
-5.039999999999999e-05,0.0036000000000000003
-5.029999999999999e-05,0.0008
-5.02e-05,0.0024000000000000002
-5.01e-05,0.0016
-4.9999999999999996e-05,0.0032
-4.989999999999999e-05,0.002
-4.979999999999999e-05,0.0028
-4.969999999999999e-05,0.0012000000000000001
-4.96e-05,0.0036000000000000003
-4.95e-05,0.0036000000000000003
-4.9399999999999995e-05,0.0032
-4.929999999999999e-05,0.0024000000000000002
-4.919999999999999e-05,0.0036000000000000003
-4.91e-05,0.0036000000000000003
-4.9e-05,0.0036000000000000003
-4.8899999999999996e-05,0.0012000000000000001
-4.8799999999999994e-05,0.002
-4.869999999999999e-05,0.002
-4.859999999999999e-05,0.0032
-4.85e-05,0.0028
-4.84e-05,0.0012000000000000001
-4.8299999999999995e-05,0.0016
-4.819999999999999e-05,0.0016
-4.809999999999999e-05,0.0024000000000000002
-4.8e-05,0.0028
-4.79e-05,0.0012000000000000001
-4.7799999999999996e-05,0.0008
-4.7699999999999994e-05,0.0012000000000000001
-4.759999999999999e-05,0.002
-4.749999999999999e-05,0.0016
-4.74e-05,0.0004
-4.73e-05,0.0012000000000000001
-4.7199999999999995e-05,0.0008
-4.709999999999999e-05,0.0036000000000000003
-4.699999999999999e-05,0.0016
-4.69e-05,0.0016
-4.68e-05,0.0008
-4.67e-05,0.0024000000000000002
-4.6599999999999994e-05,0.0032
-4.649999999999999e-05,0.0016
-4.639999999999999e-05,0.0016
-4.63e-05,0.0032
-4.62e-05,0.002
-4.6099999999999996e-05,0.004
-4.599999999999999e-05,0.0012000000000000001
-4.589999999999999e-05,0.0036000000000000003
-4.58e-05,0.0024000000000000002
-4.57e-05,0.004
-4.56e-05,0.0036000000000000003
-4.5499999999999995e-05,0.0024000000000000002
-4.539999999999999e-05,0.0032
-4.529999999999999e-05,0.0024000000000000002
-4.52e-05,0.0024000000000000002
-4.51e-05,0.0028
-4.4999999999999996e-05,0.0012000000000000001
-4.4899999999999994e-05,0.0028
-4.479999999999999e-05,0.0008
-4.469999999999999e-05,0.0036000000000000003
-4.46e-05,0.0004
-4.45e-05,0.0008
-4.4399999999999995e-05,0.0008
-4.429999999999999e-05,0.0036000000000000003
-4.419999999999999e-05,0.0008
-4.41e-05,0.0
-4.4e-05,0.0008
-4.3899999999999996e-05,0.0036000000000000003
-4.3799999999999994e-05,0.002
-4.369999999999999e-05,0.0032
-4.359999999999999e-05,0.0008
-4.35e-05,0.0028
-4.34e-05,0.0008
-4.3299999999999995e-05,0.0044
-4.319999999999999e-05,0.002
-4.309999999999999e-05,0.0024000000000000002
-4.3e-05,0.002
-4.29e-05,0.0028
-4.28e-05,0.002
-4.2699999999999994e-05,0.0036000000000000003
-4.259999999999999e-05,0.0024000000000000002
-4.249999999999999e-05,0.004
-4.24e-05,0.0044
-4.23e-05,0.0036000000000000003
-4.2199999999999996e-05,0.0012000000000000001
-4.209999999999999e-05,0.002
-4.199999999999999e-05,0.0032
-4.19e-05,0.0024000000000000002
-4.18e-05,0.0024000000000000002
-4.17e-05,0.002
-4.1599999999999995e-05,0.002
-4.149999999999999e-05,0.0028
-4.139999999999999e-05,0.002
-4.13e-05,0.0016
-4.12e-05,0.0024000000000000002
-4.1099999999999996e-05,0.0016
-4.0999999999999994e-05,0.0036000000000000003
-4.089999999999999e-05,0.0024000000000000002
-4.079999999999999e-05,0.0024000000000000002
-4.07e-05,-0.0004
-4.06e-05,0.0028
-4.0499999999999995e-05,0.0012000000000000001
-4.039999999999999e-05,0.0024000000000000002
-4.029999999999999e-05,0.0004
-4.02e-05,0.002
-4.01e-05,0.0008
-3.9999999999999996e-05,0.004
-3.9899999999999994e-05,0.0016
-3.979999999999999e-05,0.0044
-3.969999999999999e-05,0.0008
-3.96e-05,0.0044
-3.95e-05,0.0012000000000000001
-3.9399999999999995e-05,0.0036000000000000003
-3.929999999999999e-05,0.0016
-3.919999999999999e-05,0.0024000000000000002
-3.91e-05,0.0028
-3.9e-05,0.0028
-3.89e-05,0.0004
-3.8799999999999994e-05,0.0028
-3.869999999999999e-05,0.0024000000000000002
-3.859999999999999e-05,0.0036000000000000003
-3.85e-05,-0.0004
-3.84e-05,0.002
-3.8299999999999996e-05,-0.0004
-3.8199999999999993e-05,0.0024000000000000002
-3.809999999999999e-05,0.002
-3.8e-05,0.0012000000000000001
-3.79e-05,0.0012000000000000001
-3.78e-05,0.0012000000000000001
-3.7699999999999995e-05,0.0016
-3.759999999999999e-05,0.0024000000000000002
-3.749999999999999e-05,0.0012000000000000001
-3.74e-05,0.0008
-3.73e-05,0.0012000000000000001
-3.7199999999999996e-05,0.0016
-3.7099999999999994e-05,0.0008
-3.699999999999999e-05,0.0
-3.689999999999999e-05,0.002
-3.68e-05,0.0004
-3.67e-05,0.0028
-3.6599999999999995e-05,0.0
-3.649999999999999e-05,0.0028
-3.639999999999999e-05,0.0012000000000000001
-3.63e-05,0.0032
-3.62e-05,0.0012000000000000001
-3.6099999999999997e-05,0.0028
-3.5999999999999994e-05,0.0012000000000000001
-3.589999999999999e-05,0.004
-3.579999999999999e-05,0.0016
-3.57e-05,0.0048000000000000004
-3.56e-05,0.0012000000000000001
-3.5499999999999996e-05,0.0032
-3.539999999999999e-05,0.0016
-3.529999999999999e-05,0.004
-3.52e-05,0.0016
-3.51e-05,0.0028
-3.5e-05,0.0008
-3.4899999999999995e-05,0.0048000000000000004
-3.479999999999999e-05,0.0016
-3.469999999999999e-05,0.0028
-3.46e-05,0.0008
-3.45e-05,0.0032
-3.4399999999999996e-05,0.0016
-3.4299999999999993e-05,0.0028
-3.419999999999999e-05,0.0016
-3.41e-05,0.0024000000000000002
-3.4e-05,0.0012000000000000001
-3.39e-05,0.0016
-3.3799999999999995e-05,0.0008
-3.369999999999999e-05,0.0016
-3.359999999999999e-05,-0.0004
-3.35e-05,0.0024000000000000002
-3.34e-05,0.0004
-3.3299999999999996e-05,0.0024000000000000002
-3.3199999999999994e-05,0.0012000000000000001
-3.309999999999999e-05,0.0024000000000000002
-3.299999999999999e-05,0.0032
-3.29e-05,0.0016
-3.28e-05,0.0036000000000000003
-3.2699999999999995e-05,0.0
-3.259999999999999e-05,0.0032
-3.249999999999999e-05,0.0028
-3.24e-05,0.0036000000000000003
-3.23e-05,0.0024000000000000002
-3.22e-05,0.0024000000000000002
-3.2099999999999994e-05,0.0032
-3.199999999999999e-05,0.0044
-3.189999999999999e-05,0.0028
-3.18e-05,0.0028
-3.17e-05,0.0012000000000000001
-3.1599999999999996e-05,0.0048000000000000004
-3.149999999999999e-05,0.0008
-3.139999999999999e-05,0.0036000000000000003
-3.13e-05,0.0016
-3.12e-05,0.0032
-3.11e-05,0.0032
-3.0999999999999995e-05,0.0036000000000000003
-3.089999999999999e-05,0.0016
-3.079999999999999e-05,0.0032
-3.07e-05,0.0012000000000000001
-3.06e-05,0.0044
-3.0499999999999996e-05,0.0012000000000000001
-3.0399999999999994e-05,0.0028
-3.029999999999999e-05,-0.0012000000000000001
-3.0200000000000002e-05,0.0024000000000000002
-3.01e-05,0.0016
-2.9999999999999997e-05,0.0024000000000000002
-2.9899999999999995e-05,0.0008
-2.9799999999999993e-05,0.0012000000000000001
-2.969999999999999e-05,0.0028
-2.96e-05,0.0028
-2.95e-05,0.0024000000000000002
-2.9399999999999996e-05,0.0016
-2.9299999999999994e-05,0.0016
-2.919999999999999e-05,0.0036000000000000003
-2.9100000000000003e-05,0.0024000000000000002
-2.9e-05,0.0032
-2.8899999999999998e-05,0.002
-2.8799999999999995e-05,0.0028
-2.8699999999999993e-05,0.0036000000000000003
-2.859999999999999e-05,0.0036000000000000003
-2.85e-05,0.0028
-2.84e-05,0.0016
-2.8299999999999997e-05,0.0016
-2.8199999999999994e-05,0.004
-2.8099999999999992e-05,0.004
-2.799999999999999e-05,0.002
-2.79e-05,0.0016
-2.7799999999999998e-05,0.0016
-2.7699999999999996e-05,0.0036000000000000003
-2.7599999999999993e-05,0.002
-2.749999999999999e-05,0.0024000000000000002
-2.7400000000000002e-05,0.0
-2.73e-05,0.0016
-2.7199999999999997e-05,0.0012000000000000001
-2.7099999999999995e-05,0.002
-2.6999999999999992e-05,0.0004
-2.689999999999999e-05,0.0012000000000000001
-2.68e-05,0.0008
-2.67e-05,0.0028
-2.6599999999999996e-05,0.0004
-2.6499999999999994e-05,0.002
-2.639999999999999e-05,0.0004
-2.6300000000000002e-05,0.0036000000000000003
-2.62e-05,0.0008
-2.6099999999999997e-05,0.0008
-2.5999999999999995e-05,0.0012000000000000001
-2.5899999999999993e-05,0.0024000000000000002
-2.579999999999999e-05,0.0024000000000000002
-2.57e-05,0.0024000000000000002
-2.56e-05,0.0008
-2.5499999999999996e-05,0.0032
-2.5399999999999994e-05,0.0016
-2.529999999999999e-05,0.004
-2.5200000000000003e-05,0.0016
-2.51e-05,0.0028
-2.4999999999999998e-05,0.0024000000000000002
-2.4899999999999995e-05,0.0028
-2.4799999999999993e-05,0.0036000000000000003
-2.469999999999999e-05,0.0016
-2.46e-05,0.0016
-2.45e-05,0.002
-2.4399999999999997e-05,0.0024000000000000002
-2.4299999999999994e-05,0.0036000000000000003
-2.4199999999999992e-05,0.0016
-2.409999999999999e-05,0.0028
-2.4e-05,0.0008
-2.3899999999999998e-05,0.0028
-2.3799999999999996e-05,0.0028
-2.3699999999999993e-05,0.0004
-2.359999999999999e-05,0.0016
-2.3500000000000002e-05,-0.0004
-2.34e-05,0.0028
-2.3299999999999997e-05,0.0012000000000000001
-2.3199999999999995e-05,0.0012000000000000001
-2.3099999999999992e-05,-0.0004
-2.299999999999999e-05,0.0016
-2.29e-05,0.0036000000000000003
-2.28e-05,0.0012000000000000001
-2.2699999999999996e-05,0.0012000000000000001
-2.2599999999999994e-05,0.0024000000000000002
-2.249999999999999e-05,0.0016
-2.2400000000000002e-05,0.0036000000000000003
-2.23e-05,0.0004
-2.2199999999999998e-05,0.0028
-2.2099999999999995e-05,0.0008
-2.1999999999999993e-05,0.0032
-2.189999999999999e-05,0.0032
-2.18e-05,0.0028
-2.17e-05,0.002
-2.1599999999999996e-05,0.0028
-2.1499999999999994e-05,0.0028
-2.139999999999999e-05,0.0028
-2.1300000000000003e-05,0.0012000000000000001
-2.12e-05,0.0024000000000000002
-2.1099999999999998e-05,0.0016
-2.0999999999999995e-05,0.0036000000000000003
-2.0899999999999993e-05,0.0016
-2.079999999999999e-05,0.0028
-2.0700000000000002e-05,0.002
-2.06e-05,0.0024000000000000002
-2.0499999999999997e-05,0.0032
-2.0399999999999994e-05,0.002
-2.0299999999999992e-05,0.0004
-2.0200000000000003e-05,0.0016
-2.01e-05,0.0012000000000000001
-1.9999999999999998e-05,0.002
-1.9899999999999996e-05,0.0016
-1.9799999999999993e-05,0.0008
-1.969999999999999e-05,0.0008
-1.9600000000000002e-05,0.0028
-1.95e-05,0.0032
-1.9399999999999997e-05,0.0012000000000000001
-1.9299999999999995e-05,0.002
-1.9199999999999992e-05,0.0028
-1.909999999999999e-05,0.0024000000000000002
-1.9e-05,0.0036000000000000003
-1.89e-05,0.0028
-1.8799999999999996e-05,0.0024000000000000002
-1.8699999999999994e-05,0.0036000000000000003
-1.859999999999999e-05,0.0028
-1.8500000000000002e-05,0.0036000000000000003
-1.84e-05,0.002
-1.8299999999999998e-05,0.0032
-1.8199999999999995e-05,0.0024000000000000002
-1.8099999999999993e-05,0.004
-1.799999999999999e-05,0.0028
-1.79e-05,0.0016
-1.78e-05,0.0024000000000000002
-1.7699999999999997e-05,0.0028
-1.7599999999999994e-05,0.0024000000000000002
-1.749999999999999e-05,0.0032
-1.7400000000000003e-05,0.0
-1.73e-05,0.0032
-1.7199999999999998e-05,0.0012000000000000001
-1.7099999999999996e-05,0.0032
-1.6999999999999993e-05,0.0004
-1.689999999999999e-05,0.0012000000000000001
-1.6800000000000002e-05,0.0008
-1.67e-05,0.0016
-1.6599999999999997e-05,0.0012000000000000001
-1.6499999999999994e-05,0.0024000000000000002
-1.6399999999999992e-05,0.0012000000000000001
-1.6300000000000003e-05,0.0028
-1.62e-05,0.0016
-1.61e-05,0.0028
-1.5999999999999996e-05,0.0004
-1.5899999999999993e-05,0.0032
-1.579999999999999e-05,0.0032
-1.5700000000000002e-05,0.0028
-1.56e-05,0.0032
-1.5499999999999997e-05,0.0004
-1.5399999999999995e-05,0.0024000000000000002
-1.5299999999999992e-05,0.0036000000000000003
-1.519999999999999e-05,0.0028
-1.5100000000000001e-05,0.004
-1.4999999999999999e-05,0.0024000000000000002
-1.4899999999999996e-05,0.0044
-1.4799999999999994e-05,0.0032
-1.4699999999999991e-05,0.0032
-1.4600000000000003e-05,0.0032
-1.45e-05,0.0028
-1.4399999999999998e-05,0.004
-1.4299999999999995e-05,0.0016
-1.4199999999999993e-05,0.0028
-1.409999999999999e-05,0.002
-1.4000000000000001e-05,0.0016
-1.3899999999999999e-05,0.0012000000000000001
-1.3799999999999997e-05,0.0028
-1.3699999999999994e-05,0.0024000000000000002
-1.3599999999999992e-05,0.0016
-1.3500000000000003e-05,0.0012000000000000001
-1.34e-05,0.0016
-1.3299999999999998e-05,0.0012000000000000001
-1.3199999999999996e-05,0.0016
-1.3099999999999993e-05,0.0
-1.299999999999999e-05,0.002
-1.2900000000000002e-05,0.002
-1.28e-05,0.002
-1.2699999999999997e-05,0.0008
-1.2599999999999995e-05,0.002
-1.2499999999999992e-05,0.0024000000000000002
-1.2400000000000003e-05,0.0032
-1.23e-05,0.0016
-1.2199999999999998e-05,0.0016
-1.2099999999999996e-05,0.0012000000000000001
-1.1999999999999994e-05,0.0032
-1.1899999999999991e-05,0.0036000000000000003
-1.1800000000000002e-05,0.0032
-1.17e-05,0.0024000000000000002
-1.1599999999999997e-05,0.0028
-1.1499999999999995e-05,0.0024000000000000002
-1.1399999999999992e-05,0.0032
-1.129999999999999e-05,0.002
-1.1200000000000001e-05,0.0024000000000000002
-1.1099999999999999e-05,0.0024000000000000002
-1.0999999999999996e-05,0.0028
-1.0899999999999994e-05,0.0024000000000000002
-1.0799999999999991e-05,0.002
-1.0700000000000003e-05,0.0024000000000000002
-1.06e-05,0.0024000000000000002
-1.0499999999999998e-05,0.0028
-1.0399999999999995e-05,0.0016
-1.0299999999999993e-05,0.0012000000000000001
-1.019999999999999e-05,0.002
-1.0100000000000002e-05,0.0008
-9.999999999999999e-06,0.002
-9.899999999999997e-06,0.0
-9.799999999999994e-06,0.0016
-9.699999999999992e-06,0.0016
-9.600000000000003e-06,0.0012000000000000001
-9.5e-06,0.0024000000000000002
-9.399999999999998e-06,0.0004
-9.299999999999996e-06,0.0024000000000000002
-9.199999999999993e-06,0.0016
-9.09999999999999e-06,0.0024000000000000002
-9.000000000000002e-06,0.0024000000000000002
-8.9e-06,0.0012000000000000001
-8.799999999999997e-06,0.002
-8.699999999999995e-06,0.0028
-8.599999999999992e-06,0.0028
-8.500000000000003e-06,0.0032
-8.400000000000001e-06,0.0024000000000000002
-8.299999999999998e-06,0.004
-8.199999999999996e-06,0.0024000000000000002
-8.099999999999994e-06,0.0044
-7.999999999999991e-06,0.0012000000000000001
-7.900000000000002e-06,0.0028
-7.8e-06,0.0028
-7.699999999999997e-06,0.0036000000000000003
-7.599999999999995e-06,0.0032
-7.4999999999999926e-06,0.0016
-7.39999999999999e-06,0.0016
-7.300000000000001e-06,0.0028
-7.199999999999999e-06,0.002
-7.099999999999996e-06,0.0024000000000000002
-6.999999999999994e-06,0.0004
-6.900000000000005e-06,0.0016
-6.800000000000003e-06,0.0008
-6.7e-06,0.002
-6.599999999999998e-06,0.0012000000000000001
-6.499999999999995e-06,0.0024000000000000002
-6.399999999999993e-06,0.0012000000000000001
-6.2999999999999905e-06,0.0016
-6.199999999999988e-06,0.002
-6.099999999999986e-06,0.0028
-6.00000000000001e-06,0.0012000000000000001
-5.900000000000008e-06,0.0032
-5.8000000000000055e-06,0.0036000000000000003
-5.700000000000003e-06,0.0032
-5.600000000000001e-06,0.002
-5.499999999999998e-06,0.0016
-5.399999999999996e-06,0.0032
-5.299999999999993e-06,0.0032
-5.199999999999991e-06,0.0036000000000000003
-5.0999999999999884e-06,0.0028
-4.999999999999986e-06,0.002
-4.899999999999984e-06,0.0036000000000000003
-4.800000000000008e-06,0.0028
-4.700000000000006e-06,0.0024000000000000002
-4.600000000000003e-06,0.0024000000000000002
-4.500000000000001e-06,0.0016
-4.3999999999999985e-06,0.0036000000000000003
-4.299999999999996e-06,0.002
-4.199999999999994e-06,0.002
-4.099999999999991e-06,0.0012000000000000001
-3.999999999999989e-06,0.002
-3.899999999999986e-06,0.002
-3.799999999999984e-06,0.0016
-3.7000000000000086e-06,0.0016
-3.600000000000006e-06,0.002
-3.5000000000000038e-06,0.0008
-3.4000000000000013e-06,0.004
-3.299999999999999e-06,0.0004
-3.1999999999999965e-06,0.0024000000000000002
-3.099999999999994e-06,-0.0004
-2.9999999999999916e-06,0.0028
-2.899999999999989e-06,0.0016
-2.7999999999999867e-06,0.002
-2.6999999999999843e-06,0.0012000000000000001
-2.600000000000009e-06,0.002
-2.5000000000000066e-06,0.0032
-2.400000000000004e-06,0.0032
-2.3000000000000017e-06,0.0016
-2.1999999999999993e-06,0.0028
-2.099999999999997e-06,0.0012000000000000001
-1.9999999999999944e-06,0.004
-1.899999999999992e-06,0.0016
-1.7999999999999895e-06,0.0024000000000000002
-1.6999999999999871e-06,0.0028
-1.5999999999999847e-06,0.0032
-1.5000000000000094e-06,0.0036000000000000003
-1.400000000000007e-06,0.002
-1.3000000000000045e-06,0.0028
-1.200000000000002e-06,0.0024000000000000002
-1.0999999999999996e-06,0.0028
-9.999999999999972e-07,0.0044
-8.999999999999948e-07,0.0016
-7.999999999999923e-07,0.0016
-6.999999999999899e-07,0.0008
-5.999999999999875e-07,0.0024000000000000002
-4.99999999999985e-07,0.0028
-4.000000000000097e-07,0.0008
-3.000000000000073e-07,0.0016
-2.0000000000000486e-07,0.0008
-1.0000000000000243e-07,0.0032
0.0,0.0012000000000000001
1.0000000000000243e-07,0.0008
2.0000000000000486e-07,0.0012000000000000001
3.000000000000073e-07,0.002
4.000000000000097e-07,0.002
5.000000000000122e-07,0.0024000000000000002
6.000000000000146e-07,0.0008
6.999999999999899e-07,0.0016
7.999999999999923e-07,0.0012000000000000001
8.999999999999948e-07,0.0032
9.999999999999972e-07,0.0024000000000000002
1.0999999999999996e-06,0.0028
1.200000000000002e-06,0.0016
1.3000000000000045e-06,0.0032
1.400000000000007e-06,0.002
1.5000000000000094e-06,0.004
1.6000000000000118e-06,0.0012000000000000001
1.7000000000000142e-06,0.0024000000000000002
1.7999999999999895e-06,0.002
1.899999999999992e-06,0.0036000000000000003
1.9999999999999944e-06,0.0024000000000000002
2.099999999999997e-06,0.004
2.1999999999999993e-06,0.002
2.3000000000000017e-06,0.0028
2.400000000000004e-06,0.0028
2.5000000000000066e-06,0.0016
2.600000000000009e-06,0.0008
2.7000000000000114e-06,0.002
2.800000000000014e-06,0.0012000000000000001
2.899999999999989e-06,0.0024000000000000002
2.9999999999999916e-06,0.0
3.099999999999994e-06,0.0024000000000000002
3.1999999999999965e-06,0.002
3.299999999999999e-06,0.002
3.4000000000000013e-06,0.0016
3.5000000000000038e-06,0.0004
3.600000000000006e-06,0.002
3.7000000000000086e-06,0.0012000000000000001
3.800000000000011e-06,0.0012000000000000001
3.9000000000000135e-06,0.0012000000000000001
4.000000000000016e-06,0.0008
4.099999999999991e-06,0.0024000000000000002
4.199999999999994e-06,0.0016
4.299999999999996e-06,0.0028
4.3999999999999985e-06,0.0016
4.500000000000001e-06,0.002
4.600000000000003e-06,0.0032
4.700000000000006e-06,0.0024000000000000002
4.800000000000008e-06,0.004
4.900000000000011e-06,0.0012000000000000001
5.000000000000013e-06,0.0032
5.1000000000000155e-06,0.0024000000000000002
5.199999999999991e-06,0.0028
5.299999999999993e-06,0.002
5.399999999999996e-06,0.0032
5.499999999999998e-06,0.0024000000000000002
5.600000000000001e-06,0.0044
5.700000000000003e-06,0.002
5.8000000000000055e-06,0.0032
5.900000000000008e-06,0.0012000000000000001
6.00000000000001e-06,0.0024000000000000002
6.100000000000013e-06,0.002
6.200000000000015e-06,0.0028
6.2999999999999905e-06,0.002
6.399999999999993e-06,0.002
6.499999999999995e-06,0.0016
6.599999999999998e-06,0.0032
6.7e-06,0.0008
6.800000000000003e-06,0.0028
6.900000000000005e-06,0.0008
7.0000000000000075e-06,0.0036000000000000003
7.10000000000001e-06,0.002
7.200000000000012e-06,0.0012000000000000001
7.300000000000015e-06,0.0008
7.39999999999999e-06,0.002
7.4999999999999926e-06,0.002
7.599999999999995e-06,0.0028
7.699999999999997e-06,0.002
7.8e-06,0.0024000000000000002
7.900000000000002e-06,0.0012000000000000001
8.000000000000005e-06,0.0044
8.100000000000007e-06,0.0024000000000000002
8.20000000000001e-06,0.002
8.300000000000012e-06,0.0016
8.400000000000014e-06,0.0032
8.49999999999999e-06,0.004
8.599999999999992e-06,0.0024000000000000002
8.699999999999995e-06,0.0028
8.799999999999997e-06,0.0032
8.9e-06,0.0036000000000000003
9.000000000000002e-06,0.0044
9.100000000000004e-06,0.0012000000000000001
9.200000000000007e-06,0.0028
9.30000000000001e-06,0.0016
9.400000000000012e-06,0.0028
9.500000000000014e-06,0.0028
9.59999999999999e-06,0.0012000000000000001
9.699999999999992e-06,0.0016
9.799999999999994e-06,0.0016
9.899999999999997e-06,0.0032
9.999999999999999e-06,0.0004
1.0100000000000002e-05,0.0012000000000000001
1.0200000000000004e-05,0.0016
1.0300000000000006e-05,0.0024000000000000002
1.0400000000000009e-05,0.0032
1.0500000000000011e-05,0.0024000000000000002
1.0600000000000014e-05,0.0
1.0699999999999989e-05,0.0028
1.0799999999999991e-05,0.002
1.0899999999999994e-05,0.0032
1.0999999999999996e-05,0.0012000000000000001
1.1099999999999999e-05,0.0016
1.1200000000000001e-05,0.0016
1.1300000000000004e-05,0.0028
1.1400000000000006e-05,0.004
1.1500000000000008e-05,0.004
1.1600000000000011e-05,0.0012000000000000001
1.1700000000000013e-05,0.0028
1.1800000000000016e-05,0.0024000000000000002
1.1899999999999991e-05,0.0036000000000000003
1.1999999999999994e-05,0.0028
1.2099999999999996e-05,0.0028
1.2199999999999998e-05,0.0032
1.23e-05,0.0036000000000000003
1.2400000000000003e-05,0.0024000000000000002
1.2500000000000006e-05,0.002
1.2600000000000008e-05,0.0012000000000000001
1.270000000000001e-05,0.002
1.2800000000000013e-05,0.0028
1.2900000000000015e-05,0.0028
1.299999999999999e-05,0.0008
1.3099999999999993e-05,0.0036000000000000003
1.3199999999999996e-05,0.0016
1.3299999999999998e-05,0.002
1.34e-05,0.0012000000000000001
1.3500000000000003e-05,0.0012000000000000001
1.3600000000000005e-05,0.0024000000000000002
1.3700000000000008e-05,0.0016
1.380000000000001e-05,0.0032
1.3900000000000013e-05,0.0012000000000000001
1.4000000000000015e-05,0.0004
1.409999999999999e-05,0.0008
1.4199999999999993e-05,0.0016
1.4299999999999995e-05,0.0032
1.4399999999999998e-05,0.0016
1.45e-05,0.0016
1.4600000000000003e-05,0.0028
1.4700000000000005e-05,0.0032
1.4800000000000007e-05,0.004
1.490000000000001e-05,0.0012000000000000001
1.5000000000000012e-05,0.0028
1.5100000000000015e-05,0.0024000000000000002
1.519999999999999e-05,0.0036000000000000003
1.5299999999999992e-05,0.0024000000000000002
1.5399999999999995e-05,0.0028
1.5499999999999997e-05,0.0032
1.56e-05,0.0032
1.5700000000000002e-05,0.0028
1.5800000000000005e-05,0.0036000000000000003
1.5900000000000007e-05,0.0008
1.600000000000001e-05,0.0028
1.6100000000000012e-05,0.0004
1.6200000000000014e-05,0.0028
1.629999999999999e-05,0.0008
1.6399999999999992e-05,0.0004
1.6499999999999994e-05,-0.0004
1.6599999999999997e-05,0.0024000000000000002
1.67e-05,0.0016
1.6800000000000002e-05,0.0016
1.6900000000000004e-05,0.0004
1.7000000000000007e-05,0.0016
1.710000000000001e-05,0.0016
1.720000000000001e-05,0.0012000000000000001
1.7300000000000014e-05,0.0008
1.739999999999999e-05,0.0016
1.749999999999999e-05,0.0016
1.7599999999999994e-05,0.002
1.7699999999999997e-05,0.002
1.78e-05,0.0008
1.79e-05,0.0016
1.8000000000000004e-05,0.002
1.8100000000000006e-05,0.0024000000000000002
1.820000000000001e-05,0.0028
1.830000000000001e-05,0.0016
1.8400000000000014e-05,0.002
1.849999999999999e-05,0.0032
1.859999999999999e-05,0.0024000000000000002
1.8699999999999994e-05,0.0036000000000000003
1.8799999999999996e-05,0.0008
1.89e-05,0.0028
1.9e-05,0.002
1.9100000000000003e-05,0.0028
1.9200000000000006e-05,0.0016
1.930000000000001e-05,0.0016
1.940000000000001e-05,0.0012000000000000001
1.9500000000000013e-05,0.002
1.959999999999999e-05,0.0024000000000000002
1.969999999999999e-05,0.0028
1.9799999999999993e-05,-0.0012000000000000001
1.9899999999999996e-05,0.0032
1.9999999999999998e-05,0.0012000000000000001
2.01e-05,0.004
2.0200000000000003e-05,0.0
2.0300000000000006e-05,0.002
2.0400000000000008e-05,0.0012000000000000001
2.050000000000001e-05,0.002
2.0600000000000013e-05,0.0012000000000000001
2.0700000000000015e-05,0.0012000000000000001
2.079999999999999e-05,0.0004
2.0899999999999993e-05,0.0016
2.0999999999999995e-05,0.0004
2.1099999999999998e-05,0.0044
2.12e-05,0.0
2.1300000000000003e-05,0.0032
2.1400000000000005e-05,0.0016
2.1500000000000008e-05,0.004
2.160000000000001e-05,0.002
2.1700000000000012e-05,0.0016
2.1800000000000015e-05,0.002
2.189999999999999e-05,0.0028
2.1999999999999993e-05,0.0028
2.2099999999999995e-05,0.004
2.2199999999999998e-05,0.0028
2.23e-05,0.0028
2.2400000000000002e-05,0.002
2.2500000000000005e-05,0.0028
2.2600000000000007e-05,0.0024000000000000002
2.270000000000001e-05,0.0016
2.2800000000000012e-05,0.002
2.2900000000000015e-05,0.0028
2.299999999999999e-05,0.0036000000000000003
2.3099999999999992e-05,0.0008
2.3199999999999995e-05,0.0016
2.3299999999999997e-05,0.0004
2.34e-05,0.0032
2.3500000000000002e-05,0.0024000000000000002
2.3600000000000004e-05,0.0024000000000000002
2.3700000000000007e-05,0.0012000000000000001
2.380000000000001e-05,0.0028
2.3900000000000012e-05,0.0024000000000000002
2.4000000000000014e-05,0.0032
2.409999999999999e-05,0.0008
2.4199999999999992e-05,0.0024000000000000002
2.4299999999999994e-05,0.0008
2.4399999999999997e-05,0.004
2.45e-05,0.0016
2.46e-05,0.0028
2.4700000000000004e-05,0.0008
2.4800000000000007e-05,0.004
2.490000000000001e-05,0.0024000000000000002
2.500000000000001e-05,0.0048000000000000004
2.5100000000000014e-05,0.0008
2.519999999999999e-05,0.004
2.529999999999999e-05,0.0024000000000000002
2.5399999999999994e-05,0.005200000000000001
2.5499999999999996e-05,0.0024000000000000002
2.56e-05,0.0036000000000000003
2.57e-05,0.002
2.5800000000000004e-05,0.004
2.5900000000000006e-05,0.0024000000000000002
2.600000000000001e-05,0.0032
2.610000000000001e-05,0.0008
2.6200000000000013e-05,0.0028
2.629999999999999e-05,0.0016
2.639999999999999e-05,0.0036000000000000003
2.6499999999999994e-05,0.0008
2.6599999999999996e-05,0.0024000000000000002
2.67e-05,0.0012000000000000001
2.68e-05,0.0028
2.6900000000000003e-05,0.0032
2.7000000000000006e-05,0.0016
2.7100000000000008e-05,0.0008
2.720000000000001e-05,0.0012000000000000001
2.7300000000000013e-05,0.0024000000000000002
2.739999999999999e-05,0.0024000000000000002
2.749999999999999e-05,0.0008
2.7599999999999993e-05,0.002
2.7699999999999996e-05,0.0016
2.7799999999999998e-05,0.004
2.79e-05,0.0036000000000000003
2.8000000000000003e-05,0.0004
2.8100000000000005e-05,0.0028
2.8200000000000008e-05,0.002
2.830000000000001e-05,0.0044
2.8400000000000013e-05,0.0024000000000000002
2.8499999999999988e-05,0.0036000000000000003
2.859999999999999e-05,0.0028
2.8699999999999993e-05,0.0036000000000000003
2.8799999999999995e-05,0.0036000000000000003
2.8899999999999998e-05,0.004
2.9e-05,0.0012000000000000001
2.9100000000000003e-05,0.002
2.9200000000000005e-05,0.0012000000000000001
2.9300000000000007e-05,0.0048000000000000004
2.940000000000001e-05,0.0016
2.9500000000000012e-05,0.0032
2.9600000000000015e-05,0.0
2.969999999999999e-05,0.0048000000000000004
2.9799999999999993e-05,0.0012000000000000001
2.9899999999999995e-05,0.0036000000000000003
2.9999999999999997e-05,0.0
3.01e-05,0.0028
3.0200000000000002e-05,0.0016
3.0300000000000005e-05,0.0032
3.0400000000000007e-05,-0.0008
3.050000000000001e-05,0.002
3.060000000000001e-05,0.0
3.0700000000000014e-05,0.0032
3.079999999999999e-05,0.0016
3.089999999999999e-05,0.002
3.0999999999999995e-05,0.0012000000000000001
3.11e-05,0.0032
3.12e-05,0.002
3.13e-05,0.0036000000000000003
3.1400000000000004e-05,0.0012000000000000001
3.150000000000001e-05,0.002
3.160000000000001e-05,0.002
3.170000000000001e-05,0.0036000000000000003
3.1800000000000014e-05,0.0028
3.189999999999999e-05,0.0028
3.199999999999999e-05,0.002
3.2099999999999994e-05,0.0032
3.22e-05,0.0036000000000000003
3.23e-05,0.0024000000000000002
3.24e-05,0.002
3.2500000000000004e-05,0.0012000000000000001
3.2600000000000006e-05,0.002
3.270000000000001e-05,0.004
3.280000000000001e-05,0.0016
3.2900000000000014e-05,0.0016
3.299999999999999e-05,0.0016
3.309999999999999e-05,0.0016
3.3199999999999994e-05,0.0028
3.3299999999999996e-05,0.0
3.34e-05,0.0016
3.35e-05,0.0008
3.3600000000000004e-05,0.0028
3.3700000000000006e-05,0.0016
3.380000000000001e-05,0.0016
3.390000000000001e-05,0.0008
3.400000000000001e-05,0.0012000000000000001
3.409999999999999e-05,0.0016
3.419999999999999e-05,0.0024000000000000002
3.4299999999999993e-05,0.0012000000000000001
3.4399999999999996e-05,0.0016
3.45e-05,0.0
3.46e-05,0.0044
3.47e-05,0.0008
3.4800000000000006e-05,0.002
3.490000000000001e-05,0.0008
3.500000000000001e-05,0.004
3.510000000000001e-05,0.0024000000000000002
3.519999999999999e-05,0.0028
3.529999999999999e-05,0.002
3.539999999999999e-05,0.002
3.5499999999999996e-05,0.0024000000000000002
3.56e-05,0.0032
3.57e-05,0.0024000000000000002
3.58e-05,0.0028
3.5900000000000005e-05,0.0012000000000000001
3.600000000000001e-05,0.0016
3.610000000000001e-05,0.0008
3.620000000000001e-05,0.0028
3.629999999999999e-05,0.0016
3.639999999999999e-05,0.0012000000000000001
3.649999999999999e-05,0.0024000000000000002
3.6599999999999995e-05,0.0036000000000000003
3.67e-05,0.0024000000000000002
3.68e-05,0.0016
3.69e-05,0.0016
3.7000000000000005e-05,0.002
3.710000000000001e-05,0.0024000000000000002
3.720000000000001e-05,0.0012000000000000001
3.730000000000001e-05,0.0016
3.739999999999999e-05,0.0016
3.749999999999999e-05,0.0044
3.759999999999999e-05,0.002
3.7699999999999995e-05,0.0012000000000000001
3.78e-05,0.0008
3.79e-05,0.0024000000000000002
3.8e-05,0.0036000000000000003
3.8100000000000005e-05,0.004
3.820000000000001e-05,0.0008
3.830000000000001e-05,0.0028
3.840000000000001e-05,0.002
3.8500000000000014e-05,0.0044
3.859999999999999e-05,0.0032
3.869999999999999e-05,0.0032
3.8799999999999994e-05,0.0004
3.89e-05,0.002
3.9e-05,0.0008
3.91e-05,0.0028
3.9200000000000004e-05,0.0012000000000000001
3.9300000000000007e-05,0.002
3.940000000000001e-05,0.002
3.950000000000001e-05,0.0044
3.9600000000000014e-05,0.0016
3.969999999999999e-05,0.0024000000000000002
3.979999999999999e-05,0.0016
3.9899999999999994e-05,0.0036000000000000003
3.9999999999999996e-05,0.002
4.01e-05,0.002
4.02e-05,0.0024000000000000002
4.0300000000000004e-05,0.0008
4.0400000000000006e-05,0.0028
4.050000000000001e-05,0.002
4.060000000000001e-05,0.002
4.0700000000000014e-05,0.0004
4.079999999999999e-05,0.0012000000000000001
4.089999999999999e-05,0.0024000000000000002
4.0999999999999994e-05,0.0028
4.1099999999999996e-05,0.0028
4.12e-05,0.002
4.13e-05,0.002
4.1400000000000003e-05,0.0048000000000000004
4.1500000000000006e-05,0.002
4.160000000000001e-05,0.0036000000000000003
4.170000000000001e-05,0.0008
4.180000000000001e-05,0.0044
4.189999999999999e-05,0.004
4.199999999999999e-05,0.0044
4.209999999999999e-05,0.0028
4.2199999999999996e-05,0.002
4.23e-05,0.0028
4.24e-05,0.0036000000000000003
4.25e-05,0.0024000000000000002
4.2600000000000005e-05,0.0028
4.270000000000001e-05,0.0004
4.280000000000001e-05,0.0044
4.290000000000001e-05,0.002
4.299999999999999e-05,0.0036000000000000003
4.309999999999999e-05,0.0004
4.319999999999999e-05,0.0012000000000000001
4.3299999999999995e-05,0.002
4.34e-05,0.0024000000000000002
4.35e-05,0.002
4.36e-05,0.0016
4.3700000000000005e-05,0.0008
4.380000000000001e-05,0.0032
4.390000000000001e-05,0.0024000000000000002
4.400000000000001e-05,0.0028
4.409999999999999e-05,0.0016
4.419999999999999e-05,0.0024000000000000002
4.429999999999999e-05,0.0032
4.4399999999999995e-05,0.0036000000000000003
4.45e-05,0.0024000000000000002
4.46e-05,0.002
4.47e-05,0.0036000000000000003
4.4800000000000005e-05,0.0024000000000000002
4.490000000000001e-05,0.0032
4.500000000000001e-05,0.0032
4.510000000000001e-05,0.0024000000000000002
4.519999999999999e-05,0.0028
4.529999999999999e-05,0.0044
4.539999999999999e-05,0.0024000000000000002
4.5499999999999995e-05,0.0032
4.56e-05,0.0008
4.57e-05,0.0032
4.58e-05,0.002
4.5900000000000004e-05,0.004
4.600000000000001e-05,0.0008
4.610000000000001e-05,0.0028
4.620000000000001e-05,0.0008
4.6300000000000014e-05,0.0036000000000000003
4.639999999999999e-05,0.0024000000000000002
4.649999999999999e-05,0.0032
4.6599999999999994e-05,0.0
4.67e-05,0.0032
4.68e-05,0.0016
4.69e-05,0.0024000000000000002
4.7000000000000004e-05,0.0
4.7100000000000006e-05,0.0008
4.720000000000001e-05,0.0004
4.730000000000001e-05,0.002
4.7400000000000014e-05,0.0012000000000000001
4.749999999999999e-05,0.0016
4.759999999999999e-05,0.0004
4.7699999999999994e-05,0.0032
4.7799999999999996e-05,0.0012000000000000001
4.79e-05,0.0028
4.8e-05,0.0008
4.8100000000000004e-05,0.0028
4.8200000000000006e-05,0.0032
4.830000000000001e-05,0.0036000000000000003
4.840000000000001e-05,0.0036000000000000003
4.850000000000001e-05,0.0016
4.859999999999999e-05,0.0032
4.869999999999999e-05,0.0028
4.8799999999999994e-05,0.002
4.8899999999999996e-05,0.0028
4.9e-05,0.0012000000000000001
4.91e-05,0.0032
4.92e-05,0.002
4.9300000000000006e-05,0.002
4.940000000000001e-05,0.002
4.950000000000001e-05,0.0
4.960000000000001e-05,0.0028
4.969999999999999e-05,0.0008
4.979999999999999e-05,0.0028
4.989999999999999e-05,0.0004
4.9999999999999996e-05,0.0008
5.01e-05,0.0016
5.02e-05,0.0024000000000000002
5.03e-05,0.0012000000000000001
5.0400000000000005e-05,0.0012000000000000001
5.050000000000001e-05,0.0004
5.060000000000001e-05,0.0036000000000000003
5.070000000000001e-05,0.0012000000000000001
5.079999999999999e-05,0.0024000000000000002
5.089999999999999e-05,0.0
5.099999999999999e-05,0.0036000000000000003
5.1099999999999995e-05,0.002
5.12e-05,0.002
5.13e-05,0.0012000000000000001
5.14e-05,0.002
5.1500000000000005e-05,0.0024000000000000002
5.160000000000001e-05,0.0028
5.170000000000001e-05,0.002
5.180000000000001e-05,0.0024000000000000002
5.189999999999999e-05,0.0008
5.199999999999999e-05,0.0032
5.209999999999999e-05,0.0024000000000000002
5.2199999999999995e-05,0.0024000000000000002
5.23e-05,0.0008
5.24e-05,0.0012000000000000001
5.25e-05,0.0012000000000000001
5.2600000000000005e-05,0.0024000000000000002
5.270000000000001e-05,0.0012000000000000001
5.280000000000001e-05,0.0012000000000000001
5.290000000000001e-05,0.0012000000000000001
5.299999999999999e-05,0.0024000000000000002
5.309999999999999e-05,0.0012000000000000001
5.319999999999999e-05,0.0012000000000000001
5.3299999999999995e-05,0.0004
5.34e-05,0.0016
5.35e-05,0.0016
5.36e-05,0.002
5.3700000000000004e-05,0.002
5.380000000000001e-05,0.002
5.390000000000001e-05,0.0016
5.400000000000001e-05,0.0032
5.409999999999999e-05,0.002
5.419999999999999e-05,0.002
5.429999999999999e-05,0.0036000000000000003
5.4399999999999994e-05,0.0032
5.4499999999999997e-05,0.0028
5.46e-05,0.0012000000000000001
5.47e-05,0.0032
5.4800000000000004e-05,0.002
5.4900000000000006e-05,0.0032
5.500000000000001e-05,0.0036000000000000003
5.510000000000001e-05,0.0036000000000000003
5.5200000000000014e-05,0.0016
5.529999999999999e-05,0.002
5.539999999999999e-05,0.0024000000000000002
5.5499999999999994e-05,0.0028
5.5599999999999996e-05,0.0016
5.57e-05,0.002
5.58e-05,0.0012000000000000001
5.5900000000000004e-05,0.0036000000000000003
5.6000000000000006e-05,0.0016
5.610000000000001e-05,0.0004
5.620000000000001e-05,0.0016
5.630000000000001e-05,0.0024000000000000002
5.639999999999999e-05,0.0024000000000000002
5.649999999999999e-05,0.0024000000000000002
5.6599999999999993e-05,0.0008
5.6699999999999996e-05,0.0012000000000000001
5.68e-05,0.0012000000000000001
5.69e-05,0.0032
5.7e-05,0.0
5.7100000000000006e-05,0.0016
5.720000000000001e-05,0.0008
5.730000000000001e-05,0.0024000000000000002
5.740000000000001e-05,0.0028
5.749999999999999e-05,0.002
5.759999999999999e-05,0.002
5.769999999999999e-05,0.0028
5.7799999999999995e-05,0.0024000000000000002
5.79e-05,0.0036000000000000003
5.8e-05,0.0012000000000000001
5.81e-05,0.0036000000000000003
5.8200000000000005e-05,0.002
5.830000000000001e-05,0.004
5.840000000000001e-05,0.0032
5.850000000000001e-05,0.0032
5.859999999999999e-05,0.0028
5.869999999999999e-05,0.0024000000000000002
5.879999999999999e-05,0.0028
5.8899999999999995e-05,0.0028
5.9e-05,0.0004
5.91e-05,0.002
5.92e-05,0.002
5.9300000000000005e-05,0.0028
5.940000000000001e-05,0.0012000000000000001
5.950000000000001e-05,0.002
5.960000000000001e-05,0.0024000000000000002
5.969999999999999e-05,0.0028
5.979999999999999e-05,0.002
5.989999999999999e-05,0.0016
5.9999999999999995e-05,0.0012000000000000001
6.01e-05,0.0016
6.02e-05,0.0024000000000000002
6.03e-05,0.0024000000000000002
6.0400000000000004e-05,0.0016
6.050000000000001e-05,0.0012000000000000001
6.060000000000001e-05,0.0024000000000000002
6.070000000000001e-05,0.002
6.079999999999999e-05,0.0032
6.089999999999999e-05,0.0016
6.099999999999999e-05,0.0024000000000000002
6.11e-05,0.0024000000000000002
6.12e-05,0.002
6.13e-05,0.0016
6.14e-05,0.0028
6.15e-05,0.0028
6.16e-05,0.0044
6.170000000000001e-05,0.0016
6.180000000000001e-05,0.0044
6.189999999999999e-05,0.0012000000000000001
6.199999999999999e-05,0.0044
6.209999999999999e-05,0.0024000000000000002
6.22e-05,0.0024000000000000002
6.23e-05,0.0016
6.24e-05,0.0016
6.25e-05,0.0016
6.26e-05,0.0028
6.27e-05,0.0012000000000000001
6.280000000000001e-05,0.0024000000000000002
6.290000000000001e-05,0.0016
6.300000000000001e-05,0.0048000000000000004
6.309999999999999e-05,0.0004
6.319999999999999e-05,0.002
6.33e-05,0.0004
6.34e-05,0.002
6.35e-05,0.002
6.36e-05,0.002
6.37e-05,0.0008
6.38e-05,0.0012000000000000001
6.390000000000001e-05,0.0008
6.400000000000001e-05,0.0036000000000000003
6.410000000000001e-05,0.0
6.419999999999999e-05,0.0032
6.429999999999999e-05,0.0012000000000000001
6.44e-05,0.004
6.45e-05,0.0028
6.46e-05,0.0016
6.47e-05,0.002
6.48e-05,0.0024000000000000002
6.49e-05,0.004
6.500000000000001e-05,0.0032
6.510000000000001e-05,0.0028
6.520000000000001e-05,0.0024000000000000002
6.529999999999999e-05,0.0032
6.539999999999999e-05,0.0028
6.549999999999999e-05,0.0032
6.56e-05,0.0016
6.57e-05,0.0024000000000000002
6.58e-05,0.0016
6.59e-05,0.0044
6.6e-05,0.0012000000000000001
6.610000000000001e-05,0.0008
6.620000000000001e-05,0.0008
6.630000000000001e-05,0.004
6.639999999999999e-05,0.0016
6.649999999999999e-05,0.0032
6.659999999999999e-05,-0.0004
6.67e-05,0.0028
6.68e-05,0.0004
6.69e-05,0.0032
6.7e-05,0.0004
6.71e-05,0.0024000000000000002
6.720000000000001e-05,0.0012000000000000001
6.730000000000001e-05,0.0024000000000000002
6.740000000000001e-05,0.0016
6.749999999999999e-05,0.0028
6.759999999999999e-05,0.0004
6.769999999999999e-05,0.004
6.78e-05,0.0016
6.79e-05,0.0044
6.8e-05,0.0008
6.81e-05,0.0044
6.82e-05,0.0024000000000000002
6.83e-05,0.004
6.840000000000001e-05,0.0032
6.850000000000001e-05,0.0028
6.859999999999999e-05,0.0028
6.869999999999999e-05,0.004
6.879999999999999e-05,0.0024000000000000002
6.89e-05,0.0032
6.9e-05,0.0012000000000000001
6.91e-05,0.0036000000000000003
6.92e-05,0.0028
6.93e-05,0.0028
6.94e-05,0.0024000000000000002
6.950000000000001e-05,0.002
6.960000000000001e-05,0.0036000000000000003
6.969999999999999e-05,0.002
6.979999999999999e-05,0.0024000000000000002
6.989999999999999e-05,0.0016
7e-05,0.002
7.01e-05,0.002
7.02e-05,0.0024000000000000002
7.03e-05,0.0012000000000000001
7.04e-05,0.002
7.05e-05,0.0008
7.060000000000001e-05,0.0028
7.070000000000001e-05,0.0008
7.079999999999999e-05,0.0044
7.089999999999999e-05,0.0012000000000000001
7.099999999999999e-05,0.0044
7.11e-05,0.002
7.12e-05,0.0028
7.13e-05,0.0008
7.14e-05,0.0032
7.15e-05,0.0024000000000000002
7.16e-05,0.004
7.170000000000001e-05,0.0012000000000000001
7.180000000000001e-05,0.004
7.190000000000001e-05,0.0024000000000000002
7.199999999999999e-05,0.0032
7.209999999999999e-05,0.0016
7.219999999999999e-05,0.0024000000000000002
7.23e-05,0.0028
7.24e-05,0.0032
7.25e-05,0.002
7.26e-05,0.0024000000000000002
7.27e-05,0.0012000000000000001
7.280000000000001e-05,0.0028
7.290000000000001e-05,0.002
7.300000000000001e-05,0.0028
7.309999999999999e-05,0.0016
7.319999999999999e-05,0.002
7.329999999999999e-05,0.0024000000000000002
7.34e-05,0.0028
7.35e-05,0.0016
7.36e-05,0.0008
7.37e-05,0.0016
7.38e-05,0.0024000000000000002
7.390000000000001e-05,0.002
7.400000000000001e-05,0.002
7.410000000000001e-05,0.0024000000000000002
7.419999999999999e-05,0.0016
7.429999999999999e-05,0.0028
7.439999999999999e-05,0.0012000000000000001
7.45e-05,0.0024000000000000002
7.46e-05,0.0008
7.47e-05,0.0028
7.48e-05,0.0016
7.49e-05,0.0028
7.500000000000001e-05,0.002
7.510000000000001e-05,0.0028
7.520000000000001e-05,0.0032
7.529999999999999e-05,0.0044
7.539999999999999e-05,0.0016
7.549999999999999e-05,0.0032
7.56e-05,0.0012000000000000001
7.57e-05,0.004
7.58e-05,0.0024000000000000002
7.59e-05,0.0032
7.6e-05,0.0008
7.61e-05,0.0028
7.620000000000001e-05,0.0024000000000000002
7.630000000000001e-05,0.0028
7.639999999999999e-05,0.0016
7.649999999999999e-05,0.0008
7.659999999999999e-05,0.0008
7.67e-05,0.0036000000000000003
7.68e-05,0.0004
7.69e-05,0.0012000000000000001
7.7e-05,0.0004
7.71e-05,0.0024000000000000002
7.72e-05,0.0004
7.730000000000001e-05,0.0012000000000000001
7.740000000000001e-05,0.0004
7.749999999999999e-05,0.0024000000000000002
7.759999999999999e-05,0.0016
7.769999999999999e-05,0.002
7.78e-05,0.0008
7.79e-05,0.0012000000000000001
7.8e-05,0.0016
7.81e-05,0.0024000000000000002
7.82e-05,0.0024000000000000002
7.83e-05,0.0016
7.840000000000001e-05,0.0028
7.850000000000001e-05,0.004
7.859999999999999e-05,0.0036000000000000003
7.869999999999999e-05,0.0024000000000000002
7.879999999999999e-05,0.0016
7.89e-05,0.0036000000000000003
7.9e-05,0.002
7.91e-05,0.0028
7.92e-05,0.0012000000000000001
7.93e-05,0.0008
7.94e-05,0.0036000000000000003
7.950000000000001e-05,0.0028
7.960000000000001e-05,0.0016
7.969999999999999e-05,0.0012000000000000001
7.979999999999999e-05,0.002
7.989999999999999e-05,0.002
7.999999999999999e-05,0.0012000000000000001
8.01e-05,0.0008
8.02e-05,0.0008
8.03e-05,0.0008
8.04e-05,0.0024000000000000002
8.05e-05,-0.0004
8.060000000000001e-05,0.0012000000000000001
8.070000000000001e-05,0.0004
8.080000000000001e-05,0.0024000000000000002
8.089999999999999e-05,0.0024000000000000002
8.099999999999999e-05,0.002
8.109999999999999e-05,0.0008
8.12e-05,0.002
8.13e-05,0.002
8.14e-05,0.0044
8.15e-05,0.0024000000000000002
8.16e-05,0.0048000000000000004
8.170000000000001e-05,0.0008
8.180000000000001e-05,0.004
8.190000000000001e-05,0.0028
8.199999999999999e-05,0.0036000000000000003
8.209999999999999e-05,0.0016
8.219999999999999e-05,0.0036000000000000003
8.23e-05,0.002
8.24e-05,0.004
8.25e-05,0.0004
8.26e-05,0.0024000000000000002
8.27e-05,0.0016
8.280000000000001e-05,0.0036000000000000003
8.290000000000001e-05,0.0016
8.300000000000001e-05,0.0024000000000000002
8.309999999999999e-05,0.0032
8.319999999999999e-05,0.002
8.329999999999999e-05,0.0016
8.34e-05,0.0016
8.35e-05,0.0012000000000000001
8.36e-05,0.0028
8.37e-05,0.0012000000000000001
8.38e-05,0.0024000000000000002
8.39e-05,0.0012000000000000001
8.400000000000001e-05,0.0016
8.410000000000001e-05,0.0028
8.419999999999999e-05,0.0016
8.429999999999999e-05,0.0024000000000000002
8.439999999999999e-05,0.0
8.45e-05,0.002
8.46e-05,0.0016
8.47e-05,0.002
8.48e-05,0.002
8.49e-05,0.002
8.5e-05,0.0028
8.510000000000001e-05,0.004
8.520000000000001e-05,0.0016
8.529999999999999e-05,0.0032
8.539999999999999e-05,0.0012000000000000001
8.549999999999999e-05,0.005200000000000001
8.56e-05,0.0008
8.57e-05,0.0036000000000000003
8.58e-05,0.0008
8.59e-05,0.0032
8.6e-05,0.0032
8.61e-05,0.0028
8.620000000000001e-05,0.0004
8.630000000000001e-05,0.0028
8.639999999999999e-05,0.0016
8.649999999999999e-05,0.0044
8.659999999999999e-05,0.0012000000000000001
8.669999999999999e-05,0.0024000000000000002
8.68e-05,0.0
8.69e-05,0.0024000000000000002
8.7e-05,0.0012000000000000001
8.71e-05,0.0016
8.72e-05,0.0004
8.730000000000001e-05,0.0032
8.740000000000001e-05,0.0008
8.749999999999999e-05,0.002
8.759999999999999e-05,0.0012000000000000001
8.769999999999999e-05,0.0016
8.779999999999999e-05,0.0032
8.79e-05,0.0028
8.8e-05,0.0024000000000000002
8.81e-05,-0.0004
8.82e-05,0.0036000000000000003
8.83e-05,0.0028
8.840000000000001e-05,0.0032
8.850000000000001e-05,0.002
8.859999999999999e-05,0.0024000000000000002
8.869999999999999e-05,0.0028
8.879999999999999e-05,0.0032
8.889999999999999e-05,0.0004
8.9e-05,0.0032
8.91e-05,0.0008
8.92e-05,0.004
8.93e-05,0.0004
8.94e-05,0.0036000000000000003
8.950000000000001e-05,0.0024000000000000002
8.960000000000001e-05,0.0032
8.970000000000001e-05,0.0024000000000000002
8.979999999999999e-05,0.0032
8.989999999999999e-05,0.0008
8.999999999999999e-05,0.0008
9.01e-05,0.0
9.02e-05,0.0032
9.03e-05,0.0
9.04e-05,0.0024000000000000002
9.05e-05,-0.0008
9.06e-05,0.0032
9.070000000000001e-05,0.002
9.080000000000001e-05,0.002
9.089999999999999e-05,0.0004
9.099999999999999e-05,0.002
9.109999999999999e-05,0.0016
9.12e-05,0.0028
9.13e-05,0.0016
9.14e-05,0.0024000000000000002
9.15e-05,0.002
9.16e-05,0.0028
9.17e-05,0.004
9.180000000000001e-05,0.0008
9.190000000000001e-05,0.0024000000000000002
9.199999999999999e-05,0.0032
9.209999999999999e-05,0.004
9.219999999999999e-05,0.0024000000000000002
9.23e-05,0.0024000000000000002
9.24e-05,0.002
9.25e-05,0.0036000000000000003
9.26e-05,0.0028
9.27e-05,0.0024000000000000002
9.28e-05,0.0
9.290000000000001e-05,0.0036000000000000003
9.300000000000001e-05,0.0012000000000000001
9.309999999999999e-05,0.004
9.319999999999999e-05,-0.0004
9.329999999999999e-05,0.0016
9.34e-05,0.0
9.35e-05,0.002
9.36e-05,0.002
9.37e-05,0.0024000000000000002
9.38e-05,0.0004
9.39e-05,0.0036000000000000003
9.400000000000001e-05,0.0012000000000000001
9.410000000000001e-05,0.0032
9.419999999999999e-05,-0.0012000000000000001
9.429999999999999e-05,0.0036000000000000003
9.439999999999999e-05,0.0004
9.449999999999999e-05,0.0028
9.46e-05,0.0008
9.47e-05,0.0036000000000000003
9.48e-05,0.002
9.49e-05,0.004
9.5e-05,0.0024000000000000002
9.510000000000001e-05,0.0036000000000000003
9.520000000000001e-05,0.0016
9.529999999999999e-05,0.004
9.539999999999999e-05,0.0028
9.549999999999999e-05,0.0036000000000000003
9.559999999999999e-05,0.0016
9.57e-05,0.0028
9.58e-05,0.0032
9.59e-05,0.0032
9.6e-05,0.0024000000000000002
9.61e-05,0.0016
9.620000000000001e-05,0.0028
9.630000000000001e-05,0.0016
9.639999999999999e-05,0.002
9.649999999999999e-05,0.0016
9.659999999999999e-05,0.0024000000000000002
9.669999999999999e-05,0.0004
9.68e-05,0.002
9.69e-05,-0.0008
9.7e-05,0.002
9.71e-05,0.0
9.72e-05,0.0028
9.730000000000001e-05,0.0008
9.740000000000001e-05,0.0024000000000000002
9.750000000000001e-05,0.0008
9.759999999999999e-05,0.0024000000000000002
9.769999999999999e-05,0.0024000000000000002
9.779999999999999e-05,0.004
9.79e-05,0.0008
9.8e-05,0.0048000000000000004
9.81e-05,0.0016
9.82e-05,0.0048000000000000004
9.83e-05,0.0024000000000000002
9.84e-05,0.004
9.850000000000001e-05,0.0028
9.860000000000001e-05,0.0032
9.869999999999999e-05,0.0028
9.879999999999999e-05,0.002
9.889999999999999e-05,0.0016
9.9e-05,0.0036000000000000003
9.91e-05,0.0024000000000000002
9.92e-05,0.0044
9.93e-05,0.0008
9.94e-05,0.0028
9.95e-05,0.0024000000000000002
9.960000000000001e-05,0.0032
9.970000000000001e-05,0.0008
9.979999999999999e-05,0.002
9.989999999999999e-05,0.002
9.999999999999999e-05,0.0024000000000000002
0.0001001,0.0016
0.0001002,0.0008
0.0001003,0.0004
0.0001004,0.002
0.0001005,0.0036000000000000003
0.0001006,0.002
0.00010070000000000001,0.0024000000000000002
0.00010080000000000001,0.0012000000000000001
0.00010089999999999999,0.0032
0.00010099999999999999,0.0024000000000000002
0.00010109999999999999,0.0028
0.0001012,0.0016
0.0001013,0.0036000000000000003
0.0001014,0.002
0.0001015,0.0032
0.0001016,0.0012000000000000001
0.0001017,0.0028
0.00010180000000000001,0.0012000000000000001
0.00010190000000000001,0.0044
0.00010199999999999999,0.0012000000000000001
0.00010209999999999999,0.0032
0.00010219999999999999,0.0024000000000000002
0.00010229999999999999,0.004
0.0001024,0.0024000000000000002
0.0001025,0.002
0.0001026,0.0016
0.0001027,0.0024000000000000002
0.0001028,0.0016
0.00010290000000000001,0.0036000000000000003
0.00010300000000000001,0.0008
0.00010309999999999999,0.002
0.00010319999999999999,0.0008
0.00010329999999999999,0.0028
0.00010339999999999999,0.0008
0.0001035,0.002
0.0001036,0.0004
0.0001037,0.0032
0.0001038,0.0024000000000000002
0.0001039,0.002
0.00010400000000000001,0.0012000000000000001
0.00010410000000000001,0.002
0.00010419999999999998,0.0016
0.00010429999999999999,0.0028
0.00010439999999999999,0.002
0.00010449999999999999,0.0012000000000000001
0.0001046,0.0016
0.0001047,0.0036000000000000003
0.0001048,0.0028
0.0001049,0.0024000000000000002
0.000105,0.0012000000000000001
0.00010510000000000001,0.0036000000000000003
0.00010520000000000001,0.0032
0.00010529999999999998,0.0024000000000000002
0.00010539999999999999,0.0016
0.00010549999999999999,0.0016
0.00010559999999999999,0.0036000000000000003
0.0001057,0.0016
0.0001058,0.0024000000000000002
0.0001059,0.0008
0.000106,0.0032
0.0001061,0.0016
0.0001062,0.0012000000000000001
0.00010630000000000001,0.002
0.00010640000000000001,0.0008
0.00010649999999999999,0.0012000000000000001
0.00010659999999999999,0.0024000000000000002
0.00010669999999999999,0.0008
0.0001068,0.0016
0.0001069,0.0
0.000107,0.0028
0.0001071,0.0012000000000000001
0.0001072,0.0024000000000000002
0.0001073,0.0016
0.00010740000000000001,0.0024000000000000002
0.00010750000000000001,0.002
0.00010759999999999999,0.0036000000000000003
0.00010769999999999999,0.0024000000000000002
0.00010779999999999999,0.0028
0.0001079,0.0024000000000000002
0.000108,0.0036000000000000003
0.0001081,0.002
0.0001082,0.0028
0.0001083,0.0012000000000000001
0.0001084,0.002
0.00010850000000000001,0.0024000000000000002
0.00010860000000000001,0.0024000000000000002
0.00010869999999999999,0.0008
0.00010879999999999999,0.0024000000000000002
0.00010889999999999999,0.0012000000000000001
0.00010899999999999999,0.004
0.0001091,0.0012000000000000001
0.0001092,0.0028
0.0001093,0.002
0.0001094,0.002
0.0001095,0.0028
0.00010960000000000001,0.0016
0.00010970000000000001,0.0016
0.00010979999999999999,0.0012000000000000001
0.00010989999999999999,0.002
0.00010999999999999999,0.0028
0.00011009999999999999,0.0008
0.0001102,0.002
0.0001103,0.0008
0.0001104,0.0032
0.0001105,0.002
0.0001106,0.0008
0.00011070000000000001,0.0012000000000000001
0.00011080000000000001,0.0016
0.00011089999999999999,0.0024000000000000002
0.00011099999999999999,0.0012000000000000001
0.00011109999999999999,0.0008
0.00011119999999999999,0.0016
0.0001113,0.002
0.0001114,0.0032
0.0001115,0.0044
0.0001116,0.0012000000000000001
0.0001117,0.0028
0.00011180000000000001,0.0028
0.00011190000000000001,0.0028
0.00011199999999999998,0.0016
0.00011209999999999999,0.0028
0.00011219999999999999,0.0032
0.00011229999999999999,0.0028
0.0001124,0.0028
0.0001125,0.0028
0.0001126,0.0012000000000000001
0.0001127,0.0032
0.0001128,0.0016
0.0001129,0.0032
0.00011300000000000001,-0.0004
0.00011309999999999998,0.002
0.00011319999999999999,0.002
0.00011329999999999999,0.002
0.00011339999999999999,0.0008
0.0001135,0.0004
0.0001136,0.0012000000000000001
0.0001137,0.0016
0.0001138,0.0008
0.0001139,0.0016
0.000114,0.0008
0.00011410000000000001,0.0036000000000000003
0.00011420000000000001,0.0016
0.00011429999999999999,0.004
0.00011439999999999999,0.0024000000000000002
0.00011449999999999999,0.0028
0.0001146,0.0024000000000000002
0.0001147,0.0028
0.0001148,0.0028
0.0001149,0.0024000000000000002
0.000115,0.0028
0.0001151,0.0036000000000000003
0.00011519999999999998,0.0028
0.00011529999999999998,0.0036000000000000003
0.00011539999999999999,0.0016
0.00011549999999999999,0.0028
0.00011559999999999999,0.0032
0.0001157,0.0028
0.0001158,0.0024000000000000002
0.0001159,0.0028
0.000116,0.0012000000000000001
0.0001161,0.0024000000000000002
0.0001162,0.0008
0.00011630000000000001,0.002
0.00011640000000000001,0.002
0.00011650000000000001,0.0004
0.00011660000000000002,0.0024000000000000002
0.00011670000000000002,0.0008
0.00011680000000000002,0.0012000000000000001
0.00011690000000000002,0.0
0.00011699999999999997,0.0024000000000000002
0.00011709999999999997,0.002
0.00011719999999999998,0.0024000000000000002
0.00011729999999999998,0.0016
0.00011739999999999998,0.0008
0.00011749999999999998,0.0032
0.00011759999999999999,0.0028
0.00011769999999999999,0.0016
0.00011779999999999999,0.002
0.00011789999999999999,0.0028
0.000118,0.004
0.0001181,0.0016
0.0001182,0.0028
0.0001183,0.0024000000000000002
0.0001184,0.0028
0.00011850000000000001,0.0028
0.00011860000000000001,0.0028
0.00011870000000000001,0.0032
0.00011880000000000001,0.0024000000000000002
0.00011890000000000002,0.0028
0.00011900000000000002,0.0048000000000000004
0.00011910000000000002,0.002
0.00011920000000000002,0.0024000000000000002
0.00011929999999999997,0.0012000000000000001
0.00011939999999999997,0.0036000000000000003
0.00011949999999999998,0.002
0.00011959999999999998,0.0028
0.00011969999999999998,0.002
0.00011979999999999998,0.002
0.00011989999999999999,0.002
0.00011999999999999999,0.0024000000000000002
0.00012009999999999999,0.0012000000000000001
0.0001202,0.0012000000000000001
0.0001203,0.0016
0.0001204,0.0024000000000000002
0.0001205,0.0016
0.0001206,0.0016
0.0001207,0.002
0.00012080000000000001,0.0012000000000000001
0.00012090000000000001,0.0024000000000000002
