t,V1
-0.00025,0.0012000000000000001
-0.0002498,0.0024000000000000002
-0.0002496,0.0012000000000000001
-0.0002494,0.0032
-0.0002492,0.0016
-0.000249,0.0012000000000000001
-0.00024880000000000003,-0.0008
-0.0002486,0.0004
-0.0002484,0.0004
-0.0002482,0.002
-0.000248,0.002
-0.0002478,0.0028
-0.0002476,0.0
-0.0002474,0.0012000000000000001
-0.0002472,0.0024000000000000002
-0.000247,0.004
-0.0002468,0.0032
-0.00024660000000000003,0.0012000000000000001
-0.0002464,0.0008
-0.0002462,0.0004
-0.000246,0.0024000000000000002
-0.0002458,0.0028
-0.0002456,-0.0004
-0.0002454,0.0
-0.0002452,-0.002
-0.000245,0.002
-0.0002448,0.0032
-0.0002446,0.0028
-0.00024440000000000003,0.0032
-0.0002442,0.0012000000000000001
-0.000244,0.0012000000000000001
-0.00024380000000000002,0.0024000000000000002
-0.0002436,0.004
-0.0002434,0.0024000000000000002
-0.0002432,0.0024000000000000002
-0.000243,0.0016
-0.0002428,0.0012000000000000001
-0.00024260000000000002,0.0024000000000000002
-0.0002424,0.0024000000000000002
-0.0002422,0.0016
-0.000242,0.0028
-0.0002418,0.0016
-0.00024160000000000002,0.0036000000000000003
-0.0002414,0.0044
-0.0002412,0.0048000000000000004
-0.000241,0.0032
-0.0002408,0.0036000000000000003
-0.0002406,0.0032
-0.00024040000000000002,0.0044
-0.0002402,0.0036000000000000003
-0.00024,0.004
-0.0002398,0.002
-0.0002396,0.002
-0.00023940000000000002,0.0004
-0.00023920000000000001,0.0032
-0.000239,0.0008
-0.0002388,0.0028
-0.0002386,0.002
-0.0002384,0.0028
-0.00023820000000000002,0.0024000000000000002
-0.000238,0.002
-0.0002378,0.0024000000000000002
-0.0002376,0.0024000000000000002
-0.0002374,0.0024000000000000002
-0.00023720000000000002,0.0036000000000000003
-0.00023700000000000001,0.0
-0.0002368,0.0016
-0.0002366,-0.0008
-0.0002364,0.0004
-0.0002362,0.0
-0.00023600000000000002,0.0008
-0.0002358,0.0
-0.0002356,-0.0012000000000000001
-0.0002354,-0.0004
-0.0002352,0.0
-0.00023500000000000002,0.0016
-0.00023480000000000002,0.004
-0.0002346,0.0016
-0.0002344,0.0016
-0.0002342,0.0016
-0.000234,0.0028
-0.0002338,0.0036000000000000003
-0.0002336,0.002
-0.0002334,0.0024000000000000002
-0.0002332,0.0004
-0.000233,0.0012000000000000001
-0.00023280000000000002,0.0
-0.00023260000000000002,0.0028
-0.0002324,0.002
-0.0002322,-0.0004
-0.000232,0.0008
-0.0002318,0.0016
-0.0002316,0.004
-0.00023140000000000001,0.0056
-0.0002312,0.0032
-0.000231,0.0036000000000000003
-0.0002308,0.0016
-0.0002306,0.006
-0.00023040000000000002,0.0036000000000000003
-0.0002302,0.006
-0.00023,0.004
-0.0002298,0.002
-0.0002296,0.0012000000000000001
-0.0002294,0.0012000000000000001
-0.00022920000000000001,0.0024000000000000002
-0.000229,0.0024000000000000002
-0.0002288,0.0008
-0.0002286,0.0012000000000000001
-0.0002284,0.0004
-0.00022820000000000002,0.0048000000000000004
-0.000228,0.0028
-0.0002278,0.005200000000000001
-0.0002276,0.002
-0.0002274,0.0008
-0.0002272,0.0024000000000000002
-0.00022700000000000002,0.0024000000000000002
-0.0002268,0.0024000000000000002
-0.0002266,0.0016
-0.0002264,0.0
-0.0002262,-0.0004
-0.00022600000000000002,-0.0012000000000000001
-0.0002258,0.0
-0.0002256,-0.0012000000000000001
-0.0002254,-0.0012000000000000001
-0.0002252,-0.0004
-0.000225,-0.0008
-0.00022480000000000002,0.0016
-0.0002246,0.002
-0.0002244,0.0028
-0.0002242,0.0024000000000000002
-0.000224,0.0024000000000000002
-0.00022380000000000002,0.0024000000000000002
-0.00022360000000000001,0.002
-0.0002234,0.0032
-0.0002232,0.002
-0.000223,0.0012000000000000001
-0.0002228,0.0012000000000000001
-0.00022260000000000002,-0.0004
-0.0002224,0.0012000000000000001
-0.0002222,0.0004
-0.000222,0.0024000000000000002
-0.0002218,0.0016
-0.00022160000000000002,0.0032
-0.00022140000000000001,0.0028
-0.0002212,0.0036000000000000003
-0.000221,0.004
-0.0002208,0.0036000000000000003
-0.0002206,0.0036000000000000003
-0.00022040000000000002,0.0048000000000000004
-0.0002202,0.0044
-0.00022,0.0056
-0.0002198,0.0024000000000000002
-0.0002196,0.0032
-0.00021940000000000002,0.0016
-0.00021920000000000002,0.0028
-0.000219,0.0012000000000000001
-0.0002188,0.0012000000000000001
-0.0002186,0.0008
-0.0002184,0.0004
-0.0002182,0.0012000000000000001
-0.000218,0.0024000000000000002
-0.0002178,0.002
-0.0002176,0.0016
-0.0002174,0.0008
-0.00021720000000000002,0.004
-0.00021700000000000002,0.0024000000000000002
-0.0002168,0.0016
-0.0002166,0.0
-0.0002164,-0.0004
-0.0002162,-0.0004
-0.000216,0.0008
-0.00021580000000000001,0.0004
-0.0002156,-0.0008
-0.0002154,-0.0012000000000000001
-0.0002152,0.0008
-0.00021500000000000002,-0.0008
-0.00021480000000000002,0.004
-0.0002146,0.0024000000000000002
-0.0002144,0.0024000000000000002
-0.0002142,0.0008
-0.000214,0.0012000000000000001
-0.0002138,0.0032
-0.00021360000000000001,0.0028
-0.0002134,0.0028
-0.0002132,0.0024000000000000002
-0.000213,0.0012000000000000001
-0.00021280000000000002,0.0012000000000000001
-0.00021260000000000002,0.0024000000000000002
-0.0002124,0.0032
-0.0002122,0.0012000000000000001
-0.000212,0.0012000000000000001
-0.0002118,0.0016
-0.0002116,0.0032
-0.00021140000000000002,0.006
-0.0002112,0.0056
-0.000211,0.0044
-0.0002108,0.0036000000000000003
-0.00021060000000000002,0.002
-0.00021040000000000002,0.004
-0.00021020000000000001,0.0036000000000000003
-0.00021,0.004
-0.0002098,0.0012000000000000001
-0.0002096,-0.0004
-0.0002094,0.0004
-0.00020920000000000002,-0.0004
-0.000209,0.0028
-0.0002088,0.0004
-0.0002086,0.0008
-0.00020840000000000002,-0.0008
-0.00020820000000000002,0.0012000000000000001
-0.00020800000000000001,0.0028
-0.0002078,0.0024000000000000002
-0.0002076,0.002
-0.0002074,0.0012000000000000001
-0.0002072,0.0008
-0.00020700000000000002,0.0024000000000000002
-0.0002068,-0.0004
-0.0002066,0.0016
-0.0002064,-0.0016
-0.0002062,-0.0012000000000000001
-0.00020600000000000002,-0.0012000000000000001
-0.00020580000000000002,0.0008
-0.0002056,0.0016
-0.0002054,0.0004
-0.0002052,0.0008
-0.000205,0.002
-0.0002048,0.0028
-0.0002046,0.0044
-0.0002044,0.0024000000000000002
-0.0002042,0.005200000000000001
-0.000204,0.0012000000000000001
-0.00020380000000000002,0.004
-0.00020360000000000002,0.0024000000000000002
-0.0002034,0.0016
-0.0002032,0.0012000000000000001
-0.000203,0.0024000000000000002
-0.0002028,0.002
-0.0002026,0.0024000000000000002
-0.00020240000000000001,0.002
-0.0002022,0.0024000000000000002
-0.000202,0.0028
-0.0002018,0.0056
-0.00020160000000000002,0.0044
-0.00020140000000000002,0.0068000000000000005
-0.0002012,0.0044
-0.000201,0.0028
-0.0002008,0.0032
-0.0002006,0.002
-0.0002004,0.0028
-0.00020020000000000001,0.0016
-0.0002,0.0004
-0.0001998,0.0008
-0.0001996,-0.0008
-0.00019940000000000002,0.0008
-0.00019920000000000002,-0.0004
-0.000199,0.0008
-0.0001988,0.0012000000000000001
-0.0001986,0.0012000000000000001
-0.0001984,0.0044
-0.0001982,0.0032
-0.00019800000000000002,0.0032
-0.0001978,0.0016
-0.0001976,0.0008
-0.0001974,0.002
-0.00019720000000000002,0.002
-0.00019700000000000002,0.002
-0.0001968,0.0
-0.0001966,-0.002
-0.0001964,-0.0008
-0.0001962,-0.0008
-0.000196,0.002
-0.00019580000000000002,0.0012000000000000001
-0.0001956,0.0012000000000000001
-0.0001954,0.0016
-0.0001952,0.0028
-0.00019500000000000002,0.0036000000000000003
-0.00019480000000000002,0.004
-0.00019460000000000001,0.002
-0.0001944,0.002
-0.0001942,0.0024000000000000002
-0.000194,0.0032
-0.0001938,0.0028
-0.00019360000000000002,0.0028
-0.0001934,0.0008
-0.0001932,0.0012000000000000001
-0.000193,0.0016
-0.00019280000000000002,0.0028
-0.00019260000000000002,0.0048000000000000004
-0.00019240000000000001,0.0036000000000000003
-0.0001922,0.0016
-0.000192,0.0024000000000000002
-0.0001918,0.0024000000000000002
-0.0001916,0.0056
-0.00019140000000000002,0.0036000000000000003
-0.0001912,0.004
-0.000191,0.0008
-0.0001908,0.002
-0.0001906,0.002
-0.00019040000000000002,0.0024000000000000002
-0.00019020000000000002,0.0024000000000000002
-0.00019,0.0012000000000000001
-0.0001898,0.0
-0.0001896,0.0012000000000000001
-0.0001894,0.0008
-0.0001892,0.0036000000000000003
-0.000189,0.0024000000000000002
-0.0001888,0.002
-0.0001886,0.0024000000000000002
-0.00018840000000000003,0.0048000000000000004
-0.00018820000000000002,0.0036000000000000003
-0.00018800000000000002,0.002
-0.0001878,0.0008
-0.0001876,-0.0016
-0.0001874,0.0
-0.0001872,0.0024000000000000002
-0.000187,0.0008
-0.00018680000000000001,0.002
-0.0001866,0.0
-0.0001864,-0.0012000000000000001
-0.00018620000000000003,-0.0004
-0.00018600000000000002,0.002
-0.00018580000000000002,0.0036000000000000003
-0.0001856,0.0024000000000000002
-0.0001854,0.0028
-0.0001852,0.0012000000000000001
-0.000185,0.0028
-0.0001848,0.0032
-0.00018460000000000001,0.0036000000000000003
-0.0001844,0.002
-0.0001842,0.0008
-0.00018400000000000003,0.0
-0.00018380000000000002,0.0028
-0.00018360000000000002,0.0004
-0.0001834,0.0008
-0.0001832,0.0004
-0.000183,0.002
-0.0001828,0.002
-0.0001826,0.004
-0.0001824,0.0044
-0.0001822,0.0044
-0.000182,0.0032
-0.00018180000000000003,0.004
-0.00018160000000000002,0.0024000000000000002
-0.00018140000000000002,0.0056
-0.0001812,0.004
-0.000181,0.0028
-0.0001808,0.0
-0.0001806,0.002
-0.0001804,0.002
-0.0001802,0.0024000000000000002
-0.00018,0.0016
-0.0001798,0.0016
-0.0001796,0.0008
-0.00017940000000000002,0.0
-0.00017920000000000002,0.0032
-0.00017900000000000001,0.004
-0.0001788,0.0024000000000000002
-0.0001786,0.004
-0.0001784,0.002
-0.0001782,0.0028
-0.000178,0.0024000000000000002
-0.0001778,0.0012000000000000001
-0.0001776,0.0008
-0.0001774,0.0008
-0.00017720000000000002,0.0004
-0.00017700000000000002,0.0004
-0.00017680000000000001,0.0016
-0.0001766,-0.0008
-0.0001764,-0.0012000000000000001
-0.0001762,-0.0012000000000000001
-0.000176,0.0
-0.0001758,0.0028
-0.0001756,0.0036000000000000003
-0.0001754,0.0028
-0.0001752,0.0036000000000000003
-0.00017500000000000003,0.0024000000000000002
-0.00017480000000000002,0.0032
-0.00017460000000000002,0.0016
-0.0001744,0.0032
-0.0001742,0.0012000000000000001
-0.000174,0.0012000000000000001
-0.0001738,0.0004
-0.0001736,0.0008
-0.0001734,0.0008
-0.0001732,0.0024000000000000002
-0.000173,0.0008
-0.00017280000000000003,0.0036000000000000003
-0.00017260000000000002,0.0012000000000000001
-0.00017240000000000002,0.0036000000000000003
-0.0001722,0.0024000000000000002
-0.000172,0.0036000000000000003
-0.0001718,0.0032
-0.0001716,0.0036000000000000003
-0.0001714,0.004
-0.00017120000000000001,0.0044
-0.000171,0.002
-0.0001708,0.0024000000000000002
-0.00017060000000000003,0.0008
-0.00017040000000000002,0.002
-0.00017020000000000002,0.002
-0.00017,0.0028
-0.0001698,-0.0004
-0.0001696,0.0008
-0.0001694,0.0
-0.0001692,0.0024000000000000002
-0.00016900000000000002,0.0012000000000000001
-0.0001688,0.0028
-0.0001686,0.0036000000000000003
-0.00016840000000000003,0.0036000000000000003
-0.00016820000000000002,0.0008
-0.00016800000000000002,0.0036000000000000003
-0.0001678,0.0016
-0.0001676,0.0024000000000000002
-0.0001674,0.002
-0.0001672,0.0024000000000000002
-0.000167,0.0028
-0.00016680000000000002,0.0004
-0.0001666,0.0008
-0.0001664,0.0
-0.00016620000000000003,0.0008
-0.00016600000000000002,0.0012000000000000001
-0.00016580000000000002,0.0012000000000000001
-0.00016560000000000001,0.0024000000000000002
-0.0001654,0.0008
-0.0001652,0.0024000000000000002
-0.000165,0.0024000000000000002
-0.0001648,0.002
-0.0001646,0.0028
-0.0001644,0.0024000000000000002
-0.0001642,0.0032
-0.00016400000000000003,0.0012000000000000001
-0.00016380000000000002,0.0016
-0.00016360000000000002,0.0008
-0.00016340000000000001,0.0
-0.0001632,0.0012000000000000001
-0.000163,0.0012000000000000001
-0.0001628,0.0028
-0.0001626,0.0028
-0.0001624,0.0028
-0.0001622,0.0028
-0.000162,0.0024000000000000002
-0.0001618,0.005200000000000001
-0.00016160000000000002,0.0028
-0.00016140000000000002,0.004
-0.00016120000000000002,0.002
-0.000161,0.0016
-0.0001608,0.0012000000000000001
-0.0001606,0.0012000000000000001
-0.0001604,0.0008
-0.0001602,0.0012000000000000001
-0.00016,0.0016
-0.0001598,0.002
-0.0001596,0.0008
-0.00015940000000000003,0.0048000000000000004
-0.00015920000000000002,0.0012000000000000001
-0.00015900000000000002,0.0036000000000000003
-0.0001588,0.0024000000000000002
-0.0001586,0.0044
-0.0001584,0.0044
-0.0001582,0.004
-0.000158,0.002
-0.00015780000000000001,0.0012000000000000001
-0.0001576,0.0004
-0.0001574,0.0024000000000000002
-0.00015720000000000003,0.0004
-0.00015700000000000002,0.0024000000000000002
-0.00015680000000000002,-0.0012000000000000001
-0.0001566,0.0008
-0.0001564,0.0004
-0.0001562,0.0004
-0.000156,0.0032
-0.0001558,0.0028
-0.00015560000000000001,0.0028
-0.0001554,0.0036000000000000003
-0.0001552,0.0016
-0.00015500000000000003,0.0044
-0.00015480000000000002,0.0012000000000000001
-0.00015460000000000002,0.002
-0.0001544,0.0004
-0.0001542,0.0012000000000000001
-0.000154,0.002
-0.0001538,0.0004
-0.0001536,-0.0008
-0.00015340000000000002,0.0
-0.0001532,-0.0008
-0.000153,0.0024000000000000002
-0.00015280000000000003,0.0028
-0.00015260000000000002,0.0036000000000000003
-0.00015240000000000002,0.0028
-0.0001522,0.0028
-0.000152,0.0016
-0.0001518,0.0044
-0.0001516,0.0036000000000000003
-0.0001514,0.0028
-0.00015120000000000002,0.0028
-0.000151,0.0004
-0.0001508,0.002
-0.00015060000000000003,0.0024000000000000002
-0.00015040000000000002,0.002
-0.00015020000000000002,0.002
-0.00015000000000000001,-0.0004
-0.0001498,0.0008
-0.0001496,0.0028
-0.0001494,0.0048000000000000004
-0.0001492,0.0044
-0.000149,0.0024000000000000002
-0.0001488,0.0028
-0.0001486,0.0032
-0.00014840000000000003,0.004
-0.00014820000000000002,0.0048000000000000004
-0.00014800000000000002,-0.0004
-0.00014780000000000001,0.0008
-0.0001476,-0.0012000000000000001
-0.0001474,0.0004
-0.0001472,0.002
-0.000147,0.0016
-0.0001468,0.0004
-0.0001466,0.0
-0.0001464,0.0008
-0.00014620000000000003,0.002
-0.00014600000000000003,0.0028
-0.00014580000000000002,0.0032
-0.00014560000000000002,0.0012000000000000001
-0.0001454,0.0024000000000000002
-0.0001452,0.0024000000000000002
-0.000145,0.0024000000000000002
-0.0001448,0.0024000000000000002
-0.0001446,0.0
-0.0001444,-0.0008
-0.0001442,0.0004
-0.000144,0.0012000000000000001
-0.00014380000000000003,0.0028
-0.00014360000000000002,0.0008
-0.00014340000000000002,0.0
-0.0001432,-0.0008
-0.000143,0.0032
-0.0001428,0.0044
-0.0001426,0.0048000000000000004
-0.0001424,0.0032
-0.00014220000000000001,0.0012000000000000001
-0.000142,0.0016
-0.0001418,0.0036000000000000003
-0.00014160000000000003,0.0032
-0.00014140000000000002,0.0036000000000000003
-0.00014120000000000002,0.0008
-0.000141,0.0008
-0.0001408,0.0012000000000000001
-0.0001406,0.0024000000000000002
-0.0001404,0.0024000000000000002
-0.0001402,0.0016
-0.00014000000000000001,0.0016
-0.0001398,0.0024000000000000002
-0.0001396,0.0032
-0.00013940000000000003,0.005200000000000001
-0.00013920000000000002,0.0028
-0.00013900000000000002,0.0028
-0.0001388,0.0016
-0.0001386,0.002
-0.0001384,0.0024000000000000002
-0.0001382,0.0032
-0.000138,0.0
-0.00013780000000000002,-0.0008
-0.0001376,-0.0016
-0.0001374,0.0024000000000000002
-0.00013720000000000003,0.0016
-0.00013700000000000002,0.0048000000000000004
-0.00013680000000000002,0.0004
-0.0001366,0.0008
-0.0001364,0.0004
-0.0001362,0.0028
-0.000136,0.005200000000000001
-0.0001358,0.004
-0.00013560000000000002,0.002
-0.0001354,0.0008
-0.0001352,0.0
-0.00013500000000000003,0.002
-0.00013480000000000002,0.0008
-0.00013460000000000002,-0.0004
-0.00013440000000000001,-0.0024000000000000002
-0.0001342,0.0
-0.000134,0.0012000000000000001
-0.0001338,0.0028
-0.0001336,0.0028
-0.00013340000000000002,0.0012000000000000001
-0.0001332,0.0008
-0.000133,0.0032
-0.00013280000000000003,0.0036000000000000003
-0.00013260000000000002,0.007200000000000001
-0.00013240000000000002,0.0028
-0.00013220000000000001,0.002
-0.000132,0.0004
-0.0001318,0.0024000000000000002
-0.0001316,0.0032
-0.0001314,0.0028
-0.0001312,0.0016
-0.000131,-0.0004
-0.0001308,0.0004
-0.00013060000000000003,0.0012000000000000001
-0.00013040000000000003,0.002
-0.00013020000000000002,0.004
-0.00013000000000000002,0.002
-0.0001298,0.0024000000000000002
-0.0001296,0.0032
-0.0001294,0.0056
-0.0001292,0.005200000000000001
-0.000129,0.0032
-0.00012880000000000001,0.002
-0.0001286,0.0008
-0.0001284,0.0028
-0.00012820000000000003,0.0024000000000000002
-0.00012800000000000002,0.0016
-0.00012780000000000002,0.0024000000000000002
-0.0001276,-0.002
-0.0001274,0.0004
-0.0001272,0.0024000000000000002
-0.00012700000000000002,0.0024000000000000002
-0.00012680000000000002,0.0036000000000000003
-0.00012660000000000001,0.002
-0.0001264,0.0012000000000000001
-0.0001262,0.002
-0.000126,0.0028
-0.00012580000000000002,0.0048000000000000004
-0.00012560000000000002,0.0028
-0.0001254,0.0016
-0.0001252,0.0
-0.000125,0.0004
-0.0001248,0.0016
-0.00012460000000000002,0.0012000000000000001
-0.00012440000000000002,0.0004
-0.0001242,-0.0004
-0.000124,-0.0004
-0.0001238,0.0004
-0.00012360000000000002,0.0016
-0.00012340000000000002,0.0016
-0.0001232,0.0016
-0.000123,0.002
-0.0001228,0.0016
-0.0001226,0.0044
-0.00012240000000000002,0.0044
-0.00012220000000000002,0.0012000000000000001
-0.00012200000000000001,0.002
-0.0001218,0.0008
-0.0001216,0.0016
-0.00012140000000000002,0.002
-0.00012120000000000002,0.0016
-0.00012100000000000001,0.0012000000000000001
-0.00012080000000000001,-0.0004
-0.0001206,0.0008
-0.0001204,0.0016
-0.00012020000000000002,0.0024000000000000002
-0.00012000000000000002,0.004
-0.00011980000000000001,0.0024000000000000002
-0.00011960000000000001,0.0036000000000000003
-0.0001194,0.004
-0.00011920000000000002,0.0044
-0.00011900000000000002,0.004
-0.00011880000000000001,0.0028
-0.00011860000000000001,0.004
-0.0001184,0.0032
-0.0001182,0.002
-0.00011800000000000002,0.0016
-0.00011780000000000002,0.0004
-0.00011760000000000001,0.0012000000000000001
-0.00011740000000000001,0.0
-0.0001172,0.0012000000000000001
-0.000117,0.0012000000000000001
-0.00011680000000000002,0.0004
-0.00011660000000000002,0.0016
-0.00011640000000000001,0.0008
-0.0001162,0.0012000000000000001
-0.000116,0.0028
-0.00011580000000000002,0.0028
-0.00011560000000000002,0.0012000000000000001
-0.00011540000000000001,0.0012000000000000001
-0.00011520000000000001,0.0012000000000000001
-0.000115,0.0012000000000000001
-0.0001148,0.0008
-0.00011460000000000002,0.0
-0.00011440000000000002,-0.0004
-0.00011420000000000001,0.0016
-0.000114,-0.0004
-0.0001138,0.0016
-0.00011360000000000002,0.0004
-0.00011340000000000002,0.0004
-0.00011320000000000001,-0.0004
-0.00011300000000000001,0.002
-0.0001128,0.0016
-0.0001126,0.0032
-0.00011240000000000002,0.0028
-0.00011220000000000002,0.0012000000000000001
-0.00011200000000000001,0.0012000000000000001
-0.00011180000000000001,0.0028
-0.0001116,0.0024000000000000002
-0.00011140000000000002,0.0032
-0.00011120000000000002,0.002
-0.00011100000000000001,0.0008
-0.00011080000000000001,0.0012000000000000001
-0.0001106,0.002
-0.0001104,0.0028
-0.00011020000000000002,0.004
-0.00011000000000000002,0.0028
-0.00010980000000000001,0.004
-0.00010960000000000001,0.0048000000000000004
-0.0001094,0.0056
-0.0001092,0.0044
-0.00010900000000000002,0.005200000000000001
-0.00010880000000000002,0.0016
-0.00010860000000000001,0.0016
-0.0001084,0.004
-0.0001082,0.0032
-0.00010800000000000002,0.0036000000000000003
-0.00010780000000000002,0.0012000000000000001
-0.00010760000000000001,-0.0016
-0.00010740000000000001,0.0004
-0.0001072,0.002
-0.000107,0.0032
-0.00010680000000000002,0.0024000000000000002
-0.00010660000000000002,0.002
-0.00010640000000000001,0.0004
-0.0001062,0.002
-0.000106,0.0032
-0.00010580000000000002,0.0036000000000000003
-0.00010560000000000002,0.0028
-0.00010540000000000001,0.0004
-0.00010520000000000001,-0.0016
-0.000105,0.0004
-0.0001048,0.0
-0.00010460000000000002,0.0004
-0.00010440000000000002,-0.0012000000000000001
-0.00010420000000000001,-0.0008
-0.00010400000000000001,0.0
-0.0001038,0.0016
-0.00010360000000000002,0.0032
-0.00010340000000000002,0.0044
-0.00010320000000000001,0.0016
-0.00010300000000000001,0.0028
-0.0001028,0.0024000000000000002
-0.0001026,0.007200000000000001
-0.00010240000000000002,0.0044
-0.00010220000000000002,0.0032
-0.00010200000000000001,0.0008
-0.00010180000000000001,0.0012000000000000001
-0.0001016,0.0024000000000000002
-0.00010140000000000003,0.0044
-0.00010120000000000002,0.0024000000000000002
-0.00010100000000000002,0.0024000000000000002
-0.00010080000000000001,0.0004
-0.0001006,0.002
-0.0001004,0.0012000000000000001
-0.00010020000000000002,0.0044
-0.00010000000000000002,0.0028
-9.980000000000001e-05,0.0036000000000000003
-9.960000000000001e-05,0.0036000000000000003
-9.94e-05,0.004
-9.92e-05,0.0044
-9.900000000000002e-05,0.0036000000000000003
-9.880000000000002e-05,0.0012000000000000001
-9.860000000000001e-05,0.0024000000000000002
-9.84e-05,0.0008
-9.82e-05,0.0024000000000000002
-9.800000000000002e-05,0.0012000000000000001
-9.780000000000002e-05,0.0012000000000000001
-9.760000000000001e-05,-0.0024000000000000002
-9.740000000000001e-05,-0.0008
-9.72e-05,-0.0004
-9.7e-05,0.0012000000000000001
-9.680000000000002e-05,0.002
-9.660000000000002e-05,0.0028
-9.640000000000001e-05,-0.0004
-9.620000000000001e-05,0.0028
-9.6e-05,0.0004
-9.580000000000002e-05,0.0032
-9.560000000000002e-05,0.0012000000000000001
-9.540000000000001e-05,0.0016
-9.520000000000001e-05,0.0008
-9.5e-05,0.0004
-9.48e-05,0.0
-9.460000000000002e-05,0.0
-9.440000000000002e-05,0.0008
-9.420000000000001e-05,0.0008
-9.400000000000001e-05,-0.0004
-9.38e-05,0.0036000000000000003
-9.360000000000003e-05,0.002
-9.340000000000002e-05,0.0036000000000000003
-9.320000000000002e-05,0.002
-9.300000000000001e-05,0.0028
-9.28e-05,0.0044
-9.26e-05,0.004
-9.240000000000002e-05,0.0044
-9.220000000000002e-05,0.0024000000000000002
-9.200000000000001e-05,0.0028
-9.180000000000001e-05,0.0024000000000000002
-9.16e-05,0.0004
-9.14e-05,0.004
-9.120000000000002e-05,0.002
-9.100000000000002e-05,0.0028
-9.080000000000001e-05,0.0032
-9.06e-05,0.0028
-9.04e-05,0.0024000000000000002
-9.020000000000002e-05,0.0048000000000000004
-9.000000000000002e-05,0.0032
-8.980000000000001e-05,0.004
-8.960000000000001e-05,0.0036000000000000003
-8.94e-05,0.0032
-8.92e-05,0.0024000000000000002
-8.900000000000002e-05,0.0032
-8.880000000000002e-05,0.0004
-8.860000000000001e-05,0.0004
-8.840000000000001e-05,0.0016
-8.82e-05,0.0008
-8.800000000000002e-05,0.0012000000000000001
-8.780000000000002e-05,0.0008
-8.760000000000002e-05,0.0004
-8.740000000000001e-05,0.0016
-8.72e-05,0.0
-8.7e-05,0.0036000000000000003
-8.680000000000002e-05,0.0012000000000000001
-8.660000000000002e-05,0.0024000000000000002
-8.640000000000001e-05,0.0016
-8.620000000000001e-05,0.002
-8.6e-05,0.0016
-8.580000000000003e-05,0.0008
-8.560000000000002e-05,-0.0004
-8.540000000000002e-05,0.0008
-8.520000000000001e-05,0.0008
-8.5e-05,0.0008
-8.48e-05,0.0008
-8.460000000000002e-05,0.0012000000000000001
-8.440000000000002e-05,0.0004
-8.420000000000001e-05,0.002
-8.400000000000001e-05,0.0024000000000000002
-8.38e-05,0.0028
-8.360000000000003e-05,0.0044
-8.340000000000002e-05,0.0032
-8.320000000000002e-05,0.0036000000000000003
-8.300000000000001e-05,0.0032
-8.280000000000001e-05,0.0032
-8.26e-05,0.0032
-8.240000000000002e-05,0.0016
-8.220000000000002e-05,0.0028
-8.200000000000001e-05,0.0
-8.180000000000001e-05,0.0028
-8.16e-05,0.0008
-8.14e-05,0.0012000000000000001
-8.120000000000002e-05,0.0016
-8.100000000000002e-05,0.0028
-8.080000000000001e-05,0.0032
-8.060000000000001e-05,0.0032
-8.04e-05,0.002
-8.020000000000002e-05,0.0028
-8.000000000000002e-05,0.0032
-7.980000000000002e-05,0.0056
-7.960000000000001e-05,0.0044
-7.94e-05,0.005200000000000001
-7.92e-05,0.0032
-7.900000000000002e-05,0.0012000000000000001
-7.880000000000002e-05,0.0004
-7.860000000000001e-05,0.0016
-7.840000000000001e-05,0.0004
-7.82e-05,0.0008
-7.800000000000003e-05,0.0008
-7.780000000000002e-05,0.0004
-7.760000000000002e-05,0.0008
-7.740000000000001e-05,0.0024000000000000002
-7.72e-05,0.0008
-7.7e-05,0.0016
-7.680000000000002e-05,0.0024000000000000002
-7.660000000000002e-05,0.0036000000000000003
-7.640000000000001e-05,0.004
-7.620000000000001e-05,0.0028
-7.6e-05,0.0016
-7.580000000000003e-05,0.0012000000000000001
-7.560000000000002e-05,0.0004
-7.540000000000002e-05,0.0016
-7.520000000000001e-05,0.0004
-7.500000000000001e-05,0.002
-7.48e-05,-0.0016
-7.460000000000002e-05,0.0
-7.440000000000002e-05,-0.0004
-7.420000000000001e-05,-0.0004
-7.400000000000001e-05,0.0028
-7.38e-05,0.0024000000000000002
-7.36e-05,0.0012000000000000001
-7.340000000000002e-05,0.002
-7.320000000000002e-05,0.0012000000000000001
-7.300000000000001e-05,0.004
-7.280000000000001e-05,0.0024000000000000002
-7.26e-05,0.004
-7.240000000000003e-05,0.0012000000000000001
-7.220000000000002e-05,0.0028
-7.200000000000002e-05,0.0024000000000000002
-7.180000000000001e-05,0.0016
-7.16e-05,0.002
-7.14e-05,0.0008
-7.120000000000002e-05,-0.0008
-7.100000000000002e-05,0.0032
-7.080000000000001e-05,0.0012000000000000001
-7.060000000000001e-05,0.0048000000000000004
-7.04e-05,0.0016
-7.020000000000003e-05,0.0024000000000000002
-7.000000000000002e-05,0.0016
-6.980000000000002e-05,0.0032
-6.960000000000001e-05,0.0048000000000000004
-6.94e-05,0.0048000000000000004
-6.92e-05,0.0036000000000000003
-6.900000000000002e-05,0.002
-6.880000000000002e-05,0.0004
-6.860000000000001e-05,0.0028
-6.840000000000001e-05,0.0028
-6.82e-05,0.0028
-6.800000000000003e-05,0.0012000000000000001
-6.780000000000002e-05,0.0016
-6.760000000000002e-05,0.0004
-6.740000000000001e-05,0.0012000000000000001
-6.720000000000001e-05,0.0028
-6.7e-05,0.0004
-6.680000000000002e-05,0.002
-6.660000000000002e-05,0.0012000000000000001
-6.640000000000001e-05,0.0028
-6.620000000000001e-05,0.0044
-6.6e-05,0.0028
-6.58e-05,0.0008
-6.560000000000002e-05,0.0008
-6.540000000000002e-05,0.0012000000000000001
-6.520000000000001e-05,0.002
-6.500000000000001e-05,0.0024000000000000002
-6.48e-05,0.002
-6.460000000000003e-05,-0.0024000000000000002
-6.440000000000002e-05,0.0
-6.420000000000002e-05,-0.0016
-6.400000000000001e-05,0.0028
-6.38e-05,0.0024000000000000002
-6.36e-05,0.0008
-6.340000000000002e-05,0.0016
-6.320000000000002e-05,0.002
-6.300000000000001e-05,0.004
-6.280000000000001e-05,0.0044
-6.26e-05,0.0032
-6.240000000000003e-05,0.0028
-6.220000000000002e-05,0.0004
-6.200000000000002e-05,0.002
-6.180000000000001e-05,0.0024000000000000002
-6.16e-05,0.0024000000000000002
-6.14e-05,0.0004
-6.120000000000002e-05,-0.0004
-6.100000000000002e-05,0.0
-6.0800000000000014e-05,0.0016
-6.060000000000001e-05,0.0028
-6.0400000000000004e-05,0.0024000000000000002
-6.020000000000003e-05,0.002
-6.000000000000002e-05,0.0028
-5.980000000000002e-05,0.0004
-5.960000000000001e-05,0.0044
-5.940000000000001e-05,0.004
-5.92e-05,0.004
-5.9000000000000025e-05,0.0012000000000000001
-5.880000000000002e-05,0.0004
-5.8600000000000015e-05,0.0016
-5.840000000000001e-05,0.0028
-5.8200000000000005e-05,0.0028
-5.8e-05,0.0004
-5.780000000000002e-05,0.0008
-5.760000000000002e-05,0.0008
-5.740000000000001e-05,0.0016
-5.720000000000001e-05,0.0036000000000000003
-5.7e-05,0.0024000000000000002
-5.6800000000000025e-05,0.0008
-5.660000000000002e-05,0.0028
-5.6400000000000016e-05,0.0028
-5.620000000000001e-05,0.0056
-5.6000000000000006e-05,0.004
-5.58e-05,0.0024000000000000002
-5.560000000000002e-05,0.0012000000000000001
-5.540000000000002e-05,0.0008
-5.5200000000000014e-05,0.0016
-5.500000000000001e-05,0.002
-5.4800000000000004e-05,0.0024000000000000002
-5.4600000000000026e-05,0.0008
-5.440000000000002e-05,-0.0008
-5.4200000000000016e-05,0.0012000000000000001
-5.400000000000001e-05,0.0012000000000000001
-5.380000000000001e-05,0.0044
-5.36e-05,0.0012000000000000001
-5.3400000000000024e-05,0.0012000000000000001
-5.320000000000002e-05,0.0028
-5.3000000000000014e-05,0.0048000000000000004
-5.280000000000001e-05,0.0044
-5.2600000000000005e-05,0.0024000000000000002
-5.240000000000003e-05,0.0008
-5.220000000000002e-05,0.0016
-5.200000000000002e-05,0.0008
-5.180000000000001e-05,0.0024000000000000002
-5.160000000000001e-05,0.0016
-5.14e-05,0.0016
-5.1200000000000025e-05,-0.0016
-5.100000000000002e-05,-0.0008
-5.0800000000000015e-05,0.0
-5.060000000000001e-05,0.004
-5.0400000000000005e-05,0.0028
-5.020000000000003e-05,0.0028
-5.000000000000002e-05,0.0036000000000000003
-4.980000000000002e-05,0.0032
-4.960000000000001e-05,0.0048000000000000004
-4.940000000000001e-05,0.0048000000000000004
-4.92e-05,0.002
-4.9000000000000026e-05,0.0036000000000000003
-4.880000000000002e-05,0.0008
-4.8600000000000016e-05,0.0024000000000000002
-4.840000000000001e-05,0.0016
-4.8200000000000006e-05,0.0004
-4.8e-05,-0.0012000000000000001
-4.7800000000000023e-05,0.0
-4.760000000000002e-05,0.0008
-4.7400000000000014e-05,0.0032
-4.720000000000001e-05,0.0024000000000000002
-4.7000000000000004e-05,0.0032
-4.6800000000000026e-05,0.0008
-4.660000000000002e-05,0.0032
-4.6400000000000017e-05,0.0028
-4.620000000000001e-05,0.0056
-4.600000000000001e-05,0.0044
-4.58e-05,0.0012000000000000001
-4.5600000000000024e-05,0.0016
-4.540000000000002e-05,0.0012000000000000001
-4.5200000000000014e-05,0.0016
-4.500000000000001e-05,0.002
-4.4800000000000005e-05,0.0
-4.460000000000003e-05,0.0
-4.440000000000002e-05,-0.0008
-4.420000000000002e-05,0.0032
-4.400000000000001e-05,0.0024000000000000002
-4.380000000000001e-05,0.0024000000000000002
-4.36e-05,0.0008
-4.3400000000000025e-05,0.0012000000000000001
-4.320000000000002e-05,0.0036000000000000003
-4.3000000000000015e-05,0.0036000000000000003
-4.280000000000001e-05,0.0032
-4.2600000000000005e-05,0.0024000000000000002
-4.240000000000003e-05,0.0004
-4.220000000000002e-05,0.0004
-4.200000000000002e-05,0.0016
-4.180000000000001e-05,0.0016
-4.160000000000001e-05,0.0004
-4.1400000000000003e-05,0.0
-4.1200000000000026e-05,0.002
-4.100000000000002e-05,-0.0008
-4.0800000000000016e-05,0.0016
-4.060000000000001e-05,0.0008
-4.0400000000000006e-05,0.0036000000000000003
-4.02e-05,0.0032
-4.0000000000000024e-05,0.0036000000000000003
-3.980000000000002e-05,0.004
-3.9600000000000014e-05,0.004
-3.940000000000001e-05,0.002
-3.9200000000000004e-05,0.002
-3.9000000000000026e-05,0.0012000000000000001
-3.880000000000002e-05,0.002
-3.860000000000002e-05,0.0004
-3.840000000000001e-05,0.0028
-3.820000000000001e-05,-0.0004
-3.8e-05,0.0
-3.7800000000000024e-05,0.0012000000000000001
-3.760000000000002e-05,0.0016
-3.7400000000000015e-05,0.0028
-3.720000000000001e-05,0.004
-3.7000000000000005e-05,0.002
-3.680000000000003e-05,0.004
-3.660000000000002e-05,0.002
-3.640000000000002e-05,0.0032
-3.620000000000001e-05,0.0012000000000000001
-3.600000000000001e-05,0.0032
-3.58e-05,0.0004
-3.5600000000000025e-05,0.0024000000000000002
-3.540000000000002e-05,0.0012000000000000001
-3.5200000000000015e-05,0.0008
-3.500000000000001e-05,0.0012000000000000001
-3.4800000000000006e-05,0.0004
-3.460000000000003e-05,0.0008
-3.440000000000002e-05,0.002
-3.420000000000002e-05,0.0008
-3.400000000000001e-05,0.0032
-3.380000000000001e-05,0.0016
-3.3600000000000004e-05,0.0028
-3.3400000000000026e-05,0.0016
-3.320000000000002e-05,0.0016
-3.3000000000000016e-05,0.0032
-3.280000000000001e-05,0.0008
-3.2600000000000006e-05,0.0024000000000000002
-3.240000000000003e-05,0.0004
-3.2200000000000024e-05,0.0004
-3.200000000000002e-05,0.0008
-3.1800000000000014e-05,-0.0012000000000000001
-3.160000000000001e-05,0.0016
-3.1400000000000004e-05,0.0016
-3.1200000000000027e-05,0.0012000000000000001
-3.100000000000002e-05,0.002
-3.080000000000002e-05,0.0012000000000000001
-3.060000000000001e-05,0.0032
-3.0400000000000007e-05,0.002
-3.0200000000000002e-05,0.004
-3.0000000000000024e-05,0.002
-2.980000000000002e-05,0.0024000000000000002
-2.9600000000000015e-05,0.002
-2.940000000000001e-05,0.0024000000000000002
-2.9200000000000005e-05,0.0016
-2.9000000000000027e-05,0.0012000000000000001
-2.8800000000000022e-05,0.0
-2.8600000000000018e-05,0.0016
-2.8400000000000013e-05,0.0024000000000000002
-2.8200000000000008e-05,0.0036000000000000003
-2.8000000000000003e-05,0.0024000000000000002
-2.7800000000000025e-05,0.0024000000000000002
-2.760000000000002e-05,0.0008
-2.7400000000000015e-05,0.0024000000000000002
-2.720000000000001e-05,0.004
-2.7000000000000006e-05,0.005200000000000001
-2.6800000000000028e-05,0.004
-2.6600000000000023e-05,0.0036000000000000003
-2.6400000000000018e-05,0.002
-2.6200000000000013e-05,0.0032
-2.600000000000001e-05,0.0024000000000000002
-2.5800000000000004e-05,0.002
-2.5600000000000026e-05,-0.0004
-2.540000000000002e-05,0.0016
-2.5200000000000016e-05,0.0
-2.500000000000001e-05,0.0024000000000000002
-2.4800000000000007e-05,0.002
-2.460000000000003e-05,0.0
-2.4400000000000024e-05,0.0
-2.420000000000002e-05,0.0004
-2.4000000000000014e-05,0.0028
-2.380000000000001e-05,0.0056
-2.3600000000000004e-05,0.0036000000000000003
-2.3400000000000027e-05,0.002
-2.3200000000000022e-05,0.0012000000000000001
-2.3000000000000017e-05,0.0024000000000000002
-2.2800000000000012e-05,0.0032
-2.2600000000000007e-05,0.0024000000000000002
-2.2400000000000002e-05,0.002
-2.2200000000000025e-05,-0.0016
-2.200000000000002e-05,0.0
-2.1800000000000015e-05,0.0
-2.160000000000001e-05,0.0012000000000000001
-2.1400000000000005e-05,0.0012000000000000001
-2.1200000000000027e-05,0.0008
-2.1000000000000023e-05,0.0004
-2.0800000000000018e-05,0.002
-2.0600000000000013e-05,0.0032
-2.0400000000000008e-05,0.0044
-2.0200000000000003e-05,0.0024000000000000002
-2.0000000000000025e-05,0.0032
-1.980000000000002e-05,0.0024000000000000002
-1.9600000000000016e-05,0.0048000000000000004
-1.940000000000001e-05,0.0044
-1.9200000000000006e-05,0.0028
-1.9000000000000028e-05,0.0008
-1.8800000000000023e-05,0.0008
-1.860000000000002e-05,0.0012000000000000001
-1.8400000000000014e-05,0.0028
-1.820000000000001e-05,0.002
-1.8000000000000004e-05,0.0028
-1.7800000000000026e-05,0.0
-1.760000000000002e-05,0.002
-1.7400000000000016e-05,0.0032
-1.720000000000001e-05,0.0056
-1.7000000000000007e-05,0.005200000000000001
-1.680000000000003e-05,0.0024000000000000002
-1.6600000000000024e-05,0.002
-1.640000000000002e-05,0.0036000000000000003
-1.6200000000000014e-05,0.0044
-1.600000000000001e-05,0.0036000000000000003
-1.5800000000000005e-05,0.0012000000000000001
-1.5600000000000027e-05,0.0004
-1.5400000000000022e-05,-0.0008
-1.5200000000000017e-05,0.0024000000000000002
-1.5000000000000012e-05,0.002
-1.4800000000000007e-05,0.0012000000000000001
-1.4600000000000003e-05,-0.0008
-1.4400000000000025e-05,-0.0012000000000000001
-1.420000000000002e-05,0.0008
-1.4000000000000015e-05,0.0024000000000000002
-1.380000000000001e-05,0.004
-1.3600000000000005e-05,0.0032
-1.3400000000000028e-05,0.0012000000000000001
-1.3200000000000023e-05,0.004
-1.3000000000000018e-05,0.002
-1.2800000000000013e-05,0.0036000000000000003
-1.2600000000000008e-05,0.0024000000000000002
-1.2400000000000003e-05,0.0016
-1.2200000000000025e-05,0.0
-1.200000000000002e-05,0.0004
-1.1800000000000016e-05,0.0012000000000000001
-1.1600000000000011e-05,0.0016
-1.1400000000000006e-05,0.0008
-1.1200000000000028e-05,-0.0012000000000000001
-1.1000000000000023e-05,0.0004
-1.0800000000000019e-05,0.0024000000000000002
-1.0600000000000014e-05,0.0028
-1.0400000000000009e-05,0.0036000000000000003
-1.0200000000000004e-05,0.002
-1.0000000000000026e-05,0.002
-9.800000000000021e-06,0.0032
-9.600000000000017e-06,0.0048000000000000004
-9.400000000000012e-06,0.0044
-9.200000000000007e-06,0.002
-9.000000000000029e-06,0.0024000000000000002
-8.800000000000024e-06,0.0016
-8.60000000000002e-06,0.0028
-8.400000000000014e-06,0.0024000000000000002
-8.20000000000001e-06,0.002
-8.000000000000005e-06,0.0004
-7.800000000000027e-06,0.002
-7.600000000000022e-06,0.0028
-7.400000000000017e-06,0.0032
-7.200000000000012e-06,0.0024000000000000002
-7.0000000000000075e-06,0.0028
-6.800000000000003e-06,0.0008
-6.600000000000025e-06,0.004
-6.40000000000002e-06,0.0032
-6.200000000000015e-06,0.004
-6.00000000000001e-06,0.0028
-5.8000000000000326e-06,0.0016
-5.600000000000028e-06,0.0004
-5.400000000000023e-06,0.0012000000000000001
-5.200000000000018e-06,0.0004
-5.000000000000013e-06,0.0016
-4.800000000000008e-06,-0.0012000000000000001
-4.600000000000003e-06,0.0004
-4.3999999999999985e-06,-0.0012000000000000001
-4.199999999999994e-06,0.0012000000000000001
-4.000000000000043e-06,0.0012000000000000001
-3.800000000000038e-06,0.0016
-3.6000000000000333e-06,0.0024000000000000002
-3.4000000000000284e-06,0.0028
-3.2000000000000236e-06,0.0028
-3.0000000000000187e-06,0.0028
-2.800000000000014e-06,0.0016
-2.600000000000009e-06,0.0016
-2.400000000000004e-06,-0.0004
-2.1999999999999993e-06,0.0024000000000000002
-1.9999999999999944e-06,0.0004
-1.7999999999999895e-06,0.0024000000000000002
-1.6000000000000389e-06,0.0012000000000000001
-1.400000000000034e-06,0.0016
-1.2000000000000292e-06,0.0016
-1.0000000000000243e-06,0.002
-8.000000000000194e-07,0.0032
-6.000000000000146e-07,0.0036000000000000003
-4.000000000000097e-07,0.005200000000000001
-2.0000000000000486e-07,0.005200000000000001
0.0,0.0036000000000000003
2.0000000000000486e-07,0.004
4.000000000000097e-07,0.0016
5.999999999999604e-07,0.002
7.999999999999652e-07,0.0028
9.9999999999997e-07,0.002
1.199999999999975e-06,0.0012000000000000001
1.3999999999999798e-06,0.0008
1.5999999999999847e-06,0.0016
1.7999999999999895e-06,0.0008
1.9999999999999944e-06,0.0004
2.1999999999999993e-06,0.0024000000000000002
2.400000000000004e-06,0.0016
2.600000000000009e-06,0.0032
2.7999999999999596e-06,0.0036000000000000003
2.9999999999999645e-06,0.0048000000000000004
3.1999999999999694e-06,0.0032
3.3999999999999742e-06,0.0012000000000000001
3.599999999999979e-06,0.002
3.799999999999984e-06,0.0012000000000000001
3.999999999999989e-06,0.002
4.199999999999994e-06,0.0
4.3999999999999985e-06,-0.0004
4.600000000000003e-06,0.0
4.800000000000008e-06,-0.0024000000000000002
4.999999999999959e-06,-0.0004
5.199999999999964e-06,-0.0004
5.399999999999969e-06,0.0012000000000000001
5.5999999999999735e-06,0.0016
5.799999999999978e-06,0.0
5.999999999999983e-06,0.0032
6.199999999999988e-06,0.0032
6.399999999999993e-06,0.0036000000000000003
6.599999999999998e-06,0.0016
6.800000000000003e-06,0.002
7.0000000000000075e-06,0.0032
7.199999999999958e-06,0.0028
7.399999999999963e-06,0.004
7.599999999999968e-06,0.0016
7.799999999999973e-06,-0.0004
7.999999999999978e-06,-0.0004
8.199999999999982e-06,0.0008
8.399999999999987e-06,0.0028
8.599999999999992e-06,0.0016
8.799999999999997e-06,0.0024000000000000002
9.000000000000002e-06,0.0016
9.200000000000007e-06,0.0028
9.399999999999957e-06,0.0048000000000000004
9.599999999999962e-06,0.0048000000000000004
9.799999999999967e-06,0.0044
9.999999999999972e-06,0.0036000000000000003
1.0199999999999977e-05,0.002
1.0399999999999982e-05,0.005200000000000001
1.0599999999999987e-05,0.0016
1.0799999999999991e-05,0.0048000000000000004
1.0999999999999996e-05,0.0
1.1200000000000001e-05,-0.0004
1.1400000000000006e-05,0.0004
1.1599999999999957e-05,0.002
1.1799999999999962e-05,0.0028
1.1999999999999966e-05,0.0004
1.2199999999999971e-05,-0.0004
1.2399999999999976e-05,0.0016
1.2599999999999981e-05,0.0024000000000000002
1.2799999999999986e-05,0.0044
1.299999999999999e-05,0.0016
1.3199999999999996e-05,0.002
1.34e-05,0.0008
1.3600000000000005e-05,0.002
1.3799999999999956e-05,0.0024000000000000002
1.399999999999996e-05,0.0
1.4199999999999966e-05,-0.0004
1.439999999999997e-05,-0.0016
1.4599999999999975e-05,-0.0004
1.479999999999998e-05,0.002
1.4999999999999985e-05,0.0004
1.519999999999999e-05,0.0004
1.5399999999999995e-05,-0.0012000000000000001
1.56e-05,0.0016
1.5800000000000005e-05,0.0004
1.600000000000001e-05,0.0048000000000000004
1.619999999999996e-05,0.0032
1.6399999999999965e-05,0.0024000000000000002
1.659999999999997e-05,0.0028
1.6799999999999975e-05,0.0024000000000000002
1.699999999999998e-05,0.0024000000000000002
1.7199999999999984e-05,0.0032
1.739999999999999e-05,0.0016
1.7599999999999994e-05,0.0016
1.78e-05,0.0008
1.8000000000000004e-05,0.0032
1.820000000000001e-05,0.0024000000000000002
1.839999999999996e-05,0.002
1.8599999999999964e-05,0.0016
1.879999999999997e-05,0.0032
1.8999999999999974e-05,0.005200000000000001
1.919999999999998e-05,0.0056
1.9399999999999984e-05,0.0048000000000000004
1.959999999999999e-05,0.0044
1.9799999999999993e-05,0.0016
1.9999999999999998e-05,0.0036000000000000003
2.0200000000000003e-05,0.0036000000000000003
2.0400000000000008e-05,0.0032
2.059999999999996e-05,0.002
2.0799999999999963e-05,0.0012000000000000001
2.099999999999997e-05,0.0012000000000000001
2.1199999999999973e-05,0.0004
2.1399999999999978e-05,0.002
2.1599999999999983e-05,0.0004
2.1799999999999988e-05,0.0008
2.1999999999999993e-05,0.0016
2.2199999999999998e-05,0.0024000000000000002
2.2400000000000002e-05,0.0028
2.2600000000000007e-05,0.0028
2.2799999999999958e-05,0.0012000000000000001
2.2999999999999963e-05,0.002
2.3199999999999968e-05,-0.0004
2.3399999999999972e-05,0.0016
2.3599999999999977e-05,0.0012000000000000001
2.3799999999999982e-05,0.0016
2.3999999999999987e-05,-0.0008
2.4199999999999992e-05,0.0
2.4399999999999997e-05,0.0
2.46e-05,0.0
2.4800000000000007e-05,0.0012000000000000001
2.4999999999999957e-05,0.0008
2.5199999999999962e-05,0.0012000000000000001
2.5399999999999967e-05,0.0024000000000000002
2.5599999999999972e-05,0.0012000000000000001
2.5799999999999977e-05,0.0032
2.599999999999998e-05,0.0016
2.6199999999999986e-05,0.0036000000000000003
2.639999999999999e-05,0.0028
2.6599999999999996e-05,0.0024000000000000002
2.68e-05,0.0024000000000000002
2.7000000000000006e-05,0.002
2.7199999999999956e-05,0.0016
2.739999999999996e-05,0.0024000000000000002
2.7599999999999966e-05,0.0012000000000000001
2.779999999999997e-05,0.0028
2.7999999999999976e-05,0.0008
2.819999999999998e-05,0.004
2.8399999999999986e-05,0.0016
2.859999999999999e-05,0.0044
2.8799999999999995e-05,0.0032
2.9e-05,0.0024000000000000002
2.9200000000000005e-05,0.0036000000000000003
2.9399999999999956e-05,0.005200000000000001
2.959999999999996e-05,0.0048000000000000004
2.9799999999999965e-05,0.0048000000000000004
2.999999999999997e-05,0.002
3.0199999999999975e-05,0.002
3.039999999999998e-05,0.0008
3.0599999999999985e-05,0.0028
3.079999999999999e-05,0.0024000000000000002
3.0999999999999995e-05,0.0012000000000000001
3.12e-05,-0.0008
3.1400000000000004e-05,-0.0004
3.160000000000001e-05,0.0032
3.179999999999996e-05,0.0008
3.1999999999999965e-05,0.0016
3.219999999999997e-05,0.0016
3.2399999999999974e-05,0.002
3.259999999999998e-05,0.0032
3.2799999999999984e-05,0.0036000000000000003
3.299999999999999e-05,0.002
3.3199999999999994e-05,0.0
3.34e-05,0.0008
3.3600000000000004e-05,0.0008
3.380000000000001e-05,0.0028
3.399999999999996e-05,0.0032
3.4199999999999964e-05,-0.0004
3.439999999999997e-05,-0.0008
3.4599999999999974e-05,-0.0024000000000000002
3.479999999999998e-05,-0.0004
3.499999999999998e-05,0.0004
3.519999999999999e-05,0.0004
3.539999999999999e-05,0.0004
3.56e-05,0.0016
3.58e-05,0.0004
3.600000000000001e-05,0.0048000000000000004
3.619999999999996e-05,0.0028
3.639999999999996e-05,0.0032
3.659999999999997e-05,0.0
3.679999999999997e-05,0.0032
3.699999999999998e-05,0.0024000000000000002
3.719999999999998e-05,0.0036000000000000003
3.739999999999999e-05,0.002
3.759999999999999e-05,0.0004
3.78e-05,0.0
3.8e-05,0.002
3.820000000000001e-05,0.0024000000000000002
3.839999999999996e-05,0.0036000000000000003
3.859999999999996e-05,0.002
3.879999999999997e-05,0.002
3.899999999999997e-05,0.002
3.919999999999998e-05,0.005200000000000001
3.939999999999998e-05,0.0048000000000000004
3.959999999999999e-05,0.0048000000000000004
3.979999999999999e-05,0.0028
3.9999999999999996e-05,0.0024000000000000002
4.02e-05,0.0028
4.0400000000000006e-05,0.002
4.059999999999996e-05,0.0016
4.079999999999996e-05,0.002
4.0999999999999967e-05,0.0004
4.119999999999997e-05,0.0008
4.1399999999999976e-05,0.0024000000000000002
4.159999999999998e-05,0.0012000000000000001
4.1799999999999986e-05,0.0008
4.199999999999999e-05,0.0
4.2199999999999996e-05,0.002
4.24e-05,-0.0004
4.2600000000000005e-05,0.0044
4.2799999999999956e-05,0.0024000000000000002
4.299999999999996e-05,0.0032
4.3199999999999966e-05,0.002
4.339999999999997e-05,0.0012000000000000001
4.3599999999999976e-05,0.0016
4.379999999999998e-05,0.0012000000000000001
4.3999999999999985e-05,0.0008
4.419999999999999e-05,0.0024000000000000002
4.4399999999999995e-05,0.0004
4.46e-05,0.0004
4.4800000000000005e-05,-0.0012000000000000001
4.4999999999999955e-05,0.0008
4.519999999999996e-05,0.0004
4.5399999999999965e-05,0.0016
4.559999999999997e-05,0.002
4.5799999999999975e-05,0.0016
4.599999999999998e-05,0.0024000000000000002
4.6199999999999985e-05,0.0028
4.639999999999999e-05,0.0024000000000000002
4.6599999999999994e-05,0.004
4.68e-05,0.0024000000000000002
4.7000000000000004e-05,0.0028
4.7199999999999955e-05,0.0032
4.739999999999996e-05,0.0032
4.7599999999999964e-05,0.002
4.779999999999997e-05,0.0008
4.7999999999999974e-05,-0.0004
4.819999999999998e-05,0.0
4.8399999999999984e-05,0.004
4.859999999999999e-05,0.0028
4.8799999999999994e-05,0.0036000000000000003
4.9e-05,0.0028
4.92e-05,0.0008
4.940000000000001e-05,0.0028
4.959999999999996e-05,0.0048000000000000004
4.9799999999999964e-05,0.0032
4.999999999999997e-05,0.002
5.019999999999997e-05,0.0008
5.039999999999998e-05,0.0032
5.059999999999998e-05,0.002
5.079999999999999e-05,0.0012000000000000001
5.099999999999999e-05,-0.0008
5.12e-05,0.0
5.14e-05,-0.0012000000000000001
5.160000000000001e-05,0.0008
5.179999999999996e-05,0.0032
5.199999999999996e-05,0.0028
5.219999999999997e-05,0.0016
5.239999999999997e-05,0.0016
5.259999999999998e-05,0.0012000000000000001
5.279999999999998e-05,0.005200000000000001
5.299999999999999e-05,0.002
5.319999999999999e-05,0.0024000000000000002
5.34e-05,0.0004
5.36e-05,0.0008
5.380000000000001e-05,0.002
5.399999999999996e-05,0.002
5.419999999999996e-05,0.0008
5.439999999999997e-05,0.0004
5.459999999999997e-05,-0.0004
5.479999999999998e-05,0.0028
5.499999999999998e-05,0.0028
5.5199999999999986e-05,0.0032
5.539999999999999e-05,0.0012000000000000001
5.5599999999999996e-05,0.0008
5.58e-05,0.0024000000000000002
5.6000000000000006e-05,0.0036000000000000003
5.6199999999999957e-05,0.005200000000000001
5.639999999999996e-05,0.0028
5.6599999999999966e-05,0.0016
5.679999999999997e-05,0.0008
5.6999999999999976e-05,0.0008
5.719999999999998e-05,0.002
5.7399999999999986e-05,0.0008
5.759999999999999e-05,0.0004
5.7799999999999995e-05,-0.0004
5.8e-05,0.0
5.8200000000000005e-05,0.0032
5.8399999999999956e-05,0.0016
5.859999999999996e-05,0.0028
5.8799999999999966e-05,0.0024000000000000002
5.899999999999997e-05,0.004
5.9199999999999975e-05,0.0044
5.939999999999998e-05,0.0044
5.9599999999999985e-05,0.0044
5.979999999999999e-05,0.0028
5.9999999999999995e-05,0.0016
6.02e-05,0.0024000000000000002
6.0400000000000004e-05,0.0024000000000000002
6.0599999999999955e-05,0.0032
6.079999999999996e-05,-0.0004
6.0999999999999965e-05,0.0004
6.119999999999997e-05,-0.0004
6.139999999999997e-05,0.0012000000000000001
6.159999999999998e-05,0.0012000000000000001
6.179999999999998e-05,0.0016
6.199999999999999e-05,0.0016
6.22e-05,0.0032
6.24e-05,0.0032
6.26e-05,0.0036000000000000003
6.279999999999995e-05,0.0012000000000000001
6.299999999999996e-05,0.0032
6.319999999999996e-05,0.0012000000000000001
6.339999999999997e-05,0.0024000000000000002
6.359999999999997e-05,0.0012000000000000001
6.379999999999998e-05,0.0012000000000000001
6.399999999999998e-05,0.0024000000000000002
6.419999999999999e-05,0.0008
6.44e-05,0.0004
6.46e-05,-0.0004
6.48e-05,0.0004
6.499999999999995e-05,0.002
6.519999999999996e-05,0.0028
6.539999999999996e-05,0.0032
6.559999999999997e-05,0.0024000000000000002
6.579999999999997e-05,0.0016
6.599999999999998e-05,0.0028
6.619999999999998e-05,0.0032
6.639999999999999e-05,0.0036000000000000003
6.659999999999999e-05,0.0012000000000000001
6.68e-05,0.0016
6.7e-05,0.0008
6.720000000000001e-05,0.0016
6.739999999999996e-05,0.0008
6.759999999999996e-05,0.0008
6.779999999999997e-05,0.0
6.799999999999997e-05,0.0008
6.819999999999998e-05,0.0036000000000000003
6.839999999999998e-05,0.0036000000000000003
6.859999999999999e-05,0.0024000000000000002
6.879999999999999e-05,0.0036000000000000003
6.9e-05,0.0012000000000000001
6.92e-05,0.0012000000000000001
6.94e-05,0.0032
6.959999999999996e-05,0.004
6.979999999999996e-05,0.002
6.999999999999997e-05,0.0016
7.019999999999997e-05,0.0
7.039999999999998e-05,0.0016
7.059999999999998e-05,0.0016
7.079999999999999e-05,0.0028
7.099999999999999e-05,0.0012000000000000001
7.12e-05,0.0012000000000000001
7.14e-05,0.0032
7.16e-05,0.0036000000000000003
7.179999999999996e-05,0.0048000000000000004
7.199999999999996e-05,0.002
7.219999999999997e-05,0.002
7.239999999999997e-05,0.0036000000000000003
7.259999999999998e-05,0.0036000000000000003
7.279999999999998e-05,0.0044
7.299999999999999e-05,0.0028
7.319999999999999e-05,0.0008
7.34e-05,0.0016
7.36e-05,0.0008
7.38e-05,0.0036000000000000003
7.399999999999996e-05,0.0016
7.419999999999996e-05,0.002
7.439999999999997e-05,0.0
7.459999999999997e-05,0.0008
7.479999999999998e-05,0.0032
7.499999999999998e-05,0.0032
7.519999999999998e-05,0.0024000000000000002
7.539999999999999e-05,0.0016
7.56e-05,0.002
7.58e-05,0.0036000000000000003
7.6e-05,0.0012000000000000001
7.619999999999995e-05,0.0036000000000000003
7.639999999999996e-05,-0.0016
7.659999999999996e-05,0.0
7.679999999999997e-05,0.0004
7.699999999999997e-05,0.002
7.719999999999998e-05,0.0024000000000000002
7.739999999999998e-05,0.0012000000000000001
7.759999999999999e-05,-0.0008
7.78e-05,0.0008
7.8e-05,0.0012000000000000001
7.82e-05,0.0036000000000000003
7.839999999999995e-05,0.0036000000000000003
7.859999999999996e-05,0.004
7.879999999999996e-05,0.002
7.899999999999997e-05,0.0024000000000000002
7.919999999999997e-05,0.0032
7.939999999999998e-05,0.0012000000000000001
7.959999999999998e-05,0.0024000000000000002
7.979999999999999e-05,-0.0008
7.999999999999999e-05,0.0008
8.02e-05,0.0028
8.04e-05,0.0036000000000000003
8.059999999999995e-05,0.0016
8.079999999999996e-05,0.0016
8.099999999999996e-05,0.0008
8.119999999999997e-05,0.0032
8.139999999999997e-05,0.0028
8.159999999999998e-05,0.006
8.179999999999998e-05,0.0024000000000000002
8.199999999999999e-05,0.0044
8.219999999999999e-05,0.0032
8.24e-05,0.0032
8.26e-05,0.0048000000000000004
8.279999999999995e-05,0.004
8.299999999999996e-05,0.002
8.319999999999996e-05,0.0008
8.339999999999997e-05,0.0008
8.359999999999997e-05,0.0024000000000000002
8.379999999999998e-05,0.0004
8.399999999999998e-05,0.0
8.419999999999999e-05,-0.0008
8.439999999999999e-05,0.0012000000000000001
8.46e-05,0.0016
8.48e-05,0.0016
8.5e-05,0.0024000000000000002
8.519999999999996e-05,0.0028
8.539999999999996e-05,0.002
8.559999999999997e-05,0.0028
8.579999999999997e-05,0.0024000000000000002
8.599999999999998e-05,0.002
8.619999999999998e-05,0.0028
8.639999999999999e-05,0.0004
8.659999999999999e-05,0.0012000000000000001
8.68e-05,-0.0012000000000000001
8.7e-05,0.0012000000000000001
8.72e-05,-0.0004
8.739999999999996e-05,0.0012000000000000001
8.759999999999996e-05,-0.0004
8.779999999999997e-05,0.0
8.799999999999997e-05,0.0
8.819999999999998e-05,0.0016
8.839999999999998e-05,0.0016
8.859999999999999e-05,0.0028
8.879999999999999e-05,0.0028
8.9e-05,0.0028
8.92e-05,0.0024000000000000002
8.94e-05,0.0036000000000000003
8.959999999999996e-05,0.0016
8.979999999999996e-05,0.002
8.999999999999997e-05,0.0024000000000000002
9.019999999999997e-05,0.0016
9.039999999999997e-05,0.0032
9.059999999999998e-05,0.0016
9.079999999999998e-05,0.0024000000000000002
9.099999999999999e-05,0.0024000000000000002
9.12e-05,0.002
9.14e-05,0.0012000000000000001
9.16e-05,0.0036000000000000003
9.179999999999995e-05,0.0056
9.199999999999996e-05,0.0048000000000000004
9.219999999999996e-05,0.004
9.239999999999997e-05,0.0044
9.259999999999997e-05,0.0024000000000000002
9.279999999999998e-05,0.0036000000000000003
9.299999999999998e-05,0.0036000000000000003
9.319999999999999e-05,0.004
9.34e-05,0.0024000000000000002
9.36e-05,0.0012000000000000001
9.38e-05,0.0008
9.399999999999995e-05,0.0012000000000000001
9.419999999999996e-05,0.0012000000000000001
9.439999999999996e-05,0.0
9.459999999999997e-05,0.0
9.479999999999997e-05,0.0024000000000000002
9.499999999999998e-05,0.0004
9.519999999999998e-05,0.0032
9.539999999999999e-05,0.002
9.559999999999999e-05,0.0016
9.58e-05,0.0012000000000000001
9.6e-05,0.0004
9.619999999999995e-05,0.0016
9.639999999999996e-05,0.0028
9.659999999999996e-05,0.0012000000000000001
9.679999999999997e-05,0.0004
9.699999999999997e-05,-0.0024000000000000002
9.719999999999998e-05,0.0
9.739999999999998e-05,-0.0004
9.759999999999999e-05,0.0016
9.779999999999999e-05,0.0004
9.8e-05,0.0
9.82e-05,0.0008
9.839999999999995e-05,0.0016
9.859999999999996e-05,0.0024000000000000002
9.879999999999996e-05,0.0028
9.899999999999997e-05,0.0024000000000000002
9.919999999999997e-05,0.0028
9.939999999999998e-05,0.0028
9.959999999999998e-05,0.0036000000000000003
9.979999999999999e-05,0.0028
9.999999999999999e-05,0.002
0.0001002,0.002
0.0001004,0.0004
0.0001006,0.0032
0.00010079999999999996,0.004
0.00010099999999999996,0.0032
0.00010119999999999997,0.0028
0.00010139999999999997,0.0008
0.00010159999999999998,0.002
0.00010179999999999998,0.0048000000000000004
0.00010199999999999999,0.0032
0.00010219999999999999,0.005200000000000001
0.0001024,0.0024000000000000002
0.0001026,0.0028
0.0001028,0.0024000000000000002
0.00010299999999999996,0.0044
0.00010319999999999996,0.0024000000000000002
0.00010339999999999997,0.0016
0.00010359999999999997,0.0004
0.00010379999999999998,0.0016
0.00010399999999999998,0.0004
0.00010419999999999998,0.0024000000000000002
0.00010439999999999999,-0.0004
0.0001046,0.0
0.0001048,-0.0008
0.000105,0.0
0.00010519999999999996,0.0028
0.00010539999999999996,0.0032
0.00010559999999999996,0.0016
0.00010579999999999997,0.0
0.00010599999999999997,0.0
0.00010619999999999998,0.0
0.00010639999999999998,0.0008
0.00010659999999999999,0.002
0.0001068,-0.0004
0.000107,0.0004
0.0001072,0.0012000000000000001
0.00010739999999999995,-0.0004
0.00010759999999999996,0.002
0.00010779999999999996,0.0
0.00010799999999999997,0.0004
0.00010819999999999997,0.0024000000000000002
0.00010839999999999998,0.004
0.00010859999999999998,0.0056
0.00010879999999999999,0.0044
0.00010899999999999999,0.0012000000000000001
0.0001092,0.002
0.0001094,0.0012000000000000001
0.00010959999999999995,0.006
0.00010979999999999996,0.002
0.00010999999999999996,0.0028
0.00011019999999999997,0.0008
0.00011039999999999997,0.0012000000000000001
0.00011059999999999998,0.002
0.00011079999999999998,0.0024000000000000002
0.00011099999999999999,0.0028
0.00011119999999999999,0.004
0.0001114,0.0024000000000000002
0.0001116,0.005200000000000001
0.00011179999999999995,0.0044
0.00011199999999999996,0.005200000000000001
0.00011219999999999996,0.0024000000000000002
0.00011239999999999997,0.0024000000000000002
0.00011259999999999997,0.0012000000000000001
0.00011279999999999998,0.0032
0.00011299999999999998,0.0024000000000000002
0.00011319999999999999,0.0008
0.00011339999999999999,-0.0008
0.0001136,0.0
0.0001138,-0.0028
0.00011399999999999995,0.0024000000000000002
0.00011419999999999996,0.0008
0.00011439999999999996,0.0004
0.00011459999999999997,-0.0004
0.00011479999999999997,0.0004
0.00011499999999999998,0.0016
0.00011519999999999998,0.0032
0.00011539999999999999,0.0024000000000000002
0.00011559999999999999,0.0008
0.0001158,0.0008
0.000116,0.0016
0.00011619999999999995,0.0012000000000000001
0.00011639999999999996,0.0016
0.00011659999999999996,0.0008
0.00011679999999999997,-0.0008
0.00011699999999999997,0.0
0.00011719999999999998,-0.0008
0.00011739999999999998,0.0032
0.00011759999999999999,0.0016
0.00011779999999999999,0.002
0.000118,0.0012000000000000001
0.0001182,0.0036000000000000003
0.0001184,0.0048000000000000004
0.00011859999999999996,0.0056
0.00011879999999999996,0.0048000000000000004
0.00011899999999999997,0.0036000000000000003
0.00011919999999999997,0.0008
0.00011939999999999997,0.0032
0.00011959999999999998,0.0016
0.00011979999999999998,0.002
0.00011999999999999999,0.0016
0.0001202,0.0
0.0001204,0.0024000000000000002
0.0001206,0.0032
0.00012079999999999995,0.0024000000000000002
0.00012099999999999996,0.0032
0.00012119999999999996,0.0016
0.00012139999999999997,0.0028
0.00012159999999999997,0.0028
0.00012179999999999998,0.0048000000000000004
0.00012199999999999998,0.0032
0.0001222,0.0024000000000000002
0.0001224,0.0004
0.0001226,0.0008
0.0001228,0.0008
0.00012299999999999995,0.0016
0.00012319999999999996,0.0008
0.00012339999999999996,0.0016
0.00012359999999999997,-0.0016
0.00012379999999999997,0.0
0.00012399999999999998,0.002
0.00012419999999999998,0.0004
0.0001244,0.002
0.0001246,0.0012000000000000001
0.0001248,0.0028
0.000125,0.0024000000000000002
0.00012519999999999995,0.002
0.00012539999999999996,0.002
0.00012559999999999996,0.0004
0.00012579999999999997,0.0016
0.00012599999999999997,0.0016
0.00012619999999999998,0.0016
0.00012639999999999998,0.004
0.0001266,0.0
0.0001268,0.0016
0.000127,0.0
0.0001272,0.0024000000000000002
0.00012739999999999995,0.0028
0.00012759999999999996,0.0036000000000000003
0.00012779999999999996,0.0032
0.00012799999999999997,0.004
0.00012819999999999997,0.0028
0.00012839999999999998,0.0044
0.00012859999999999998,0.002
0.0001288,0.0036000000000000003
0.000129,0.0012000000000000001
0.0001292,0.0024000000000000002
0.0001294,0.0024000000000000002
0.00012959999999999995,0.0024000000000000002
0.00012979999999999996,0.0016
0.00012999999999999996,0.0024000000000000002
0.00013019999999999997,0.002
0.00013039999999999997,0.0028
0.00013059999999999998,0.002
0.00013079999999999998,0.004
0.00013099999999999999,0.0036000000000000003
0.0001312,0.004
0.0001314,0.0032
0.0001316,0.0024000000000000002
0.00013179999999999995,0.004
0.00013199999999999996,0.0024000000000000002
0.00013219999999999996,0.0032
0.00013239999999999997,0.0008
0.00013259999999999997,0.0016
0.00013279999999999998,0.0008
0.00013299999999999998,0.0
0.00013319999999999999,0.0004
0.0001334,0.0004
0.0001336,0.0028
0.0001338,0.0024000000000000002
0.000134,0.0008
0.00013419999999999996,0.0032
0.00013439999999999996,0.0
0.00013459999999999996,0.0044
0.00013479999999999997,0.0036000000000000003
0.00013499999999999997,0.005200000000000001
0.00013519999999999998,0.0028
0.00013539999999999998,0.0004
0.0001356,0.0008
0.0001358,0.0012000000000000001
0.000136,-0.0004
0.0001362,0.0
0.00013639999999999995,-0.0016
0.00013659999999999996,0.0016
0.00013679999999999996,0.0
0.00013699999999999997,0.002
0.00013719999999999997,0.0016
0.00013739999999999998,0.0004
0.00013759999999999998,0.002
0.0001378,0.0032
0.000138,0.0044
0.0001382,0.0064
0.0001384,0.0028
0.00013859999999999995,0.0032
0.00013879999999999996,0.0008
0.00013899999999999996,0.0028
0.00013919999999999997,0.0032
0.00013939999999999997,0.002
0.00013959999999999998,0.0024000000000000002
0.00013979999999999998,-0.0008
0.00014,0.0012000000000000001
0.0001402,0.0008
0.0001404,0.0028
0.0001406,0.0032
0.00014079999999999995,0.002
0.00014099999999999996,0.0032
0.00014119999999999996,0.0032
0.00014139999999999997,0.0032
0.00014159999999999997,0.0064
0.00014179999999999998,0.0044
0.00014199999999999998,0.0032
0.0001422,0.0016
0.0001424,0.0032
0.0001426,0.0032
0.0001428,0.0024000000000000002
0.00014299999999999995,0.0008
0.00014319999999999996,-0.002
0.00014339999999999996,-0.0004
0.00014359999999999997,0.0004
0.00014379999999999997,0.0
0.00014399999999999998,0.004
0.00014419999999999998,-0.0008
0.00014439999999999999,0.0004
0.0001446,0.0008
0.0001448,0.0032
0.000145,0.0044
0.00014519999999999995,0.0044
0.00014539999999999996,0.0024000000000000002
0.00014559999999999996,0.002
0.00014579999999999997,0.0024000000000000002
0.00014599999999999997,0.0016
0.00014619999999999998,0.0032
0.00014639999999999998,0.002
0.00014659999999999999,-0.0004
0.0001468,-0.0004
0.000147,0.0024000000000000002
0.0001472,0.0008
0.00014739999999999995,0.002
0.00014759999999999996,0.0
0.00014779999999999996,0.0024000000000000002
0.00014799999999999997,0.0028
0.00014819999999999997,0.0056
0.00014839999999999998,0.004
0.00014859999999999998,0.004
0.00014879999999999998,0.002
0.000149,0.0004
0.0001492,0.0016
0.0001494,0.0036000000000000003
0.00014959999999999995,0.002
0.00014979999999999995,0.0028
0.00014999999999999996,0.0
0.00015019999999999996,0.0004
0.00015039999999999997,0.0008
0.00015059999999999997,0.0028
0.00015079999999999998,0.002
0.00015099999999999998,0.002
0.0001512,0.002
0.0001514,0.0024000000000000002
0.0001516,0.0024000000000000002
0.0001518,0.004
0.00015199999999999995,0.0032
0.00015219999999999996,0.0024000000000000002
0.00015239999999999996,0.0024000000000000002
0.00015259999999999997,0.0024000000000000002
0.00015279999999999997,0.002
0.00015299999999999998,0.0016
0.00015319999999999998,0.0012000000000000001
0.0001534,0.0
0.0001536,0.0004
0.0001538,0.0004
0.000154,0.0012000000000000001
0.00015419999999999995,0.0028
0.00015439999999999996,0.0036000000000000003
0.00015459999999999996,0.0028
0.00015479999999999997,0.004
0.00015499999999999997,0.002
0.00015519999999999998,0.0032
0.00015539999999999998,0.0016
0.0001556,0.0036000000000000003
0.0001558,0.0012000000000000001
0.000156,0.0028
0.0001562,0.0016
0.00015639999999999995,0.0
0.00015659999999999996,0.0004
0.00015679999999999996,0.0016
0.00015699999999999997,0.0008
0.00015719999999999997,0.004
0.00015739999999999998,0.0016
0.00015759999999999998,0.002
0.0001578,0.0024000000000000002
0.000158,0.0032
0.0001582,0.0044
0.0001584,0.0032
0.00015859999999999995,0.0028
0.00015879999999999996,0.0016
0.00015899999999999996,0.0016
0.00015919999999999997,0.0024000000000000002
0.00015939999999999997,0.0012000000000000001
0.00015959999999999998,0.002
0.00015979999999999998,0.0
0.00015999999999999999,0.0016
0.0001602,0.002
0.0001604,0.0024000000000000002
0.0001606,0.0024000000000000002
0.00016079999999999995,0.002
0.00016099999999999996,0.0004
0.00016119999999999996,0.0024000000000000002
0.00016139999999999997,0.0048000000000000004
0.00016159999999999997,0.0056
0.00016179999999999998,0.0036000000000000003
0.00016199999999999998,0.002
0.00016219999999999999,0.0016
0.0001624,0.0
0.0001626,0.0032
0.0001628,0.0012000000000000001
0.00016299999999999995,0.0016
0.00016319999999999996,0.0004
0.00016339999999999996,0.0004
0.00016359999999999997,0.0
0.00016379999999999997,0.0028
0.00016399999999999997,0.0032
0.00016419999999999998,0.002
0.00016439999999999998,0.0024000000000000002
0.0001646,0.004
0.0001648,0.0024000000000000002
0.000165,0.006
0.00016519999999999995,0.002
0.00016539999999999995,0.0032
0.00016559999999999996,0.0004
0.00016579999999999996,0.0012000000000000001
0.00016599999999999997,0.0024000000000000002
0.00016619999999999997,0.0028
0.00016639999999999998,0.0008
0.00016659999999999998,0.0004
0.0001668,-0.0016
0.000167,0.002
0.0001672,0.0008
0.00016739999999999995,0.0048000000000000004
0.00016759999999999995,0.0032
0.00016779999999999996,0.0032
0.00016799999999999996,0.0036000000000000003
0.00016819999999999997,0.0024000000000000002
0.00016839999999999997,0.004
0.00016859999999999998,0.0028
0.00016879999999999998,0.0012000000000000001
0.000169,0.0016
0.0001692,0.0016
0.0001694,0.002
0.0001696,0.0012000000000000001
0.00016979999999999995,0.0012000000000000001
0.00016999999999999996,0.0
0.00017019999999999996,0.0
0.00017039999999999997,0.002
0.00017059999999999997,0.0016
0.00017079999999999998,0.004
0.00017099999999999998,0.0028
0.0001712,0.002
0.0001714,0.0032
0.0001716,0.002
0.0001718,0.0024000000000000002
0.00017199999999999995,0.0032
0.00017219999999999996,0.0016
0.00017239999999999996,0.0028
0.00017259999999999997,-0.0008
0.00017279999999999997,0.0016
0.00017299999999999998,-0.0008
0.00017319999999999998,0.0028
0.00017339999999999999,0.0012000000000000001
0.0001736,0.0024000000000000002
0.0001738,0.0024000000000000002
0.000174,0.002
0.00017419999999999995,0.0028
0.00017439999999999996,0.0032
0.00017459999999999996,0.0028
0.00017479999999999997,0.004
0.00017499999999999997,0.002
0.00017519999999999998,0.0028
0.00017539999999999998,0.0016
0.00017559999999999999,0.002
0.0001758,0.002
0.000176,0.0004
0.0001762,0.002
0.00017639999999999995,-0.0004
0.00017659999999999996,0.0016
0.00017679999999999996,0.0036000000000000003
0.00017699999999999997,0.0028
0.00017719999999999997,0.0024000000000000002
0.00017739999999999998,0.0024000000000000002
0.00017759999999999998,0.002
0.00017779999999999998,0.0032
0.000178,0.0044
0.0001782,0.005200000000000001
0.0001784,0.0024000000000000002
0.00017859999999999995,0.0012000000000000001
0.00017879999999999996,-0.0012000000000000001
0.00017899999999999996,0.0008
0.00017919999999999996,0.0028
0.00017939999999999997,0.0016
0.00017959999999999997,0.0008
0.00017979999999999998,0.0004
0.00017999999999999998,0.0
0.0001802,0.0012000000000000001
0.0001804,0.0016
0.0001806,0.0044
0.00018079999999999995,0.0012000000000000001
0.00018099999999999995,0.0028
0.00018119999999999996,0.002
0.00018139999999999996,0.0028
0.00018159999999999997,0.0048000000000000004
0.00018179999999999997,0.0012000000000000001
0.00018199999999999998,0.0
0.00018219999999999998,0.002
0.0001824,-0.0004
0.0001826,0.0036000000000000003
0.0001828,0.002
0.00018299999999999995,0.0012000000000000001
0.00018319999999999995,-0.0008
0.00018339999999999996,-0.0004
0.00018359999999999996,0.002
0.00018379999999999997,0.0048000000000000004
0.00018399999999999997,0.005200000000000001
0.00018419999999999998,0.0028
0.00018439999999999998,0.0024000000000000002
0.0001846,0.0024000000000000002
0.0001848,0.002
0.000185,0.0032
0.00018519999999999995,0.0032
0.00018539999999999995,0.0024000000000000002
0.00018559999999999996,0.0008
0.00018579999999999996,-0.0012000000000000001
0.00018599999999999997,0.002
0.00018619999999999997,0.0016
0.00018639999999999998,0.0024000000000000002
0.00018659999999999998,0.0
0.0001868,0.0012000000000000001
0.000187,0.0028
0.0001872,0.0036000000000000003
0.0001874,0.0044
0.00018759999999999995,0.004
0.00018779999999999996,0.002
0.00018799999999999996,0.004
0.00018819999999999997,0.0016
0.00018839999999999997,0.0036000000000000003
0.00018859999999999998,0.0012000000000000001
0.00018879999999999998,0.0016
0.00018899999999999999,-0.0012000000000000001
0.0001892,0.0004
0.0001894,0.0012000000000000001
0.0001896,0.0
0.00018979999999999995,0.0016
0.00018999999999999996,0.0012000000000000001
0.00019019999999999996,0.0008
0.00019039999999999997,0.002
0.00019059999999999997,0.0016
0.00019079999999999998,0.0032
0.00019099999999999998,0.0028
0.00019119999999999999,0.0036000000000000003
0.0001914,0.004
0.0001916,0.0024000000000000002
0.0001918,0.0036000000000000003
0.00019199999999999995,0.0004
0.00019219999999999996,0.0008
0.00019239999999999996,0.0008
0.00019259999999999997,0.0016
0.00019279999999999997,0.0012000000000000001
0.00019299999999999997,0.0008
0.00019319999999999998,0.0004
0.00019339999999999998,0.0016
0.0001936,0.0016
0.0001938,0.0032
0.000194,0.0028
0.00019419999999999995,0.0044
0.00019439999999999995,0.002
0.00019459999999999996,0.0036000000000000003
0.00019479999999999996,0.0028
0.00019499999999999997,0.0036000000000000003
0.00019519999999999997,0.0028
0.00019539999999999998,0.0012000000000000001
0.00019559999999999998,0.0008
0.0001958,0.0008
0.000196,0.0016
0.0001962,0.0028
0.00019639999999999995,-0.0008
0.00019659999999999995,-0.0016
0.00019679999999999996,-0.0012000000000000001
0.00019699999999999996,0.0012000000000000001
0.00019719999999999997,0.0028
0.00019739999999999997,0.0048000000000000004
0.00019759999999999998,0.0036000000000000003
0.00019779999999999998,0.0012000000000000001
0.000198,0.0024000000000000002
0.0001982,0.0016
0.0001984,0.004
0.00019859999999999995,0.0044
0.00019879999999999995,0.002
0.00019899999999999996,0.0004
0.00019919999999999996,0.0004
0.00019939999999999997,0.0008
0.00019959999999999997,0.002
0.00019979999999999998,0.0016
0.00019999999999999998,0.0012000000000000001
0.0002002,-0.0008
0.0002004,0.0028
0.0002006,0.0028
0.00020079999999999995,0.004
0.00020099999999999995,0.0044
0.00020119999999999996,0.0028
0.00020139999999999996,0.0024000000000000002
0.00020159999999999997,0.0044
0.00020179999999999997,0.0044
0.00020199999999999998,0.004
0.00020219999999999998,0.0016
0.0002024,0.0016
0.0002026,0.0
0.0002028,0.0024000000000000002
0.000203,0.0012000000000000001
0.00020319999999999995,0.002
0.00020339999999999996,0.0016
0.00020359999999999996,0.0012000000000000001
0.00020379999999999997,0.0012000000000000001
0.00020399999999999997,0.0024000000000000002
0.00020419999999999998,0.0032
0.00020439999999999998,0.0028
0.00020459999999999999,0.0028
0.0002048,0.0036000000000000003
0.000205,0.0028
0.0002052,0.0028
0.00020539999999999995,0.0008
0.00020559999999999996,0.0004
0.00020579999999999996,0.0024000000000000002
0.00020599999999999997,0.0004
0.00020619999999999997,0.0008
0.00020639999999999998,0.0
0.00020659999999999998,0.0004
0.00020679999999999999,-0.0012000000000000001
0.000207,0.0016
0.0002072,0.0024000000000000002
0.0002074,0.0028
0.00020759999999999995,0.0028
0.00020779999999999996,0.002
0.00020799999999999996,0.0032
0.00020819999999999996,0.004
0.00020839999999999997,0.002
0.00020859999999999997,0.0028
0.00020879999999999998,0.002
0.00020899999999999998,0.0016
0.0002092,0.0012000000000000001
0.0002094,0.0028
0.0002096,0.0008
0.00020979999999999995,0.0004
0.00020999999999999995,0.0008
0.00021019999999999996,0.0
0.00021039999999999996,0.0032
0.00021059999999999997,0.006
0.00021079999999999997,0.0032
0.00021099999999999998,0.004
0.00021119999999999998,0.0
0.0002114,0.002
0.0002116,0.004
0.0002118,0.0032
0.00021199999999999995,0.0032
0.00021219999999999995,0.0012000000000000001
0.00021239999999999996,0.0004
0.00021259999999999996,0.0012000000000000001
0.00021279999999999997,0.0024000000000000002
0.00021299999999999997,0.0024000000000000002
0.00021319999999999998,0.0
0.00021339999999999998,0.0008
0.0002136,0.0
0.0002138,0.0024000000000000002
0.000214,0.0036000000000000003
0.00021419999999999995,0.0032
0.00021439999999999995,0.002
0.00021459999999999996,-0.0004
0.00021479999999999996,0.0016
0.00021499999999999997,0.0012000000000000001
0.00021519999999999997,0.0028
0.00021539999999999998,0.0008
0.00021559999999999998,0.0
0.0002158,-0.0012000000000000001
0.000216,0.0
0.0002162,0.0
0.00021639999999999995,0.002
0.00021659999999999995,0.0004
0.00021679999999999996,0.0016
0.00021699999999999996,0.0016
0.00021719999999999997,0.0036000000000000003
0.00021739999999999997,0.0028
0.00021759999999999998,0.0044
0.00021779999999999998,0.0036000000000000003
0.00021799999999999999,0.0032
0.0002182,0.0028
0.0002184,0.0032
0.00021859999999999995,0.002
0.00021879999999999995,0.0032
0.00021899999999999996,0.0012000000000000001
0.00021919999999999996,0.0012000000000000001
0.00021939999999999997,0.0004
0.00021959999999999997,0.0024000000000000002
0.00021979999999999998,0.0012000000000000001
0.00021999999999999998,0.0028
0.00022019999999999999,0.0032
0.0002204,0.0032
0.0002206,0.0048000000000000004
0.0002208,0.0044
0.00022099999999999995,0.0032
0.00022119999999999996,0.0048000000000000004
0.00022139999999999996,0.0032
0.00022159999999999997,0.0036000000000000003
0.00022179999999999997,0.002
0.00022199999999999998,0.0
0.00022219999999999998,-0.0004
0.00022239999999999998,0.0008
0.0002226,0.002
0.0002228,0.0012000000000000001
0.000223,0.0012000000000000001
0.00022319999999999995,-0.0016
0.00022339999999999995,0.0004
0.00022359999999999996,0.002
0.00022379999999999996,0.0028
0.00022399999999999997,0.0044
0.00022419999999999997,0.0032
0.00022439999999999998,0.0
0.00022459999999999998,0.0028
0.0002248,0.0024000000000000002
0.000225,0.0032
0.0002252,0.0004
0.00022539999999999995,0.0016
0.00022559999999999995,-0.0016
0.00022579999999999996,0.0032
0.00022599999999999996,0.0024000000000000002
0.00022619999999999997,-0.0004
0.00022639999999999997,-0.0012000000000000001
0.00022659999999999998,0.0
0.00022679999999999998,0.0004
0.000227,0.0044
0.0002272,0.0044
0.0002274,0.006
0.00022759999999999995,0.002
0.00022779999999999995,0.0024000000000000002
0.00022799999999999996,0.0024000000000000002
0.00022819999999999996,0.0044
0.00022839999999999997,0.0036000000000000003
0.00022859999999999997,0.0028
0.00022879999999999998,0.0016
0.00022899999999999998,0.0012000000000000001
0.0002292,0.002
0.0002294,0.0032
0.0002296,0.0024000000000000002
0.00022979999999999995,0.002
0.00022999999999999995,0.0008
0.00023019999999999996,0.0028
0.00023039999999999996,0.004
0.00023059999999999997,0.0056
0.00023079999999999997,0.005200000000000001
0.00023099999999999998,0.002
0.00023119999999999998,0.0024000000000000002
0.0002314,0.0016
0.0002316,0.0044
0.0002318,0.0024000000000000002
0.00023199999999999995,0.0012000000000000001
0.00023219999999999995,0.0
0.00023239999999999996,0.0
0.00023259999999999996,0.0
0.00023279999999999997,0.0012000000000000001
0.00023299999999999997,0.0012000000000000001
0.00023319999999999998,0.0016
0.00023339999999999998,0.0008
0.00023359999999999999,0.002
0.0002338,0.0
0.000234,0.0032
0.00023419999999999995,0.0012000000000000001
0.00023439999999999995,0.002
0.00023459999999999996,0.002
0.00023479999999999996,0.0012000000000000001
0.00023499999999999997,0.0012000000000000001
0.00023519999999999997,0.0004
0.00023539999999999998,0.0004
0.00023559999999999998,0.0
0.00023579999999999999,0.0004
0.000236,0.0016
0.0002362,0.0008
0.0002364,0.0012000000000000001
0.00023659999999999995,0.0008
0.00023679999999999996,0.0024000000000000002
0.00023699999999999996,0.0036000000000000003
0.00023719999999999997,0.0032
0.00023739999999999997,0.0044
0.00023759999999999997,0.0032
0.00023779999999999998,0.0036000000000000003
0.00023799999999999998,0.004
0.0002382,0.004
0.00023839999999999994,0.002
0.00023859999999999994,0.0032
0.00023879999999999995,0.0036000000000000003
0.00023899999999999995,0.0016
0.00023919999999999996,0.0028
0.00023939999999999996,0.0036000000000000003
0.00023959999999999997,0.0012000000000000001
0.00023979999999999997,0.0032
0.00023999999999999998,0.0016
0.00024019999999999998,0.0056
0.0002404,0.005200000000000001
0.0002406,0.006
0.0002408,0.0024000000000000002
0.000241,0.0024000000000000002
0.0002412,0.0012000000000000001
0.0002414,0.0028
0.00024160000000000002,0.0032
0.00024180000000000002,0.002
0.00024199999999999992,0.0008
0.00024219999999999992,0.0004
0.00024239999999999993,0.0
0.00024259999999999993,0.002
0.00024279999999999994,0.0004
0.00024299999999999994,0.0
0.00024319999999999995,0.0
0.00024339999999999995,0.0
0.00024359999999999996,0.0016
0.00024379999999999996,0.0036000000000000003
0.00024399999999999997,0.0036000000000000003
0.00024419999999999997,0.0
0.0002444,0.0
0.0002446,0.0004
0.0002448,0.0012000000000000001
0.000245,0.0032
0.0002452,0.0
0.0002454,-0.0008
0.0002456,-0.0016
0.0002458,-0.0008
0.000246,0.0012000000000000001
0.0002462,0.0016
0.0002464,0.0016
0.0002465999999999999,-0.0004
0.00024679999999999993,0.0012000000000000001
0.00024699999999999993,0.0012000000000000001
0.00024719999999999994,0.0044
0.00024739999999999994,0.004
0.00024759999999999995,0.0028
0.00024779999999999995,0.0032
0.00024799999999999996,0.004
0.00024819999999999996,0.0028
0.00024839999999999997,0.005200000000000001
0.00024859999999999997,0.0024000000000000002
0.0002488,0.0028
0.000249,0.0004
0.0002492,0.0024000000000000002
0.0002494,0.0024000000000000002
0.0002496,0.0036000000000000003
0.0002498,0.002
