t,V1
-0.002504,0.004
-0.0025020000000000003,0.0024000000000000002
-0.0025,0.0028
-0.0024980000000000002,0.0044
-0.002496,0.002
-0.002494,0.0028
-0.0024920000000000003,0.0036000000000000003
-0.00249,0.0024000000000000002
-0.002488,0.0016
-0.0024860000000000004,0.0032
-0.002484,0.0012000000000000001
-0.0024820000000000003,0.0024000000000000002
-0.00248,0.002
-0.002478,0.0016
-0.0024760000000000003,0.0028
-0.002474,0.0016
-0.0024720000000000002,0.0004
-0.00247,0.0024000000000000002
-0.002468,0.0024000000000000002
-0.0024660000000000003,0.0004
-0.002464,0.0016
-0.002462,0.0024000000000000002
-0.00246,0.0024000000000000002
-0.002458,0.0016
-0.0024560000000000003,0.0
-0.002454,0.0024000000000000002
-0.002452,0.002
-0.0024500000000000004,0.0
-0.002448,0.0004
-0.0024460000000000003,0.0004
-0.002444,0.002
-0.002442,0.0024000000000000002
-0.0024400000000000003,0.0004
-0.002438,0.0012000000000000001
-0.0024360000000000002,0.0016
-0.002434,0.0008
-0.002432,0.0016
-0.0024300000000000003,0.0036000000000000003
-0.002428,0.0016
-0.002426,0.002
-0.002424,0.0028
-0.002422,0.0028
-0.0024200000000000003,0.0028
-0.002418,0.0028
-0.002416,0.0016
-0.0024140000000000003,0.0044
-0.002412,0.0044
-0.0024100000000000002,0.0032
-0.002408,0.0044
-0.002406,0.0024000000000000002
-0.0024040000000000003,0.0048000000000000004
-0.002402,0.0044
-0.0024000000000000002,0.0024000000000000002
-0.002398,0.0036000000000000003
-0.002396,0.0032
-0.0023940000000000003,0.0032
-0.002392,0.0044
-0.00239,0.0032
-0.0023880000000000004,0.005200000000000001
-0.002386,0.0036000000000000003
-0.0023840000000000003,0.0024000000000000002
-0.002382,-0.0024000000000000002
-0.00238,0.002
-0.0023780000000000003,0.0008
-0.002376,0.0016
-0.0023740000000000002,0.0024000000000000002
-0.002372,0.0008
-0.00237,0.0024000000000000002
-0.0023680000000000003,0.0008
-0.002366,0.0008
-0.002364,0.0016
-0.0023620000000000004,0.0012000000000000001
-0.00236,0.0008
-0.0023580000000000003,0.0008
-0.002356,-0.0004
-0.002354,0.002
-0.0023520000000000004,0.0012000000000000001
-0.00235,0.0
-0.0023480000000000003,0.002
-0.002346,0.0008
-0.002344,0.0012000000000000001
-0.0023420000000000003,0.0012000000000000001
-0.00234,0.0004
-0.0023380000000000002,0.0036000000000000003
-0.002336,0.0016
-0.002334,0.002
-0.0023320000000000003,0.0004
-0.00233,0.0008
-0.002328,0.0032
-0.002326,0.0028
-0.002324,0.0016
-0.0023220000000000003,0.0024000000000000002
-0.00232,0.0024000000000000002
-0.002318,0.0028
-0.0023160000000000004,0.0044
-0.002314,0.0032
-0.0023120000000000003,0.0044
-0.00231,0.0028
-0.002308,0.0028
-0.0023060000000000003,0.0056
-0.002304,0.0028
-0.0023020000000000002,0.0008
-0.0023,0.0024000000000000002
-0.002298,0.0036000000000000003
-0.0022960000000000003,0.0036000000000000003
-0.002294,0.0024000000000000002
-0.002292,0.0048000000000000004
-0.0022900000000000004,0.0032
-0.002288,0.005200000000000001
-0.0022860000000000003,0.0032
-0.002284,0.002
-0.002282,0.0028
-0.0022800000000000003,0.0016
-0.002278,0.0032
-0.0022760000000000002,0.0012000000000000001
-0.002274,0.0008
-0.002272,0.0016
-0.0022700000000000003,0.0
-0.002268,0.0028
-0.0022660000000000002,0.0012000000000000001
-0.0022640000000000004,-0.0008
-0.002262,0.0024000000000000002
-0.0022600000000000003,0.0004
-0.002258,0.0024000000000000002
-0.002256,0.0004
-0.002254,0.0
-0.002252,0.002
-0.0022500000000000003,0.0004
-0.002248,0.0016
-0.002246,0.0
-0.0022440000000000003,0.0
-0.002242,0.002
-0.0022400000000000002,-0.0008
-0.002238,0.002
-0.002236,0.0012000000000000001
-0.0022340000000000003,0.0024000000000000002
-0.002232,0.0016
-0.00223,0.0004
-0.002228,0.0032
-0.002226,0.0012000000000000001
-0.0022240000000000003,0.0016
-0.002222,0.0016
-0.00222,0.0016
-0.0022180000000000004,0.0036000000000000003
-0.002216,0.0012000000000000001
-0.0022140000000000003,0.0016
-0.002212,0.002
-0.00221,0.0016
-0.0022080000000000003,0.004
-0.002206,0.0016
-0.0022040000000000002,0.0024000000000000002
-0.002202,0.002
-0.0022,0.0008
-0.0021980000000000003,0.004
-0.002196,0.002
-0.002194,0.0024000000000000002
-0.0021920000000000004,0.002
-0.00219,0.002
-0.0021880000000000003,0.0032
-0.002186,0.0004
-0.002184,0.0032
-0.0021820000000000003,0.0032
-0.00218,0.0032
-0.0021780000000000002,0.0044
-0.002176,0.0008
-0.002174,0.004
-0.0021720000000000003,0.0028
-0.00217,0.0044
-0.0021680000000000002,0.0044
-0.0021660000000000004,0.002
-0.002164,0.0028
-0.0021620000000000003,0.004
-0.00216,0.0028
-0.002158,0.0036000000000000003
-0.002156,0.002
-0.002154,0.0024000000000000002
-0.0021520000000000003,0.0032
-0.00215,0.002
-0.002148,0.0032
-0.0021460000000000003,0.0016
-0.002144,0.0028
-0.0021420000000000002,0.0028
-0.0021400000000000004,0.0012000000000000001
-0.002138,0.0008
-0.0021360000000000003,0.0016
-0.002134,0.0028
-0.002132,0.002
-0.00213,0.0012000000000000001
-0.002128,0.0012000000000000001
-0.0021260000000000003,0.0008
-0.002124,0.0024000000000000002
-0.002122,0.0024000000000000002
-0.0021200000000000004,0.0008
-0.002118,0.0012000000000000001
-0.0021160000000000003,0.0004
-0.002114,0.0028
-0.002112,0.002
-0.0021100000000000003,0.0004
-0.002108,0.0028
-0.0021060000000000002,0.0028
-0.002104,0.0028
-0.002102,0.0028
-0.0021000000000000003,0.0008
-0.002098,0.0024000000000000002
-0.002096,0.0028
-0.0020940000000000004,0.0004
-0.002092,0.0028
-0.0020900000000000003,0.0012000000000000001
-0.002088,0.0024000000000000002
-0.002086,0.002
-0.0020840000000000003,0.0016
-0.002082,0.0036000000000000003
-0.0020800000000000003,0.0012000000000000001
-0.002078,0.0028
-0.002076,0.0012000000000000001
-0.0020740000000000003,0.0
-0.002072,0.0032
-0.0020700000000000002,0.0012000000000000001
-0.0020680000000000004,0.0
-0.002066,0.0012000000000000001
-0.0020640000000000003,0.0004
-0.002062,0.0028
-0.00206,0.0008
-0.002058,0.0008
-0.002056,0.0016
-0.0020540000000000003,0.0012000000000000001
-0.002052,0.0016
-0.00205,0.004
-0.0020480000000000003,0.0012000000000000001
-0.002046,0.0028
-0.0020440000000000002,0.0016
-0.0020420000000000004,0.0012000000000000001
-0.00204,0.0036000000000000003
-0.0020380000000000003,0.002
-0.002036,0.0044
-0.0020340000000000002,0.0016
-0.002032,0.0008
-0.00203,0.0024000000000000002
-0.0020280000000000003,0.0004
-0.002026,0.0028
-0.002024,0.0028
-0.0020220000000000004,0.0008
-0.00202,0.005200000000000001
-0.0020180000000000003,0.0016
-0.002016,0.0032
-0.002014,0.0032
-0.0020120000000000003,0.0016
-0.00201,0.0032
-0.0020080000000000002,0.0028
-0.002006,0.0012000000000000001
-0.002004,0.002
-0.0020020000000000003,0.0012000000000000001
-0.002,0.0028
-0.001998,0.0036000000000000003
-0.0019960000000000004,0.002
-0.001994,0.0016
-0.0019920000000000003,0.0016
-0.00199,0.002
-0.001988,0.0044
-0.001986,0.002
-0.001984,0.0028
-0.0019820000000000003,0.0012000000000000001
-0.00198,0.0
-0.001978,0.0028
-0.0019760000000000003,0.002
-0.001974,0.0028
-0.0019720000000000002,0.0028
-0.0019700000000000004,0.0012000000000000001
-0.001968,0.0028
-0.0019660000000000003,0.002
-0.001964,0.0028
-0.001962,0.0016
-0.00196,0.0008
-0.001958,0.004
-0.0019560000000000003,0.0012000000000000001
-0.001954,0.002
-0.0019520000000000002,0.0012000000000000001
-0.0019500000000000001,0.002
-0.001948,0.0024000000000000002
-0.0019460000000000002,0.0008
-0.0019440000000000002,0.0012000000000000001
-0.0019420000000000001,0.0028
-0.0019400000000000003,0.002
-0.001938,0.0024000000000000002
-0.0019360000000000002,0.0
-0.0019340000000000002,0.0012000000000000001
-0.0019320000000000001,0.0024000000000000002
-0.0019300000000000003,0.002
-0.001928,0.0024000000000000002
-0.0019260000000000002,0.0004
-0.0019240000000000001,0.0028
-0.001922,0.0028
-0.0019200000000000003,0.0008
-0.0019180000000000002,0.0032
-0.0019160000000000002,0.0024000000000000002
-0.0019140000000000003,0.0024000000000000002
-0.001912,0.002
-0.0019100000000000002,0.0012000000000000001
-0.0019080000000000002,0.0028
-0.0019060000000000001,0.0044
-0.0019040000000000003,0.002
-0.001902,0.004
-0.0019000000000000002,0.0016
-0.0018980000000000002,0.0032
-0.0018960000000000001,0.0028
-0.0018940000000000003,0.0012000000000000001
-0.001892,0.004
-0.0018900000000000002,0.002
-0.0018880000000000001,0.0008
-0.001886,0.0016
-0.0018840000000000003,0.0008
-0.0018820000000000002,0.0036000000000000003
-0.0018800000000000002,0.0012000000000000001
-0.0018780000000000003,0.0028
-0.001876,0.0024000000000000002
-0.0018740000000000002,0.0008
-0.0018720000000000002,0.0024000000000000002
-0.0018700000000000001,0.0012000000000000001
-0.0018680000000000003,0.0028
-0.001866,0.0024000000000000002
-0.0018640000000000002,0.0008
-0.0018620000000000002,0.0028
-0.00186,0.0028
-0.0018580000000000003,0.0024000000000000002
-0.0018560000000000002,0.0
-0.0018540000000000002,0.0008
-0.0018520000000000001,0.0032
-0.00185,0.0012000000000000001
-0.0018480000000000003,0.002
-0.0018460000000000002,0.0004
-0.0018440000000000002,-0.0004
-0.0018420000000000003,0.0024000000000000002
-0.00184,0.002
-0.0018380000000000002,0.0024000000000000002
-0.0018360000000000002,0.0016
-0.0018340000000000001,0.0
-0.0018320000000000003,0.0016
-0.00183,0.0012000000000000001
-0.0018280000000000002,0.0032
-0.0018260000000000001,0.0008
-0.001824,0.0032
-0.0018220000000000003,0.0012000000000000001
-0.0018200000000000002,0.0024000000000000002
-0.0018180000000000002,0.0012000000000000001
-0.0018160000000000003,0.002
-0.001814,0.004
-0.0018120000000000002,0.0008
-0.0018100000000000002,0.0024000000000000002
-0.0018080000000000001,0.0028
-0.0018060000000000003,0.0012000000000000001
-0.001804,0.005200000000000001
-0.0018020000000000002,0.0024000000000000002
-0.0018000000000000002,0.0024000000000000002
-0.0017980000000000001,0.0016
-0.0017960000000000003,0.0008
-0.001794,0.004
-0.0017920000000000002,0.0032
-0.0017900000000000001,0.0012000000000000001
-0.001788,0.0016
-0.0017860000000000003,0.0028
-0.0017840000000000002,0.0036000000000000003
-0.0017820000000000002,0.0016
-0.0017800000000000003,0.0012000000000000001
-0.001778,0.0028
-0.0017760000000000002,0.0016
-0.0017740000000000002,0.0036000000000000003
-0.0017720000000000001,0.0012000000000000001
-0.0017700000000000003,0.0028
-0.001768,0.0008
-0.0017660000000000002,0.002
-0.0017640000000000002,0.0036000000000000003
-0.0017620000000000001,0.0012000000000000001
-0.0017600000000000003,0.0028
-0.0017580000000000002,0.0032
-0.0017560000000000002,0.0016
-0.0017540000000000001,0.0032
-0.001752,0.0008
-0.0017500000000000003,0.0044
-0.0017480000000000002,0.0028
-0.0017460000000000002,0.0024000000000000002
-0.0017440000000000003,0.0036000000000000003
-0.001742,0.0024000000000000002
-0.0017400000000000002,0.0048000000000000004
-0.0017380000000000002,0.0028
-0.0017360000000000001,0.004
-0.0017340000000000003,0.004
-0.001732,0.0024000000000000002
-0.0017300000000000002,0.0036000000000000003
-0.0017280000000000002,0.0036000000000000003
-0.001726,0.0044
-0.0017240000000000003,0.0032
-0.0017220000000000002,0.0016
-0.0017200000000000002,0.004
-0.0017180000000000003,0.0024000000000000002
-0.001716,0.0024000000000000002
-0.0017140000000000002,0.0032
-0.0017120000000000002,0.0012000000000000001
-0.0017100000000000001,0.0036000000000000003
-0.0017080000000000003,0.0016
-0.001706,0.0024000000000000002
-0.0017040000000000002,0.0024000000000000002
-0.0017020000000000002,0.0012000000000000001
-0.0017000000000000001,0.0028
-0.0016980000000000003,0.0008
-0.001696,0.0012000000000000001
-0.0016940000000000002,0.0028
-0.0016920000000000001,0.0012000000000000001
-0.00169,0.0016
-0.0016880000000000003,0.0028
-0.0016860000000000002,0.0024000000000000002
-0.0016840000000000002,0.0044
-0.0016820000000000003,0.0016
-0.00168,0.0032
-0.0016780000000000002,0.0028
-0.0016760000000000002,0.0016
-0.0016740000000000001,0.0048000000000000004
-0.0016720000000000003,0.002
-0.00167,0.0024000000000000002
-0.0016680000000000002,0.0028
-0.0016660000000000002,0.0008
-0.0016640000000000001,0.0032
-0.0016620000000000003,0.002
-0.0016600000000000002,0.002
-0.0016580000000000002,0.0028
-0.0016560000000000001,0.0008
-0.001654,0.0016
-0.0016520000000000003,0.0024000000000000002
-0.0016500000000000002,0.0024000000000000002
-0.0016480000000000002,0.0024000000000000002
-0.0016460000000000003,0.0016
-0.001644,0.0016
-0.0016420000000000002,0.0028
-0.0016400000000000002,0.0016
-0.0016380000000000001,0.002
-0.0016360000000000003,0.0032
-0.001634,0.0032
-0.0016320000000000002,0.0036000000000000003
-0.0016300000000000002,0.0024000000000000002
-0.001628,0.0036000000000000003
-0.0016260000000000003,0.0048000000000000004
-0.0016240000000000002,0.0028
-0.0016220000000000002,0.0032
-0.0016200000000000003,0.0032
-0.001618,0.0016
-0.0016160000000000002,0.0024000000000000002
-0.0016140000000000002,0.0028
-0.0016120000000000002,0.0028
-0.0016100000000000003,0.0024000000000000002
-0.001608,-0.0004
-0.0016060000000000002,0.0028
-0.0016040000000000002,0.0012000000000000001
-0.0016020000000000001,0.002
-0.0016000000000000003,0.0024000000000000002
-0.001598,0.0
-0.0015960000000000002,0.004
-0.0015940000000000001,0.0024000000000000002
-0.001592,0.0012000000000000001
-0.0015900000000000003,0.0024000000000000002
-0.0015880000000000002,0.0012000000000000001
-0.0015860000000000002,0.0032
-0.0015840000000000003,0.0028
-0.001582,0.002
-0.0015800000000000002,0.0016
-0.0015780000000000002,0.0036000000000000003
-0.0015760000000000001,0.002
-0.0015740000000000003,0.0024000000000000002
-0.001572,0.0028
-0.0015700000000000002,0.0012000000000000001
-0.0015680000000000002,0.004
-0.0015660000000000001,0.0028
-0.0015640000000000003,0.0024000000000000002
-0.0015620000000000002,0.002
-0.0015600000000000002,0.0016
-0.0015580000000000001,0.0028
-0.001556,0.0032
-0.0015540000000000003,0.0016
-0.0015520000000000002,0.0016
-0.0015500000000000002,-0.0004
-0.0015480000000000003,0.0028
-0.001546,0.0036000000000000003
-0.0015440000000000002,0.002
-0.0015420000000000002,0.0036000000000000003
-0.0015400000000000001,0.0036000000000000003
-0.0015380000000000003,0.0008
-0.001536,0.0044
-0.0015340000000000002,0.0044
-0.0015320000000000002,0.0024000000000000002
-0.0015300000000000001,0.0016
-0.0015280000000000003,0.0032
-0.0015260000000000002,0.002
-0.0015240000000000002,0.0028
-0.0015220000000000001,0.0028
-0.0015200000000000003,0.0016
-0.0015180000000000003,0.0016
-0.0015160000000000002,0.002
-0.0015140000000000002,0.0008
-0.001512,0.0024000000000000002
-0.0015100000000000003,0.0016
-0.0015080000000000002,0.0012000000000000001
-0.0015060000000000002,0.002
-0.0015040000000000001,0.0012000000000000001
-0.0015020000000000003,0.005200000000000001
-0.0015000000000000002,0.002
-0.0014980000000000002,0.0024000000000000002
-0.0014960000000000002,0.0036000000000000003
-0.001494,0.0028
-0.0014920000000000003,0.0032
-0.0014900000000000002,0.0044
-0.0014880000000000002,0.0024000000000000002
-0.0014860000000000001,0.0036000000000000003
-0.0014840000000000003,0.005200000000000001
-0.0014820000000000002,0.0016
-0.0014800000000000002,0.0016
-0.0014780000000000001,0.0036000000000000003
-0.001476,0.0004
-0.0014740000000000003,0.0028
-0.0014720000000000002,0.0024000000000000002
-0.0014700000000000002,0.0004
-0.0014680000000000001,0.0016
-0.0014660000000000003,0.0008
-0.0014640000000000002,0.0012000000000000001
-0.0014620000000000002,0.0012000000000000001
-0.0014600000000000001,0.0012000000000000001
-0.001458,0.0032
-0.0014560000000000003,0.0028
-0.0014540000000000002,0.0028
-0.0014520000000000002,0.0036000000000000003
-0.0014500000000000001,0.0028
-0.0014480000000000003,0.004
-0.0014460000000000002,0.002
-0.0014440000000000002,0.0
-0.0014420000000000001,0.0032
-0.00144,0.002
-0.0014380000000000003,0.0
-0.0014360000000000002,0.0016
-0.0014340000000000002,0.0008
-0.0014320000000000001,0.0008
-0.0014300000000000003,0.0036000000000000003
-0.0014280000000000002,0.0
-0.0014260000000000002,0.0028
-0.0014240000000000001,0.0008
-0.0014220000000000003,0.002
-0.0014200000000000003,0.0032
-0.0014180000000000002,0.0016
-0.0014160000000000002,0.0032
-0.0014140000000000001,0.0016
-0.0014120000000000003,0.002
-0.0014100000000000002,0.0036000000000000003
-0.0014080000000000002,0.0008
-0.0014060000000000001,0.0016
-0.0014040000000000003,0.0016
-0.0014020000000000003,0.0008
-0.0014000000000000002,0.002
-0.0013980000000000002,0.0004
-0.001396,0.002
-0.0013940000000000003,0.0016
-0.0013920000000000002,0.0012000000000000001
-0.0013900000000000002,0.0024000000000000002
-0.0013880000000000001,0.0016
-0.0013860000000000003,0.0044
-0.0013840000000000002,0.0024000000000000002
-0.0013820000000000002,0.0028
-0.0013800000000000002,0.0028
-0.001378,0.002
-0.0013760000000000003,0.004
-0.0013740000000000002,0.002
-0.0013720000000000002,0.0004
-0.0013700000000000001,0.002
-0.0013680000000000003,0.0008
-0.0013660000000000002,0.0012000000000000001
-0.0013640000000000002,0.0
-0.0013620000000000001,0.0
-0.00136,0.0016
-0.0013580000000000003,-0.0004
-0.0013560000000000002,0.002
-0.0013540000000000002,0.0012000000000000001
-0.0013520000000000001,0.0004
-0.0013500000000000003,0.002
-0.0013480000000000002,0.0032
-0.0013460000000000002,0.004
-0.0013440000000000001,0.0012000000000000001
-0.001342,0.0024000000000000002
-0.0013400000000000003,0.0024000000000000002
-0.0013380000000000002,0.0024000000000000002
-0.0013360000000000002,0.0032
-0.0013340000000000001,0.0
-0.0013320000000000003,0.0016
-0.0013300000000000002,0.0008
-0.0013280000000000002,0.0016
-0.0013260000000000001,0.0012000000000000001
-0.0013240000000000003,0.0
-0.0013220000000000003,0.0024000000000000002
-0.0013200000000000002,-0.0008
-0.0013180000000000002,0.0028
-0.0013160000000000001,0.002
-0.0013140000000000003,0.0012000000000000001
-0.0013120000000000002,0.0016
-0.0013100000000000002,0.0
-0.0013080000000000001,0.0016
-0.0013060000000000003,0.0028
-0.0013040000000000003,0.0016
-0.0013020000000000002,0.0012000000000000001
-0.0013000000000000002,0.0008
-0.0012980000000000001,0.0
-0.0012960000000000003,0.0
-0.0012940000000000002,0.0024000000000000002
-0.0012920000000000002,0.0016
-0.0012900000000000001,0.0028
-0.0012880000000000003,0.0016
-0.0012860000000000003,0.0024000000000000002
-0.0012840000000000002,0.0036000000000000003
-0.0012820000000000002,0.0016
-0.00128,0.004
-0.0012780000000000003,0.002
-0.0012760000000000002,0.0036000000000000003
-0.0012740000000000002,0.002
-0.0012720000000000001,0.0008
-0.0012700000000000003,0.002
-0.0012680000000000002,0.0016
-0.0012660000000000002,0.0032
-0.0012640000000000001,0.0008
-0.001262,0.0012000000000000001
-0.0012600000000000003,0.0032
-0.0012580000000000002,0.0008
-0.0012560000000000002,0.0028
-0.0012540000000000001,0.0012000000000000001
-0.0012520000000000003,0.004
-0.0012500000000000002,0.0012000000000000001
-0.0012480000000000002,0.002
-0.0012460000000000001,0.0024000000000000002
-0.0012440000000000003,0.0012000000000000001
-0.0012420000000000003,0.0016
-0.0012400000000000002,0.0008
-0.0012380000000000002,0.002
-0.0012360000000000001,0.0016
-0.0012340000000000003,0.0016
-0.0012320000000000002,0.0016
-0.0012300000000000002,-0.0008
-0.0012280000000000001,0.004
-0.0012260000000000003,0.002
-0.0012240000000000003,0.0024000000000000002
-0.0012220000000000002,0.0024000000000000002
-0.0012200000000000002,0.0004
-0.0012180000000000001,0.0028
-0.0012160000000000003,0.002
-0.0012140000000000002,0.0016
-0.0012120000000000002,0.002
-0.0012100000000000001,0.0012000000000000001
-0.0012080000000000003,0.0028
-0.0012060000000000003,0.0008
-0.0012040000000000002,-0.0004
-0.0012020000000000002,0.0016
-0.0012000000000000001,0.0008
-0.0011980000000000003,0.0032
-0.0011960000000000002,0.0032
-0.0011940000000000002,0.0016
-0.0011920000000000001,0.0028
-0.0011900000000000003,0.0036000000000000003
-0.0011880000000000003,0.0032
-0.0011860000000000002,0.002
-0.0011840000000000002,0.0012000000000000001
-0.001182,0.0012000000000000001
-0.0011800000000000003,0.0008
-0.0011780000000000002,0.0036000000000000003
-0.0011760000000000002,0.0016
-0.0011740000000000001,0.0
-0.0011720000000000003,0.0024000000000000002
-0.0011700000000000002,0.0028
-0.0011680000000000002,0.0028
-0.0011660000000000002,0.0028
-0.001164,0.002
-0.0011620000000000003,0.005200000000000001
-0.0011600000000000002,0.0016
-0.0011580000000000002,0.0024000000000000002
-0.0011560000000000001,0.0036000000000000003
-0.0011540000000000003,0.0024000000000000002
-0.0011520000000000002,0.0036000000000000003
-0.0011500000000000002,0.0008
-0.0011480000000000001,0.0016
-0.0011460000000000003,0.0024000000000000002
-0.0011440000000000003,0.0008
-0.0011420000000000002,0.0024000000000000002
-0.0011400000000000002,0.002
-0.0011380000000000001,0.0
-0.0011360000000000003,0.0036000000000000003
-0.0011340000000000002,0.0036000000000000003
-0.0011320000000000002,0.004
-0.0011300000000000001,0.002
-0.0011280000000000003,0.0012000000000000001
-0.0011260000000000003,0.0036000000000000003
-0.0011240000000000002,0.002
-0.0011220000000000002,0.002
-0.0011200000000000001,0.004
-0.0011180000000000003,0.0024000000000000002
-0.0011160000000000002,0.0016
-0.0011140000000000002,0.002
-0.0011120000000000001,0.0012000000000000001
-0.0011100000000000003,0.0024000000000000002
-0.0011080000000000003,0.0024000000000000002
-0.0011060000000000002,0.0
-0.0011040000000000002,0.0032
-0.0011020000000000001,0.0032
-0.0011000000000000003,0.0028
-0.0010980000000000002,0.0044
-0.0010960000000000002,0.0028
-0.0010940000000000001,0.0036000000000000003
-0.0010920000000000003,0.0036000000000000003
-0.0010900000000000003,0.0016
-0.0010880000000000002,0.0028
-0.0010860000000000002,0.0004
-0.0010840000000000001,0.0016
-0.0010820000000000003,0.0016
-0.0010800000000000002,0.0016
-0.0010780000000000002,0.0044
-0.0010760000000000001,0.0028
-0.0010740000000000003,0.002
-0.0010720000000000003,0.0024000000000000002
-0.0010700000000000002,0.0024000000000000002
-0.0010680000000000002,0.0028
-0.001066,0.0012000000000000001
-0.0010640000000000003,0.002
-0.0010620000000000002,0.0028
-0.0010600000000000002,0.0028
-0.0010580000000000001,0.0016
-0.0010560000000000003,0.0024000000000000002
-0.0010540000000000002,0.0016
-0.0010520000000000002,0.0032
-0.0010500000000000002,0.0016
-0.0010480000000000003,0.0
-0.0010460000000000003,0.0028
-0.0010440000000000002,0.0008
-0.0010420000000000002,0.0028
-0.0010400000000000001,0.0004
-0.0010380000000000003,0.0016
-0.0010360000000000002,0.0028
-0.0010340000000000002,0.0004
-0.0010320000000000001,0.0032
-0.0010300000000000003,0.002
-0.0010280000000000003,-0.0004
-0.0010260000000000002,0.0008
-0.0010240000000000002,0.0004
-0.0010220000000000001,0.0036000000000000003
-0.0010200000000000003,0.0016
-0.0010180000000000002,0.0008
-0.0010160000000000002,0.0008
-0.0010140000000000001,0.0004
-0.0010120000000000003,0.0
-0.0010100000000000003,0.0
-0.0010080000000000002,0.0004
-0.0010060000000000002,0.0028
-0.0010040000000000001,0.0032
-0.0010020000000000003,0.0044
-0.0010000000000000002,0.0012000000000000001
-0.0009980000000000002,0.0032
-0.0009960000000000001,0.004
-0.0009940000000000003,0.002
-0.0009920000000000003,0.0028
-0.0009900000000000002,0.0008
-0.0009880000000000002,0.0016
-0.0009860000000000001,0.0016
-0.0009840000000000003,0.0016
-0.0009820000000000002,0.0004
-0.0009800000000000002,0.0
-0.0009780000000000001,0.0016
-0.0009760000000000003,0.0
-0.0009740000000000003,0.0032
-0.0009720000000000002,0.0016
-0.0009700000000000002,0.0024000000000000002
-0.0009680000000000001,0.0036000000000000003
-0.0009660000000000003,0.0012000000000000001
-0.0009640000000000002,0.004
-0.0009620000000000002,0.002
-0.0009600000000000001,0.0048000000000000004
-0.0009580000000000003,0.0016
-0.0009560000000000003,0.002
-0.0009540000000000002,0.0032
-0.0009520000000000002,0.0016
-0.0009500000000000003,0.0028
-0.0009480000000000003,0.002
-0.0009460000000000002,0.0028
-0.0009440000000000002,0.0032
-0.0009420000000000001,0.0024000000000000002
-0.0009400000000000003,0.004
-0.0009380000000000002,0.0024000000000000002
-0.0009360000000000002,0.005200000000000001
-0.0009340000000000002,0.0028
-0.0009320000000000003,0.004
-0.0009300000000000003,0.0016
-0.0009280000000000002,0.0032
-0.0009260000000000002,0.0032
-0.0009240000000000001,0.0016
-0.0009220000000000003,0.0024000000000000002
-0.0009200000000000002,0.0004
-0.0009180000000000002,0.0036000000000000003
-0.0009160000000000001,0.0
-0.0009140000000000003,0.0032
-0.0009120000000000003,0.0016
-0.0009100000000000002,0.0016
-0.0009080000000000002,0.0028
-0.0009060000000000001,0.0016
-0.0009040000000000003,0.0032
-0.0009020000000000002,0.0016
-0.0009000000000000002,0.0024000000000000002
-0.0008980000000000001,0.0028
-0.0008960000000000003,0.002
-0.0008940000000000003,0.0036000000000000003
-0.0008920000000000002,0.0012000000000000001
-0.0008900000000000002,0.0028
-0.0008880000000000001,0.0012000000000000001
-0.0008860000000000003,0.0024000000000000002
-0.0008840000000000002,0.002
-0.0008820000000000002,0.0012000000000000001
-0.0008800000000000001,0.0012000000000000001
-0.0008780000000000003,0.0012000000000000001
-0.0008760000000000003,0.0036000000000000003
-0.0008740000000000002,0.0008
-0.0008720000000000002,0.0032
-0.0008700000000000003,0.0016
-0.0008680000000000003,0.0028
-0.0008660000000000002,0.0024000000000000002
-0.0008640000000000002,0.0024000000000000002
-0.0008620000000000001,0.0024000000000000002
-0.0008600000000000003,0.0008
-0.0008580000000000003,0.0024000000000000002
-0.0008560000000000002,0.0012000000000000001
-0.0008540000000000002,0.0016
-0.0008520000000000003,0.0028
-0.0008500000000000003,0.0
-0.0008480000000000002,0.002
-0.0008460000000000002,0.0
-0.0008440000000000001,0.0016
-0.0008420000000000003,0.0024000000000000002
-0.0008400000000000003,0.0012000000000000001
-0.0008380000000000002,0.0016
-0.0008360000000000002,0.0004
-0.0008340000000000003,0.0016
-0.0008320000000000003,0.0036000000000000003
-0.0008300000000000002,0.002
-0.0008280000000000002,0.0032
-0.0008260000000000001,0.0024000000000000002
-0.0008240000000000003,0.0024000000000000002
-0.0008220000000000002,0.0028
-0.0008200000000000002,0.004
-0.0008180000000000002,0.0036000000000000003
-0.0008160000000000003,0.0012000000000000001
-0.0008140000000000003,0.0024000000000000002
-0.0008120000000000002,0.0004
-0.0008100000000000002,0.0036000000000000003
-0.0008080000000000001,0.002
-0.0008060000000000003,0.0008
-0.0008040000000000002,0.0016
-0.0008020000000000002,0.0012000000000000001
-0.0008000000000000001,0.0036000000000000003
-0.0007980000000000003,0.002
-0.0007960000000000003,0.0008
-0.0007940000000000002,0.0044
-0.0007920000000000002,0.0024000000000000002
-0.0007900000000000001,0.0024000000000000002
-0.0007880000000000003,0.0028
-0.0007860000000000002,0.002
-0.0007840000000000002,0.0036000000000000003
-0.0007820000000000001,0.0024000000000000002
-0.0007800000000000003,0.0036000000000000003
-0.0007780000000000003,0.0028
-0.0007760000000000002,0.0016
-0.0007740000000000002,0.0016
-0.0007720000000000003,0.0024000000000000002
-0.0007700000000000003,0.0036000000000000003
-0.0007680000000000002,0.0028
-0.0007660000000000002,0.002
-0.0007640000000000001,0.002
-0.0007620000000000003,0.0012000000000000001
-0.0007600000000000003,0.004
-0.0007580000000000002,0.002
-0.0007560000000000002,0.0024000000000000002
-0.0007540000000000003,0.0036000000000000003
-0.0007520000000000003,0.0024000000000000002
-0.0007500000000000002,0.0028
-0.0007480000000000002,0.0012000000000000001
-0.0007460000000000001,0.002
-0.0007440000000000003,0.0044
-0.0007420000000000003,0.0024000000000000002
-0.0007400000000000002,0.0028
-0.0007380000000000002,0.0032
-0.0007360000000000003,0.0016
-0.0007340000000000003,0.002
-0.0007320000000000002,0.0024000000000000002
-0.0007300000000000002,0.0028
-0.0007280000000000001,0.0024000000000000002
-0.0007260000000000003,0.0004
-0.0007240000000000003,0.0016
-0.0007220000000000002,0.0032
-0.0007200000000000002,0.0004
-0.0007180000000000003,0.002
-0.0007160000000000003,0.0016
-0.0007140000000000002,0.0028
-0.0007120000000000002,0.0028
-0.0007100000000000001,0.0012000000000000001
-0.0007080000000000003,0.0028
-0.0007060000000000002,0.0032
-0.0007040000000000002,0.0036000000000000003
-0.0007020000000000001,0.0028
-0.0007000000000000003,0.0016
-0.0006980000000000003,0.0028
-0.0006960000000000002,0.0032
-0.0006940000000000002,0.0028
-0.0006920000000000001,0.0036000000000000003
-0.0006900000000000003,0.002
-0.0006880000000000002,0.0012000000000000001
-0.0006860000000000002,0.0032
-0.0006840000000000001,0.0016
-0.0006820000000000003,0.0012000000000000001
-0.0006800000000000003,0.0028
-0.0006780000000000002,0.0004
-0.0006760000000000002,0.002
-0.0006740000000000003,0.0008
-0.0006720000000000003,0.0004
-0.0006700000000000002,0.0012000000000000001
-0.0006680000000000002,0.0016
-0.0006660000000000001,0.0016
-0.0006640000000000003,0.0008
-0.0006620000000000003,0.0012000000000000001
-0.0006600000000000002,0.0024000000000000002
-0.0006580000000000002,0.0004
-0.0006560000000000003,0.0024000000000000002
-0.0006540000000000003,0.0016
-0.0006520000000000002,0.0016
-0.0006500000000000002,0.0016
-0.0006480000000000001,0.0016
-0.0006460000000000003,-0.0028
-0.0006440000000000003,0.0012000000000000001
-0.0006420000000000002,0.0008
-0.0006400000000000002,0.002
-0.0006380000000000003,0.002
-0.0006360000000000003,0.0
-0.0006340000000000002,0.0024000000000000002
-0.0006320000000000002,0.0012000000000000001
-0.0006300000000000001,0.0004
-0.0006280000000000003,0.0004
-0.0006260000000000003,0.0004
-0.0006240000000000002,0.0016
-0.0006220000000000002,0.0008
-0.0006200000000000003,0.0
-0.0006180000000000003,0.0016
-0.0006160000000000002,0.0
-0.0006140000000000002,0.0016
-0.0006120000000000001,0.0016
-0.0006100000000000003,0.0016
-0.0006080000000000003,0.0024000000000000002
-0.0006060000000000002,0.0008
-0.0006040000000000002,0.0032
-0.0006020000000000003,0.0032
-0.0006000000000000003,0.0012000000000000001
-0.0005980000000000002,0.0032
-0.0005960000000000002,0.0028
-0.0005940000000000003,0.0024000000000000002
-0.0005920000000000003,0.0012000000000000001
-0.0005900000000000002,0.0016
-0.0005880000000000002,0.0032
-0.0005860000000000001,0.0036000000000000003
-0.0005840000000000003,0.0024000000000000002
-0.0005820000000000003,0.0028
-0.0005800000000000002,0.0012000000000000001
-0.0005780000000000002,0.0036000000000000003
-0.0005760000000000003,0.0028
-0.0005740000000000003,0.0028
-0.0005720000000000002,0.0024000000000000002
-0.0005700000000000002,0.0004
-0.0005680000000000001,0.0028
-0.0005660000000000003,0.0016
-0.0005640000000000003,0.0028
-0.0005620000000000002,0.0004
-0.0005600000000000002,0.0012000000000000001
-0.0005580000000000003,0.0004
-0.0005560000000000003,0.0016
-0.0005540000000000002,0.0032
-0.0005520000000000002,0.0012000000000000001
-0.0005500000000000001,0.0012000000000000001
-0.0005480000000000003,0.002
-0.000546,0.0024000000000000002
-0.0005440000000000002,0.0028
-0.0005420000000000004,-0.0004
-0.0005400000000000001,0.0024000000000000002
-0.0005380000000000003,0.0016
-0.0005360000000000005,0.0024000000000000002
-0.0005340000000000002,0.0012000000000000001
-0.0005320000000000004,0.0004
-0.0005300000000000001,0.0044
-0.0005280000000000003,0.0028
-0.0005260000000000004,0.0028
-0.0005240000000000002,0.0024000000000000002
-0.0005220000000000003,0.002
-0.0005200000000000001,0.0056
-0.0005180000000000002,0.0016
-0.0005160000000000004,0.0024000000000000002
-0.0005140000000000001,0.0016
-0.0005120000000000003,0.0028
-0.00051,0.0012000000000000001
-0.0005080000000000002,0.0008
-0.0005060000000000004,0.0036000000000000003
-0.0005040000000000001,0.0004
-0.0005020000000000003,0.0016
-0.0005000000000000004,0.0
-0.0004980000000000002,0.0028
-0.0004960000000000003,0.0016
-0.0004940000000000001,-0.0004
-0.0004920000000000002,0.0012000000000000001
-0.0004900000000000004,0.0
-0.00048800000000000015,0.0028
-0.0004860000000000003,0.0008
-0.00048400000000000006,0.0008
-0.0004820000000000002,0.0016
-0.0004800000000000004,-0.0008
-0.0004780000000000001,0.0016
-0.0004760000000000003,0.0008
-0.00047400000000000003,0.0028
-0.0004720000000000002,0.0024000000000000002
-0.00047000000000000037,0.0004
-0.0004680000000000001,0.0028
-0.00046600000000000027,0.0032
-0.00046400000000000044,0.0044
-0.00046200000000000017,0.0024000000000000002
-0.00046000000000000034,0.002
-0.0004580000000000001,0.0044
-0.00045600000000000024,0.0016
-0.0004540000000000004,0.005200000000000001
-0.00045200000000000014,0.0024000000000000002
-0.0004500000000000003,0.004
-0.00044800000000000005,0.0024000000000000002
-0.0004460000000000002,0.0012000000000000001
-0.0004440000000000004,0.0032
-0.0004420000000000001,0.0016
-0.0004400000000000003,0.0044
-0.00043800000000000045,0.0016
-0.0004360000000000002,0.0016
-0.00043400000000000036,0.0028
-0.0004320000000000001,0.002
-0.00043000000000000026,0.004
-0.00042800000000000043,0.0016
-0.00042600000000000016,0.002
-0.00042400000000000033,0.0028
-0.00042200000000000007,0.0016
-0.00042000000000000023,0.0032
-0.0004180000000000004,0.002
-0.00041600000000000014,0.0012000000000000001
-0.0004140000000000003,0.004
-0.00041200000000000004,0.002
-0.0004100000000000002,0.0032
-0.0004080000000000004,0.0024000000000000002
-0.0004060000000000001,-0.0064
-0.0004040000000000003,-0.0008
-0.00040200000000000045,-0.0012000000000000001
-0.0004000000000000002,0.0032
-0.00039800000000000035,0.002
-0.0003960000000000001,0.002
-0.00039400000000000025,0.0016
-0.0003920000000000004,0.0008
-0.00039000000000000016,0.0028
-0.0003880000000000003,0.0028
-0.00038600000000000006,0.0016
-0.0003840000000000002,0.0028
-0.0003820000000000004,0.0
-0.00038000000000000013,0.0028
-0.0003780000000000003,0.0028
-0.00037600000000000003,0.0016
-0.0003740000000000002,0.0028
-0.00037200000000000037,0.002
-0.0003700000000000001,0.0016
-0.00036800000000000027,0.0016
-0.00036600000000000044,0.0
-0.0003640000000000002,0.0036000000000000003
-0.00036200000000000034,0.0028
-0.0003600000000000001,0.002
-0.00035800000000000025,0.0024000000000000002
-0.0003560000000000004,0.0016
-0.00035400000000000015,0.0032
-0.0003520000000000003,0.0008
-0.00035000000000000005,0.0028
-0.0003480000000000002,0.002
-0.0003460000000000004,0.0016
-0.0003440000000000001,0.0036000000000000003
-0.0003420000000000003,0.0016
-0.00034000000000000046,0.0032
-0.0003380000000000002,0.0032
-0.00033600000000000036,0.002
-0.0003340000000000001,0.0024000000000000002
-0.00033200000000000026,0.0028
-0.00033000000000000043,0.0028
-0.00032800000000000017,0.0032
-0.00032600000000000033,0.002
-0.00032400000000000007,0.002
-0.00032200000000000024,0.004
-0.0003200000000000004,0.0028
-0.00031800000000000014,0.0028
-0.0003160000000000003,0.0032
-0.00031400000000000004,0.0032
-0.0003120000000000002,0.004
-0.0003100000000000004,0.0016
-0.0003080000000000001,0.0012000000000000001
-0.0003060000000000003,0.0028
-0.00030400000000000045,0.0016
-0.0003020000000000002,0.0036000000000000003
-0.00030000000000000035,0.0008
-0.0002980000000000001,0.0012000000000000001
-0.00029600000000000026,0.0024000000000000002
-0.0002940000000000004,0.002
-0.00029200000000000016,0.0024000000000000002
-0.0002900000000000003,0.0012000000000000001
-0.00028800000000000006,0.0012000000000000001
-0.00028600000000000023,0.002
-0.0002840000000000004,0.0024000000000000002
-0.00028200000000000013,0.0032
-0.0002800000000000003,0.0024000000000000002
-0.00027800000000000004,0.0012000000000000001
-0.0002760000000000002,0.0024000000000000002
-0.00027400000000000037,0.0024000000000000002
-0.0002720000000000001,0.0032
-0.0002700000000000003,0.002
-0.00026800000000000044,0.0016
-0.0002660000000000002,0.004
-0.00026400000000000035,0.0028
-0.0002620000000000001,0.0024000000000000002
-0.00026000000000000025,0.0028
-0.0002580000000000004,0.0008
-0.00025600000000000015,0.0036000000000000003
-0.0002540000000000003,0.0
-0.00025200000000000005,0.002
-0.0002500000000000002,0.0
-0.0002480000000000004,0.0016
-0.0002460000000000001,0.0016
-0.0002440000000000003,0.0012000000000000001
-0.00024200000000000046,0.0008
-0.0002400000000000002,0.0004
-0.00023800000000000036,0.0016
-0.0002360000000000001,0.0
-0.00023400000000000027,0.0012000000000000001
-0.00023200000000000044,0.0004
-0.00023000000000000017,0.0012000000000000001
-0.00022800000000000034,0.002
-0.00022600000000000007,0.0004
-0.00022400000000000024,0.002
-0.0002220000000000004,0.0004
-0.00022000000000000014,0.0016
-0.0002180000000000003,0.002
-0.00021600000000000005,0.0008
-0.00021400000000000021,0.0028
-0.00021200000000000038,0.0008
-0.00021000000000000012,0.0016
-0.00020800000000000029,0.0012000000000000001
-0.00020600000000000045,0.0
-0.0002040000000000002,0.002
-0.00020200000000000036,-0.0012000000000000001
-0.0002000000000000001,0.0008
-0.00019800000000000026,0.0
-0.00019600000000000043,0.0016
-0.00019400000000000016,0.0016
-0.00019200000000000033,0.0012000000000000001
-0.00019000000000000006,0.0004
-0.00018800000000000023,0.0008
-0.0001860000000000004,0.0032
-0.00018400000000000014,0.0016
-0.0001820000000000003,0.002
-0.00018000000000000004,-0.0004
-0.0001780000000000002,0.0024000000000000002
-0.00017600000000000037,0.0024000000000000002
-0.0001740000000000001,0.0016
-0.00017200000000000028,0.0012000000000000001
-0.00017000000000000045,0.0016
-0.00016800000000000018,0.0016
-0.00016600000000000035,0.0016
-0.00016400000000000008,0.0
-0.00016200000000000025,-0.0008
-0.00016000000000000042,0.0
-0.00015800000000000015,0.0016
-0.00015600000000000032,-0.0008
-0.00015400000000000006,0.002
-0.00015200000000000023,0.0012000000000000001
-0.0001500000000000004,0.0028
-0.00014800000000000013,0.0024000000000000002
-0.0001460000000000003,0.0024000000000000002
-0.00014400000000000046,0.0012000000000000001
-0.0001420000000000002,0.0016
-0.00014000000000000037,0.0032
-0.0001380000000000001,0.002
-0.00013600000000000027,0.0032
-0.00013400000000000044,0.0024000000000000002
-0.00013200000000000017,0.0044
-0.00013000000000000034,0.0032
-0.00012800000000000008,0.0008
-0.00012600000000000024,0.0024000000000000002
-0.0001240000000000004,0.002
-0.00012200000000000015,0.0036000000000000003
-0.00012000000000000031,0.0016
-0.00011800000000000005,0.0008
-0.00011600000000000022,0.0
-0.00011400000000000039,0.0028
-0.00011200000000000012,0.002
-0.00011000000000000029,0.0008
-0.00010800000000000046,0.0004
-0.00010600000000000019,-0.0004
-0.00010400000000000036,0.0036000000000000003
-0.0001020000000000001,0.0016
-0.00010000000000000026,0.002
-9.800000000000043e-05,0.0008
-9.600000000000017e-05,0.0008
-9.400000000000033e-05,0.0048000000000000004
-9.200000000000007e-05,0.0012000000000000001
-9.000000000000024e-05,0.0036000000000000003
-8.80000000000004e-05,0.002
-8.600000000000014e-05,0.002
-8.400000000000031e-05,0.0032
-8.200000000000048e-05,0.0016
-8.000000000000021e-05,0.0032
-7.800000000000038e-05,0.0028
-7.600000000000011e-05,0.0036000000000000003
-7.400000000000028e-05,0.0012000000000000001
-7.200000000000045e-05,0.0024000000000000002
-7.000000000000018e-05,0.0024000000000000002
-6.800000000000035e-05,0.0024000000000000002
-6.600000000000009e-05,0.0024000000000000002
-6.400000000000025e-05,0.0016
-6.200000000000042e-05,0.0032
-6.000000000000016e-05,0.0032
-5.8000000000000326e-05,0.0028
-5.600000000000006e-05,0.0028
-5.400000000000023e-05,0.0028
-5.2000000000000397e-05,0.0036000000000000003
-5.000000000000013e-05,0.0016
-4.80000000000003e-05,0.002
-4.600000000000047e-05,0.0032
-4.40000000000002e-05,0.0036000000000000003
-4.200000000000037e-05,0.0028
-4.0000000000000105e-05,0.0004
-3.800000000000027e-05,0.0032
-3.600000000000044e-05,0.0024000000000000002
-3.4000000000000176e-05,0.0032
-3.2000000000000344e-05,0.0028
-3.000000000000008e-05,0.002
-2.8000000000000247e-05,0.0032
-2.6000000000000415e-05,0.0028
-2.400000000000015e-05,0.0036000000000000003
-2.2000000000000318e-05,0.0024000000000000002
-2.0000000000000052e-05,0.0028
-1.800000000000022e-05,0.0048000000000000004
-1.600000000000039e-05,0.002
-1.4000000000000123e-05,0.004
-1.2000000000000292e-05,0.0036000000000000003
-1.000000000000046e-05,0.0044
-8.000000000000194e-06,0.0044
-6.000000000000363e-06,0.0012000000000000001
-4.000000000000097e-06,0.0044
-2.0000000000002655e-06,0.0044
-4.336808689942018e-19,0.0024000000000000002
1.9999999999998318e-06,0.0024000000000000002
3.9999999999996635e-06,0.002
5.999999999999929e-06,0.0044
7.99999999999976e-06,0.0016
9.999999999999593e-06,0.0016
1.1999999999999858e-05,0.0024000000000000002
1.399999999999969e-05,0.0024000000000000002
1.599999999999952e-05,0.0048000000000000004
1.7999999999999787e-05,0.0004
1.999999999999962e-05,0.004
2.1999999999999884e-05,0.0044
2.3999999999999716e-05,0.0036000000000000003
2.5999999999999548e-05,0.0048000000000000004
2.7999999999999813e-05,0.002
2.9999999999999645e-05,0.0044
3.199999999999991e-05,0.0036000000000000003
3.399999999999974e-05,0.0028
3.5999999999999574e-05,0.004
3.799999999999984e-05,0.0028
3.999999999999967e-05,0.0024000000000000002
4.199999999999994e-05,0.0032
4.399999999999977e-05,0.0024000000000000002
4.59999999999996e-05,0.0024000000000000002
4.7999999999999866e-05,0.002
4.99999999999997e-05,0.0016
5.199999999999953e-05,0.0032
5.3999999999999795e-05,0.0012000000000000001
5.5999999999999626e-05,0.0016
5.799999999999989e-05,0.0016
5.9999999999999724e-05,0.002
6.199999999999956e-05,0.004
6.399999999999982e-05,0.0016
6.599999999999965e-05,0.0028
6.799999999999992e-05,0.0032
6.999999999999975e-05,0.0028
7.199999999999958e-05,0.0028
7.399999999999985e-05,0.0016
7.599999999999968e-05,0.0016
7.799999999999994e-05,0.0036000000000000003
7.999999999999978e-05,0.0028
8.199999999999961e-05,0.0028
8.399999999999987e-05,0.0004
8.59999999999997e-05,0.0004
8.799999999999954e-05,0.0024000000000000002
8.99999999999998e-05,0.0024000000000000002
9.199999999999963e-05,0.0024000000000000002
9.39999999999999e-05,0.0012000000000000001
9.599999999999973e-05,0.0004
9.799999999999956e-05,0.0024000000000000002
9.999999999999983e-05,0.0032
0.00010199999999999966,0.0024000000000000002
0.00010399999999999993,0.0024000000000000002
0.00010599999999999976,0.0008
0.00010799999999999959,0.0012000000000000001
0.00010999999999999985,0.0032
0.00011199999999999969,0.0008
0.00011399999999999952,0.0028
0.00011599999999999978,0.0008
0.00011799999999999962,0.0008
0.00011999999999999988,0.0024000000000000002
0.00012199999999999971,-0.0004
0.00012399999999999954,0.002
0.0001259999999999998,0.002
0.00012799999999999964,0.0008
0.0001299999999999999,0.0016
0.00013199999999999974,-0.0004
0.00013399999999999957,0.0024000000000000002
0.00013599999999999984,0.0032
0.00013799999999999967,0.0016
0.00013999999999999993,0.0024000000000000002
0.00014199999999999977,0.0012000000000000001
0.0001439999999999996,0.0024000000000000002
0.00014599999999999986,0.004
0.0001479999999999997,0.0012000000000000001
0.00014999999999999953,0.0008
0.0001519999999999998,0.0016
0.00015399999999999962,0.002
0.0001559999999999999,0.0028
0.00015799999999999972,0.0
0.00015999999999999955,0.002
0.00016199999999999982,0.0036000000000000003
0.00016399999999999965,0.0016
0.00016599999999999991,0.0024000000000000002
0.00016799999999999975,0.0016
0.00016999999999999958,0.0032
0.00017199999999999984,0.0036000000000000003
0.00017399999999999968,0.002
0.00017599999999999994,0.0044
0.00017799999999999977,0.0016
0.0001799999999999996,0.0036000000000000003
0.00018199999999999987,0.0016
0.0001839999999999997,0.0012000000000000001
0.00018599999999999953,0.0032
0.0001879999999999998,0.002
0.00018999999999999963,0.002
0.0001919999999999999,0.002
0.00019399999999999973,0.0012000000000000001
0.00019599999999999956,0.005200000000000001
0.00019799999999999983,0.002
0.00019999999999999966,0.0032
0.00020199999999999992,0.0024000000000000002
0.00020399999999999975,0.002
0.00020599999999999959,0.0048000000000000004
0.00020799999999999985,0.0028
0.00020999999999999968,0.0036000000000000003
0.00021199999999999952,0.0028
0.00021399999999999978,0.0016
0.0002159999999999996,0.004
0.00021799999999999988,0.002
0.0002199999999999997,0.004
0.00022199999999999954,0.0044
0.0002239999999999998,0.0032
0.00022599999999999964,0.0044
0.0002279999999999999,0.0028
0.00022999999999999974,0.004
0.00023199999999999957,0.0008
0.00023399999999999983,0.0028
0.00023599999999999966,0.0036000000000000003
0.00023799999999999993,0.0024000000000000002
0.00023999999999999976,0.0036000000000000003
0.0002419999999999996,0.002
0.00024399999999999986,0.0044
0.0002459999999999997,0.0028
0.0002479999999999995,0.004
0.0002499999999999998,0.0032
0.0002519999999999996,0.0028
0.0002539999999999999,0.002
0.0002559999999999997,0.0016
0.00025799999999999955,0.0024000000000000002
0.0002599999999999998,0.0012000000000000001
0.00026199999999999965,0.0012000000000000001
0.0002639999999999999,0.002
0.00026599999999999974,0.0012000000000000001
0.0002679999999999996,0.004
0.00026999999999999984,0.0028
0.00027199999999999967,0.0024000000000000002
0.00027399999999999994,0.0016
0.00027599999999999977,0.0
0.0002779999999999996,0.0024000000000000002
0.00027999999999999987,0.0
0.0002819999999999997,0.0024000000000000002
0.00028399999999999953,0.0004
0.0002859999999999998,0.0024000000000000002
0.00028799999999999963,0.002
0.0002899999999999999,0.002
0.0002919999999999997,0.002
0.00029399999999999956,0.0004
0.0002959999999999998,0.0008
0.00029799999999999965,0.0004
0.0002999999999999999,0.0012000000000000001
0.00030199999999999975,0.0012000000000000001
0.0003039999999999996,0.0008
0.00030599999999999985,0.0016
0.0003079999999999997,-0.0004
0.0003099999999999995,0.0028
0.0003119999999999998,0.002
0.0003139999999999996,0.0
0.0003159999999999999,0.0012000000000000001
0.0003179999999999997,-0.0008
0.00031999999999999954,0.004
0.0003219999999999998,0.0012000000000000001
0.00032399999999999964,0.002
0.0003259999999999999,0.0024000000000000002
0.00032799999999999973,0.0016
0.00032999999999999956,0.0028
0.00033199999999999983,0.0004
0.00033399999999999966,0.004
0.00033599999999999993,0.0
0.00033799999999999976,0.0012000000000000001
0.0003399999999999996,0.0008
0.00034199999999999986,0.002
0.0003439999999999997,0.0028
0.0003459999999999995,0.0016
0.0003479999999999998,0.0016
0.0003499999999999996,0.0004
0.0003519999999999999,0.002
0.0003539999999999997,0.0036000000000000003
0.00035599999999999955,0.0016
0.0003579999999999998,0.002
0.00035999999999999964,0.0028
0.0003619999999999999,0.0032
0.00036399999999999974,0.0048000000000000004
0.00036599999999999957,0.0012000000000000001
0.00036799999999999984,0.0032
0.00036999999999999967,0.0016
0.00037199999999999993,0.0032
0.00037399999999999977,0.002
0.0003759999999999996,0.0012000000000000001
0.00037799999999999986,0.002
0.0003799999999999997,0.0024000000000000002
0.00038199999999999953,0.0044
0.0003839999999999998,0.0024000000000000002
0.0003859999999999996,0.0036000000000000003
0.0003879999999999999,0.0024000000000000002
0.0003899999999999997,0.0028
0.00039199999999999955,0.0028
0.0003939999999999998,0.002
0.00039599999999999965,0.0032
0.0003979999999999999,0.002
0.00039999999999999975,0.0012000000000000001
0.0004019999999999996,0.002
0.00040399999999999985,0.0028
0.0004059999999999997,0.004
0.0004079999999999995,0.0016
0.0004099999999999998,0.0036000000000000003
0.0004119999999999996,0.0024000000000000002
0.00041399999999999987,0.0036000000000000003
0.0004159999999999997,0.0028
0.00041799999999999954,0.0028
0.0004199999999999998,0.002
0.00042199999999999963,0.0032
0.0004239999999999999,0.0024000000000000002
0.00042599999999999973,0.0028
0.00042799999999999956,0.0016
0.0004299999999999998,0.0032
0.00043199999999999966,0.0028
0.0004339999999999999,0.0024000000000000002
0.00043599999999999976,0.0036000000000000003
0.0004379999999999996,0.0028
0.00043999999999999985,0.0048000000000000004
0.0004419999999999997,0.002
0.0004439999999999995,0.004
0.0004459999999999998,0.0028
0.0004479999999999996,0.0032
0.0004499999999999999,0.005200000000000001
0.0004519999999999997,0.0016
0.00045399999999999954,0.004
0.0004559999999999998,0.0024000000000000002
0.00045799999999999964,0.0016
0.0004599999999999999,0.004
0.00046199999999999974,0.0004
0.00046399999999999957,0.002
0.00046599999999999983,0.0032
0.00046799999999999967,0.0012000000000000001
0.00046999999999999993,0.0036000000000000003
0.00047199999999999976,0.0024000000000000002
0.0004739999999999996,0.0024000000000000002
0.00047599999999999986,0.0016
0.0004779999999999997,0.0008
0.0004799999999999995,0.0032
0.0004819999999999998,0.002
0.0004839999999999996,0.0008
0.0004859999999999999,0.0008
0.0004879999999999997,0.0004
0.0004899999999999996,0.0024000000000000002
0.0004919999999999998,0.0032
0.0004939999999999996,0.0012000000000000001
0.0004959999999999999,0.0024000000000000002
0.0004979999999999997,0.0004
0.0004999999999999996,0.0032
0.0005019999999999998,0.0028
0.0005039999999999997,0.0032
0.0005059999999999995,0.0032
0.0005079999999999998,0.0016
0.0005099999999999996,0.0032
0.0005119999999999999,0.002
0.0005139999999999997,0.0008
0.0005159999999999995,0.0012000000000000001
0.0005179999999999998,0.0008
0.0005199999999999996,0.0
0.0005219999999999999,0.0012000000000000001
0.0005239999999999997,0.0004
0.0005259999999999996,0.0008
0.0005279999999999998,0.0024000000000000002
0.0005299999999999997,0.0
0.0005319999999999999,0.0008
0.0005339999999999998,0.0028
0.0005359999999999996,0.0028
0.0005379999999999998,0.0028
0.0005399999999999997,0.0
0.0005419999999999995,0.0008
0.0005439999999999998,0.0028
0.0005459999999999996,0.0008
0.0005479999999999999,0.0016
0.0005499999999999997,0.0008
0.0005519999999999995,0.0008
0.0005539999999999998,0.0024000000000000002
0.0005559999999999996,0.0
0.0005579999999999999,0.0016
0.0005599999999999997,0.0028
0.0005619999999999996,0.0016
0.0005639999999999998,0.0032
0.0005659999999999997,0.0028
0.0005679999999999999,0.002
0.0005699999999999998,0.0048000000000000004
0.0005719999999999996,0.0012000000000000001
0.0005739999999999999,0.0016
0.0005759999999999997,0.0016
0.0005779999999999995,0.0012000000000000001
0.0005799999999999998,0.0024000000000000002
0.0005819999999999996,0.0024000000000000002
0.0005839999999999999,0.0016
0.0005859999999999997,0.0008
0.0005879999999999995,0.0028
0.0005899999999999998,0.0032
0.0005919999999999996,0.0028
0.0005939999999999999,0.0016
0.0005959999999999997,0.0
0.0005979999999999996,0.0016
0.0005999999999999998,0.0012000000000000001
0.0006019999999999997,0.0024000000000000002
0.0006039999999999995,0.0016
0.0006059999999999998,0.0016
0.0006079999999999996,0.0044
0.0006099999999999999,0.0028
0.0006119999999999997,0.0024000000000000002
0.0006139999999999995,0.0024000000000000002
0.0006159999999999998,0.0024000000000000002
0.0006179999999999996,0.0032
0.0006199999999999999,0.0016
0.0006219999999999997,0.0008
0.0006239999999999996,0.002
0.0006259999999999998,0.0024000000000000002
0.0006279999999999997,0.0028
0.0006299999999999999,0.0032
0.0006319999999999997,0.0012000000000000001
0.0006339999999999996,0.0016
0.0006359999999999998,0.0028
0.0006379999999999997,0.0008
0.0006399999999999995,0.0016
0.0006419999999999998,0.002
0.0006439999999999996,0.0016
0.0006459999999999999,0.0028
0.0006479999999999997,0.0012000000000000001
0.0006499999999999995,0.0016
0.0006519999999999998,0.0028
0.0006539999999999996,0.0012000000000000001
0.0006559999999999999,0.0024000000000000002
0.0006579999999999997,0.0008
0.0006599999999999996,0.0012000000000000001
0.0006619999999999998,0.0024000000000000002
0.0006639999999999997,0.002
0.0006659999999999995,0.002
0.0006679999999999998,0.002
0.0006699999999999996,0.0016
0.0006719999999999999,0.0024000000000000002
0.0006739999999999997,0.0008
0.0006759999999999995,0.0004
0.0006779999999999998,0.0016
0.0006799999999999996,0.002
0.0006819999999999999,0.0008
0.0006839999999999997,0.0016
0.0006859999999999995,0.0012000000000000001
0.0006879999999999998,0.0028
0.0006899999999999996,0.0024000000000000002
0.0006919999999999999,0.0
0.0006939999999999997,0.0028
0.0006959999999999996,0.0012000000000000001
0.0006979999999999998,0.0024000000000000002
0.0006999999999999997,0.0024000000000000002
0.0007019999999999995,0.0012000000000000001
0.0007039999999999998,0.0036000000000000003
0.0007059999999999996,0.0016
0.0007079999999999999,0.0016
0.0007099999999999997,0.0028
0.0007119999999999995,0.0016
0.0007139999999999998,0.0028
0.0007159999999999996,0.0016
0.0007179999999999999,0.0004
0.0007199999999999997,0.0024000000000000002
0.0007219999999999996,0.002
0.0007239999999999998,0.0024000000000000002
0.0007259999999999996,0.0004
0.0007279999999999999,0.0004
0.0007299999999999997,0.0012000000000000001
0.0007319999999999996,0.0024000000000000002
0.0007339999999999998,0.0016
0.0007359999999999997,0.0016
0.0007379999999999995,0.0004
0.0007399999999999998,-0.0004
0.0007419999999999996,0.0012000000000000001
0.0007439999999999999,0.0
0.0007459999999999997,0.0012000000000000001
0.0007479999999999995,0.0012000000000000001
0.0007499999999999998,0.0
0.0007519999999999996,0.0016
0.0007539999999999999,0.0
0.0007559999999999997,0.0008
0.0007579999999999996,0.0012000000000000001
0.0007599999999999998,0.0
0.0007619999999999997,0.0004
0.0007639999999999995,-0.0008
0.0007659999999999998,0.0016
0.0007679999999999996,0.0024000000000000002
0.0007699999999999999,0.002
0.0007719999999999997,0.0028
0.0007739999999999995,-0.0004
0.0007759999999999998,0.0012000000000000001
0.0007779999999999996,0.002
0.0007799999999999999,0.0024000000000000002
0.0007819999999999997,0.0008
0.0007839999999999995,0.0016
0.0007859999999999998,0.002
0.0007879999999999996,0.0036000000000000003
0.0007899999999999999,0.004
0.0007919999999999997,0.0016
0.0007939999999999996,0.0024000000000000002
0.0007959999999999998,0.0024000000000000002
0.0007979999999999997,0.0028
0.0007999999999999995,0.0036000000000000003
0.0008019999999999998,0.0016
0.0008039999999999996,0.0028
0.0008059999999999999,0.005200000000000001
0.0008079999999999997,0.0024000000000000002
0.0008099999999999995,0.0036000000000000003
0.0008119999999999998,0.0012000000000000001
0.0008139999999999996,0.0032
0.0008159999999999999,0.004
0.0008179999999999997,0.0028
0.0008199999999999995,0.0032
0.0008219999999999998,0.002
0.0008239999999999996,0.0024000000000000002
0.0008259999999999999,0.004
0.0008279999999999997,0.0024000000000000002
0.0008299999999999996,0.0024000000000000002
0.0008319999999999998,0.0032
0.0008339999999999997,0.0016
0.0008359999999999995,0.0032
0.0008379999999999998,0.0028
0.0008399999999999996,0.0016
0.0008419999999999999,0.0028
0.0008439999999999997,0.0008
0.0008459999999999995,0.0008
0.0008479999999999998,0.0016
0.0008499999999999996,0.0016
0.0008519999999999999,0.0028
0.0008539999999999997,0.0024000000000000002
0.0008559999999999996,0.0012000000000000001
0.0008579999999999998,0.0024000000000000002
0.0008599999999999997,0.002
0.0008619999999999995,0.0016
0.0008639999999999998,0.0024000000000000002
0.0008659999999999996,0.0008
0.0008679999999999998,0.0016
0.0008699999999999997,0.0016
0.0008719999999999995,0.0012000000000000001
0.0008739999999999998,0.0024000000000000002
0.0008759999999999996,0.0004
0.0008779999999999999,0.0012000000000000001
0.0008799999999999997,0.0028
0.0008819999999999995,0.0016
0.0008839999999999998,0.002
0.0008859999999999996,0.0028
0.0008879999999999999,0.002
0.0008899999999999997,0.0024000000000000002
0.0008919999999999996,0.002
0.0008939999999999998,0.0
0.0008959999999999997,0.0016
0.0008979999999999995,0.0024000000000000002
0.0008999999999999998,0.0016
0.0009019999999999996,0.0024000000000000002
0.0009039999999999999,0.0016
0.0009059999999999997,0.0024000000000000002
0.0009079999999999995,0.0036000000000000003
0.0009099999999999998,0.0024000000000000002
0.0009119999999999996,0.0028
0.0009139999999999999,0.0024000000000000002
0.0009159999999999997,0.0008
0.0009179999999999995,0.0028
0.0009199999999999998,0.002
0.0009219999999999996,0.0008
0.0009239999999999999,0.0032
0.0009259999999999997,0.0
0.0009279999999999996,0.002
0.0009299999999999998,0.0028
0.0009319999999999997,0.0016
0.0009339999999999995,0.0016
0.0009359999999999998,0.0028
0.0009379999999999996,0.0024000000000000002
0.0009399999999999999,0.0036000000000000003
0.0009419999999999997,0.0016
0.0009439999999999995,0.0008
0.0009459999999999998,0.0016
0.0009479999999999996,0.0044
0.0009499999999999999,0.0012000000000000001
0.0009519999999999997,0.0024000000000000002
0.0009539999999999996,0.0016
0.0009559999999999998,0.002
0.0009579999999999997,0.004
0.0009599999999999995,0.0016
0.0009619999999999997,0.0028
0.0009639999999999996,0.002
0.0009659999999999998,0.0016
0.0009679999999999997,0.0028
0.0009699999999999995,0.0028
0.0009719999999999998,0.0016
0.0009739999999999996,0.002
0.0009759999999999999,0.0
0.0009779999999999997,0.002
0.0009799999999999995,0.0028
0.0009819999999999998,0.0024000000000000002
0.0009839999999999996,0.0012000000000000001
0.000986,0.0024000000000000002
0.0009879999999999997,0.0024000000000000002
0.0009899999999999996,0.0036000000000000003
0.0009919999999999998,0.0044
0.0009939999999999997,0.0028
0.0009959999999999995,0.0024000000000000002
0.0009979999999999998,0.0036000000000000003
0.0009999999999999996,0.0024000000000000002
0.0010019999999999999,0.0032
0.0010039999999999997,0.0028
0.0010059999999999995,0.0012000000000000001
0.0010079999999999998,0.0032
0.0010099999999999996,0.0032
0.0010119999999999999,0.0036000000000000003
0.0010139999999999997,0.0036000000000000003
0.0010159999999999995,0.0016
0.0010179999999999998,0.002
0.0010199999999999996,0.0028
0.001022,0.0028
0.0010239999999999997,0.0024000000000000002
0.0010259999999999996,0.002
0.0010279999999999998,0.0008
0.0010299999999999997,0.0024000000000000002
0.0010319999999999995,0.002
0.0010339999999999998,0.0028
0.0010359999999999996,0.0028
0.0010379999999999999,0.002
0.0010399999999999997,0.0016
0.0010419999999999995,0.0024000000000000002
0.0010439999999999998,0.002
0.0010459999999999996,0.0008
0.0010479999999999999,0.0024000000000000002
0.0010499999999999997,0.0016
0.0010519999999999996,0.0012000000000000001
0.0010539999999999998,0.002
0.0010559999999999996,0.0012000000000000001
0.0010579999999999995,0.0008
0.0010599999999999997,0.004
0.0010619999999999996,0.0012000000000000001
0.0010639999999999998,0.004
0.0010659999999999997,0.0008
0.0010679999999999995,0.0012000000000000001
0.0010699999999999998,0.002
0.0010719999999999996,0.002
0.0010739999999999999,0.002
0.0010759999999999997,0.0036000000000000003
0.0010779999999999995,0.0004
0.0010799999999999998,0.0028
0.0010819999999999996,0.002
0.001084,0.0016
0.0010859999999999997,0.0032
0.0010879999999999996,0.0024000000000000002
0.0010899999999999998,0.0008
0.0010919999999999997,0.0012000000000000001
0.0010939999999999995,0.0016
0.0010959999999999998,0.0016
0.0010979999999999996,0.0032
0.0010999999999999998,0.0004
0.0011019999999999997,0.0028
0.0011039999999999995,0.0028
0.0011059999999999998,0.0024000000000000002
0.0011079999999999996,0.0016
0.0011099999999999999,0.0028
0.0011119999999999997,0.0008
0.0011139999999999995,0.0024000000000000002
0.0011159999999999998,0.0024000000000000002
0.0011179999999999996,0.002
0.00112,0.0028
0.0011219999999999997,0.0016
0.0011239999999999996,0.002
0.0011259999999999998,0.0036000000000000003
0.0011279999999999997,0.0016
0.0011299999999999995,0.0024000000000000002
0.0011319999999999998,0.0016
0.0011339999999999996,0.0016
0.0011359999999999999,0.0028
0.0011379999999999997,0.0016
0.0011399999999999995,0.0012000000000000001
0.0011419999999999998,0.0028
0.0011439999999999996,0.0024000000000000002
0.0011459999999999999,0.0016
0.0011479999999999997,0.002
0.0011499999999999995,0.0024000000000000002
0.0011519999999999998,0.0008
0.0011539999999999996,0.0028
0.0011559999999999995,0.0016
0.0011579999999999997,0.0008
0.0011599999999999996,0.0012000000000000001
0.0011619999999999998,0.0024000000000000002
0.0011639999999999997,0.0024000000000000002
0.0011659999999999995,0.0028
0.0011679999999999998,0.0016
0.0011699999999999996,0.0024000000000000002
0.0011719999999999999,0.0024000000000000002
0.0011739999999999997,0.0004
0.0011759999999999995,0.0028
0.0011779999999999998,0.002
0.0011799999999999996,0.002
0.0011819999999999999,0.0012000000000000001
0.0011839999999999997,0.0012000000000000001
0.0011859999999999996,0.0024000000000000002
0.0011879999999999998,0.0036000000000000003
0.0011899999999999997,0.0024000000000000002
0.0011919999999999995,0.0028
0.0011939999999999997,0.002
0.0011959999999999996,0.0024000000000000002
0.0011979999999999998,0.0028
0.0011999999999999997,0.002
0.0012019999999999995,0.0008
0.0012039999999999998,0.0024000000000000002
0.0012059999999999996,0.0016
0.0012079999999999999,0.0028
0.0012099999999999997,0.0036000000000000003
0.0012119999999999995,0.002
0.0012139999999999998,0.004
0.0012159999999999996,0.0028
0.001218,0.0024000000000000002
0.0012199999999999997,0.0032
0.0012219999999999996,0.0016
0.0012239999999999998,0.0008
0.0012259999999999997,0.0016
0.0012279999999999995,0.0028
0.0012299999999999998,0.0044
0.0012319999999999996,0.002
0.0012339999999999999,0.0012000000000000001
0.0012359999999999997,0.0028
0.0012379999999999995,0.0024000000000000002
0.0012399999999999998,0.0028
0.0012419999999999996,0.0028
0.0012439999999999999,0.0
0.0012459999999999997,0.0012000000000000001
0.0012479999999999995,0.0024000000000000002
0.0012499999999999998,0.0012000000000000001
0.0012519999999999996,0.0016
0.0012539999999999995,0.0024000000000000002
0.0012559999999999997,0.0016
0.0012579999999999996,0.0024000000000000002
0.0012599999999999998,0.0028
0.0012619999999999997,0.0016
0.0012639999999999995,0.0012000000000000001
0.0012659999999999998,0.0028
0.0012679999999999996,0.0012000000000000001
0.0012699999999999999,0.0028
0.0012719999999999997,0.002
0.0012739999999999995,0.0024000000000000002
0.0012759999999999998,0.004
0.0012779999999999996,0.0016
0.0012799999999999999,0.0028
0.0012819999999999997,0.004
0.0012839999999999996,0.0016
0.0012859999999999998,0.002
0.0012879999999999996,0.0
0.0012899999999999995,0.0016
0.0012919999999999997,0.0028
0.0012939999999999996,0.0008
0.0012959999999999998,0.0024000000000000002
0.0012979999999999997,0.0024000000000000002
0.0012999999999999995,0.0032
0.0013019999999999998,0.0036000000000000003
0.0013039999999999996,0.0032
0.0013059999999999999,0.0016
0.0013079999999999997,0.0028
0.0013099999999999995,0.0044
0.0013119999999999998,0.0
0.0013139999999999996,0.0016
0.0013159999999999995,0.0016
0.0013179999999999997,0.0012000000000000001
0.0013199999999999996,0.0032
0.0013219999999999998,0.0008
0.0013239999999999997,0.0016
0.0013259999999999995,0.0016
0.0013279999999999998,0.0024000000000000002
0.0013299999999999996,0.0024000000000000002
0.0013319999999999999,0.004
0.0013339999999999997,0.002
0.0013359999999999995,0.0024000000000000002
0.0013379999999999998,0.0024000000000000002
0.0013399999999999996,0.0008
0.0013419999999999999,0.0028
0.0013439999999999997,0.0032
0.0013459999999999995,0.0004
0.0013479999999999998,0.002
0.0013499999999999996,0.0016
0.0013519999999999995,0.0016
0.0013539999999999997,0.0028
0.0013559999999999996,0.0016
0.0013579999999999998,0.0004
0.0013599999999999997,0.002
0.0013619999999999995,0.0028
0.0013639999999999998,0.0032
0.0013659999999999996,-0.0008
0.0013679999999999999,0.002
0.0013699999999999997,0.0
0.0013719999999999995,0.0008
0.0013739999999999998,0.0032
0.0013759999999999996,0.0008
0.0013779999999999999,0.0008
0.0013799999999999997,0.0008
0.0013819999999999995,0.0
0.0013839999999999998,0.0012000000000000001
0.0013859999999999996,0.0016
0.0013879999999999995,0.0
0.0013899999999999997,0.0008
0.0013919999999999996,0.0012000000000000001
0.0013939999999999998,0.0008
0.0013959999999999997,0.002
0.0013979999999999995,0.0016
0.0013999999999999998,0.0012000000000000001
0.0014019999999999996,0.0032
0.0014039999999999999,0.0016
0.0014059999999999993,0.0024000000000000002
0.0014079999999999995,0.0036000000000000003
0.0014099999999999998,0.0024000000000000002
0.001412,0.0016
0.0014139999999999995,0.0028
0.0014159999999999997,0.004
0.001418,0.0024000000000000002
0.0014199999999999994,0.002
0.0014219999999999997,0.0016
0.001424,0.0032
0.0014259999999999993,0.0044
0.0014279999999999996,0.0016
0.0014299999999999998,0.0016
0.0014319999999999992,0.0028
0.0014339999999999995,0.0032
0.0014359999999999998,0.0024000000000000002
0.001438,0.0044
0.0014399999999999994,0.0
0.0014419999999999997,0.0016
0.001444,0.0024000000000000002
0.0014459999999999994,0.0016
0.0014479999999999996,0.0016
0.00145,0.0032
0.0014519999999999993,0.0012000000000000001
0.0014539999999999996,0.0036000000000000003
0.0014559999999999998,0.0016
0.001458,-0.0012000000000000001
0.0014599999999999995,0.0012000000000000001
0.0014619999999999998,0.0028
0.001464,0.0004
0.0014659999999999994,0.0008
0.0014679999999999997,0.002
0.00147,0.0024000000000000002
0.0014719999999999994,0.0024000000000000002
0.0014739999999999996,0.002
0.0014759999999999999,0.0036000000000000003
0.0014779999999999993,0.0028
0.0014799999999999995,0.0044
0.0014819999999999998,0.0012000000000000001
0.001484,0.0008
0.0014859999999999995,0.0036000000000000003
0.0014879999999999997,0.0028
0.00149,0.0024000000000000002
0.0014919999999999994,0.002
0.0014939999999999997,0.0
0.001496,0.0024000000000000002
0.0014979999999999993,0.0028
0.0014999999999999996,0.002
0.0015019999999999999,0.0024000000000000002
0.0015039999999999993,0.0008
0.0015059999999999995,0.002
0.0015079999999999998,0.0036000000000000003
0.00151,0.0028
0.0015119999999999995,0.0016
0.0015139999999999997,0.0032
0.001516,0.002
0.0015179999999999994,0.0008
0.0015199999999999997,0.0044
0.001522,0.0008
0.0015239999999999993,0.0008
0.0015259999999999996,0.0028
0.0015279999999999998,0.0012000000000000001
0.0015299999999999992,0.0004
0.0015319999999999995,0.0012000000000000001
0.0015339999999999998,0.0
0.001536,0.0016
0.0015379999999999994,0.0016
0.0015399999999999997,0.0004
0.001542,0.0016
0.0015439999999999994,0.0016
0.0015459999999999996,0.0012000000000000001
0.001548,0.002
0.0015499999999999993,0.0028
0.0015519999999999996,0.0016
0.0015539999999999998,0.0032
0.001556,0.0024000000000000002
0.0015579999999999995,0.0012000000000000001
0.0015599999999999998,0.0028
0.001562,0.0016
0.0015639999999999994,0.0004
0.0015659999999999997,0.0028
0.001568,0.0032
0.0015699999999999993,0.0008
0.0015719999999999996,0.0016
0.0015739999999999999,0.0032
0.0015759999999999993,0.0028
0.0015779999999999995,0.0044
0.0015799999999999998,0.0028
0.001582,0.0028
0.0015839999999999995,0.0036000000000000003
0.0015859999999999997,0.0036000000000000003
0.001588,0.002
0.0015899999999999994,0.0028
0.0015919999999999997,0.002
0.001594,0.0028
0.0015959999999999993,0.0016
0.0015979999999999996,0.0004
0.0015999999999999999,0.0024000000000000002
0.0016019999999999993,0.002
0.0016039999999999995,0.002
0.0016059999999999998,0.0016
0.001608,0.0024000000000000002
0.0016099999999999995,0.0012000000000000001
0.0016119999999999997,0.004
0.001614,0.002
0.0016159999999999994,0.0008
0.0016179999999999996,0.0016
0.00162,0.0028
0.0016219999999999993,0.0028
0.0016239999999999996,0.0004
0.0016259999999999998,0.0008
0.0016279999999999992,0.0016
0.0016299999999999995,0.0028
0.0016319999999999998,0.0024000000000000002
0.001634,0.0004
0.0016359999999999994,0.0008
0.0016379999999999997,0.0028
0.00164,0.002
0.0016419999999999994,0.0028
0.0016439999999999996,0.0028
0.001646,0.0012000000000000001
0.0016479999999999993,0.0032
0.0016499999999999996,0.0028
0.0016519999999999998,0.0008
0.001654,0.0028
0.0016559999999999995,0.0016
0.0016579999999999998,0.0008
0.00166,0.0032
0.0016619999999999994,0.0
0.0016639999999999997,0.0016
0.001666,0.002
0.0016679999999999993,0.0024000000000000002
0.0016699999999999996,0.002
0.0016719999999999999,0.0032
0.0016739999999999993,0.0012000000000000001
0.0016759999999999995,0.0016
0.0016779999999999998,0.0032
0.00168,0.0012000000000000001
0.0016819999999999995,0.002
0.0016839999999999997,0.0024000000000000002
0.001686,0.0028
0.0016879999999999994,-0.005200000000000001
0.0016899999999999997,0.0008
0.001692,0.0008
0.0016939999999999993,0.0032
0.0016959999999999996,0.0024000000000000002
0.0016979999999999999,0.002
0.0016999999999999993,0.0028
0.0017019999999999995,0.0036000000000000003
0.0017039999999999998,0.0004
0.001706,0.0004
0.0017079999999999994,0.0012000000000000001
0.0017099999999999997,0.0004
0.001712,0.0008
0.0017139999999999994,0.0004
0.0017159999999999996,0.0012000000000000001
0.001718,0.0016
0.0017199999999999993,0.0008
0.0017219999999999996,0.0
0.0017239999999999998,0.0016
0.0017259999999999992,0.0024000000000000002
0.0017279999999999995,0.0
0.0017299999999999998,0.0012000000000000001
0.001732,0.0016
0.0017339999999999994,0.0008
0.0017359999999999997,0.0004
0.001738,0.0016
0.0017399999999999994,0.0024000000000000002
0.0017419999999999996,0.0028
0.0017439999999999999,0.0016
0.0017459999999999993,0.0012000000000000001
0.0017479999999999996,0.0016
0.0017499999999999998,0.0028
0.001752,0.0016
0.0017539999999999995,0.0044
0.0017559999999999997,0.0028
0.001758,0.0012000000000000001
0.0017599999999999994,0.002
0.0017619999999999997,0.0008
0.001764,0.0036000000000000003
0.0017659999999999993,0.0032
0.0017679999999999996,0.0008
0.0017699999999999999,0.0016
0.0017719999999999993,0.0032
0.0017739999999999995,0.0016
0.0017759999999999998,0.0028
0.001778,0.0032
0.0017799999999999995,0.0008
0.0017819999999999997,0.0028
0.001784,0.0028
0.0017859999999999994,0.0012000000000000001
0.0017879999999999997,0.0012000000000000001
0.00179,0.0028
0.0017919999999999993,0.0024000000000000002
0.0017939999999999996,0.0024000000000000002
0.0017959999999999999,0.0016
0.0017979999999999993,0.0008
0.0017999999999999995,0.002
0.0018019999999999998,0.0032
0.001804,0.002
0.0018059999999999994,0.0016
0.0018079999999999997,0.0024000000000000002
0.00181,0.0004
0.0018119999999999994,0.002
0.0018139999999999996,0.0016
0.001816,0.0016
0.0018179999999999993,0.0024000000000000002
0.0018199999999999996,0.0008
0.0018219999999999998,0.0016
0.0018239999999999992,0.0016
0.0018259999999999995,0.0012000000000000001
0.0018279999999999998,0.0008
0.00183,0.0004
0.0018319999999999994,0.0028
0.0018339999999999997,0.0012000000000000001
0.001836,0.002
0.0018379999999999994,0.0028
0.0018399999999999996,0.0012000000000000001
0.0018419999999999999,0.0036000000000000003
0.0018439999999999993,0.0016
0.0018459999999999996,0.0024000000000000002
0.0018479999999999998,0.0016
0.00185,0.0032
0.0018519999999999995,0.0012000000000000001
0.0018539999999999997,0.0036000000000000003
0.001856,0.0016
0.0018579999999999994,0.002
0.0018599999999999997,0.0024000000000000002
0.001862,0.0028
0.0018639999999999993,0.0012000000000000001
0.0018659999999999996,0.002
0.0018679999999999999,0.0028
0.0018699999999999993,0.0032
0.0018719999999999995,0.0024000000000000002
0.0018739999999999998,0.0
0.001876,0.0028
0.0018779999999999995,0.002
0.0018799999999999997,0.0016
0.001882,0.0012000000000000001
0.0018839999999999994,0.0004
0.0018859999999999997,0.0016
0.001888,0.0032
0.0018899999999999993,0.0012000000000000001
0.0018919999999999996,0.0004
0.0018939999999999999,0.0016
0.0018959999999999992,0.0024000000000000002
0.0018979999999999995,0.0
0.0018999999999999998,0.002
0.001902,0.0024000000000000002
0.0019039999999999994,0.002
0.0019059999999999997,0.0028
0.001908,0.0012000000000000001
0.0019099999999999994,0.0012000000000000001
0.0019119999999999996,0.0028
0.001914,0.0036000000000000003
0.0019159999999999993,0.0028
0.0019179999999999996,0.0016
0.0019199999999999998,0.0024000000000000002
0.0019219999999999992,0.0012000000000000001
0.0019239999999999995,0.004
0.0019259999999999998,0.0012000000000000001
0.001928,0.0012000000000000001
0.0019299999999999994,0.0016
0.0019319999999999997,0.0028
0.001934,0.002
0.0019359999999999994,0.0016
0.0019379999999999996,0.0036000000000000003
0.0019399999999999999,0.0024000000000000002
0.0019419999999999993,0.002
0.0019439999999999995,0.0032
0.0019459999999999998,0.0
0.001948,0.0008
0.0019499999999999995,0.0032
0.0019519999999999997,0.0008
0.001954,0.0016
0.0019559999999999994,0.0032
0.0019579999999999997,0.0032
0.00196,0.0004
0.0019619999999999993,0.0024000000000000002
0.0019639999999999996,0.002
0.001966,0.0036000000000000003
0.0019679999999999993,0.0016
0.0019699999999999995,0.0036000000000000003
0.001972,0.0024000000000000002
0.001974,0.0016
0.0019759999999999995,0.0016
0.0019779999999999997,0.0016
0.00198,0.002
0.0019819999999999994,0.0032
0.0019839999999999997,0.0004
0.001986,0.0012000000000000001
0.0019879999999999993,0.0036000000000000003
0.0019899999999999996,0.0008
0.001992,0.002
0.0019939999999999992,0.0016
0.0019959999999999995,0.0012000000000000001
0.0019979999999999998,0.0016
0.002,0.0024000000000000002
0.0020019999999999994,0.0016
0.0020039999999999997,-0.0044
0.002006,0.0008
0.0020079999999999994,0.0
0.0020099999999999996,0.0012000000000000001
0.002012,0.0024000000000000002
0.0020139999999999993,0.002
0.0020159999999999996,0.0024000000000000002
0.002018,0.0028
0.0020199999999999992,0.002
0.0020219999999999995,0.004
0.0020239999999999998,0.002
0.002026,0.002
0.0020279999999999994,0.002
0.0020299999999999997,0.0032
0.002032,0.0036000000000000003
0.0020339999999999994,0.0028
0.0020359999999999996,0.0
0.002038,0.0012000000000000001
0.0020399999999999993,0.0032
0.0020419999999999995,0.0016
0.002044,0.0012000000000000001
0.002046,0.0016
0.0020479999999999995,0.0008
0.0020499999999999997,0.0016
0.002052,0.0012000000000000001
0.0020539999999999994,0.0008
0.0020559999999999997,0.004
0.002058,0.0
0.0020599999999999993,0.0016
0.0020619999999999996,0.002
0.002064,0.0028
0.0020659999999999993,0.0036000000000000003
0.0020679999999999995,0.0012000000000000001
0.00207,0.0028
0.002072,0.0032
0.0020739999999999995,0.0024000000000000002
0.0020759999999999997,0.0028
0.002078,0.0008
0.0020799999999999994,0.0004
0.0020819999999999996,0.0024000000000000002
0.002084,0.0008
0.0020859999999999993,0.0024000000000000002
0.0020879999999999996,0.0008
0.00209,0.002
0.0020919999999999992,0.0024000000000000002
0.0020939999999999995,0.0004
0.0020959999999999998,0.0024000000000000002
0.002098,0.0012000000000000001
0.0020999999999999994,0.0028
0.0021019999999999997,0.0028
0.002104,0.0008
0.0021059999999999994,0.0012000000000000001
0.0021079999999999996,0.0032
0.00211,0.002
0.0021119999999999993,0.004
0.0021139999999999996,0.0016
0.002116,0.0028
0.0021179999999999992,0.0028
0.0021199999999999995,0.0024000000000000002
0.0021219999999999998,0.0032
0.002124,0.0008
0.0021259999999999994,0.0028
0.0021279999999999997,0.0016
0.00213,0.0016
0.0021319999999999993,0.0028
0.0021339999999999996,0.0012000000000000001
0.002136,0.0016
0.0021379999999999993,0.0024000000000000002
0.0021399999999999995,0.0016
0.002142,0.0036000000000000003
0.002144,0.0
0.0021459999999999995,0.0032
0.0021479999999999997,0.0028
0.00215,0.0024000000000000002
0.0021519999999999994,0.0028
0.0021539999999999997,0.0012000000000000001
0.002156,0.0044
0.0021579999999999993,0.0024000000000000002
0.0021599999999999996,0.002
0.002162,0.0012000000000000001
0.0021639999999999993,0.002
0.0021659999999999995,0.0036000000000000003
0.002168,0.0016
0.00217,0.0
0.0021719999999999995,0.002
0.0021739999999999997,0.0
0.002176,0.0016
0.0021779999999999994,0.0004
0.0021799999999999996,0.0008
0.002182,0.0032
0.0021839999999999993,0.0016
0.0021859999999999996,0.0036000000000000003
0.002188,0.0
0.0021899999999999992,0.0024000000000000002
0.0021919999999999995,0.0024000000000000002
0.0021939999999999998,0.0028
0.002196,0.0024000000000000002
0.0021979999999999994,0.0008
0.0021999999999999997,0.0028
0.002202,0.0044
0.0022039999999999994,0.0028
0.0022059999999999996,0.002
0.002208,0.0016
0.0022099999999999993,0.0028
0.0022119999999999996,0.0036000000000000003
0.002214,0.0
0.0022159999999999992,0.0032
0.0022179999999999995,0.0012000000000000001
0.0022199999999999998,0.0036000000000000003
0.002222,0.0016
0.0022239999999999994,0.0012000000000000001
0.0022259999999999997,0.004
0.002228,0.0024000000000000002
0.0022299999999999993,0.0036000000000000003
0.0022319999999999996,0.0016
0.002234,0.002
0.0022359999999999993,0.0032
0.0022379999999999995,0.0016
0.00224,0.0032
0.002242,0.0004
0.0022439999999999995,0.0008
0.0022459999999999997,0.0016
0.002248,0.0016
0.0022499999999999994,0.0012000000000000001
0.0022519999999999997,0.0004
0.002254,0.0008
0.0022559999999999993,0.0028
0.0022579999999999996,0.0024000000000000002
0.00226,0.0
0.0022619999999999993,0.0016
0.0022639999999999995,0.0028
0.002266,0.002
0.002268,0.0028
0.0022699999999999994,0.002
0.0022719999999999997,0.0008
0.002274,0.0036000000000000003
0.0022759999999999994,0.0028
0.0022779999999999996,0.0028
0.00228,0.0032
0.0022819999999999993,0.0004
0.0022839999999999996,0.0008
0.002286,0.0016
0.0022879999999999992,0.0008
0.0022899999999999995,0.0004
0.0022919999999999998,0.0004
0.002294,0.0016
0.0022959999999999994,0.0004
0.0022979999999999997,0.0016
0.0023,0.0016
0.0023019999999999994,0.0016
0.0023039999999999996,0.0004
0.002306,0.0028
0.0023079999999999993,0.0032
0.0023099999999999996,0.0016
0.002312,0.002
0.0023139999999999992,0.0028
0.0023159999999999995,-0.0028
0.0023179999999999997,0.0
0.00232,0.0012000000000000001
0.0023219999999999994,0.0028
0.0023239999999999997,0.0028
0.002326,0.0024000000000000002
0.0023279999999999993,0.0028
0.0023299999999999996,0.0016
0.002332,0.0004
0.0023339999999999993,0.0016
0.0023359999999999995,0.002
0.002338,0.0012000000000000001
0.002339999999999999,-0.0008
0.0023419999999999995,0.0024000000000000002
0.0023439999999999997,0.0024000000000000002
0.002346,0.0016
0.0023479999999999994,0.0044
0.0023499999999999997,0.0024000000000000002
0.002352,0.0016
0.0023539999999999993,0.0012000000000000001
0.0023559999999999996,0.002
0.002358,0.0036000000000000003
0.0023599999999999993,0.002
0.0023619999999999995,0.0008
0.0023639999999999998,0.0036000000000000003
0.002366,0.0024000000000000002
0.0023679999999999994,0.0016
0.0023699999999999997,0.0004
0.002372,0.0028
0.0023739999999999994,0.0016
0.0023759999999999996,0.0
0.002378,0.0012000000000000001
0.0023799999999999993,0.0024000000000000002
0.0023819999999999996,0.0024000000000000002
0.002384,0.0028
0.0023859999999999992,0.0016
0.0023879999999999995,0.0016
0.0023899999999999998,0.0016
0.002392,0.0044
0.0023939999999999994,0.0028
0.0023959999999999997,0.0012000000000000001
0.002398,0.0028
0.0023999999999999994,0.0028
0.0024019999999999996,0.0016
0.002404,0.0008
0.0024059999999999993,0.002
0.0024079999999999996,0.002
0.00241,0.0016
0.002411999999999999,0.002
0.0024139999999999995,0.0016
0.0024159999999999997,0.0016
0.002418,0.002
0.0024199999999999994,0.002
0.0024219999999999997,0.0024000000000000002
0.002424,0.0004
0.0024259999999999993,0.0012000000000000001
0.0024279999999999996,0.0016
0.00243,-0.0004
0.0024319999999999993,0.002
0.0024339999999999995,0.0028
0.002436,0.0012000000000000001
0.002437999999999999,0.002
0.0024399999999999995,0.0028
0.0024419999999999997,0.0028
0.002444,0.0028
0.0024459999999999994,0.0036000000000000003
0.0024479999999999997,0.0008
0.00245,0.0016
0.0024519999999999993,0.002
0.0024539999999999996,0.0028
0.002456,0.0032
0.0024579999999999992,0.002
0.0024599999999999995,0.0016
0.0024619999999999998,0.0024000000000000002
0.002464,0.0016
0.0024659999999999994,0.002
0.0024679999999999997,0.0024000000000000002
0.00247,0.0012000000000000001
0.0024719999999999994,0.0036000000000000003
0.0024739999999999996,0.0016
0.002476,0.0028
0.0024779999999999993,0.0036000000000000003
0.0024799999999999996,0.0024000000000000002
0.002482,0.0036000000000000003
0.0024839999999999992,0.002
0.0024859999999999995,0.0044
0.0024879999999999998,0.0032
0.00249,0.0036000000000000003
0.0024919999999999994,0.005200000000000001
0.0024939999999999997,0.0028
