t,V1
-4.5e-05,0.0012000000000000001
-4.498e-05,0.0032
-4.496e-05,0.0032
-4.494e-05,0.004
-4.4920000000000004e-05,0.002
-4.49e-05,0.002
-4.4880000000000004e-05,0.0024000000000000002
-4.486e-05,0.002
-4.4840000000000004e-05,0.0012000000000000001
-4.482e-05,0.0024000000000000002
-4.4800000000000005e-05,0.002
-4.478e-05,0.0012000000000000001
-4.4760000000000005e-05,0.0012000000000000001
-4.474e-05,0.0028
-4.4720000000000006e-05,0.002
-4.47e-05,0.0016
-4.4680000000000006e-05,0.0008
-4.466e-05,0.0016
-4.464e-05,0.002
-4.462e-05,0.002
-4.46e-05,0.0008
-4.4580000000000003e-05,0.0012000000000000001
-4.456e-05,0.0036000000000000003
-4.4540000000000004e-05,0.0032
-4.452e-05,0.0024000000000000002
-4.4500000000000004e-05,0.002
-4.448e-05,0.0016
-4.4460000000000005e-05,0.0032
-4.444e-05,0.0024000000000000002
-4.4420000000000005e-05,0.0024000000000000002
-4.44e-05,0.0028
-4.4380000000000005e-05,0.0036000000000000003
-4.436e-05,0.0032
-4.4340000000000006e-05,0.0032
-4.432e-05,0.0044
-4.4300000000000006e-05,0.0048000000000000004
-4.428e-05,0.0032
-4.426e-05,0.0028
-4.424e-05,0.0044
-4.422e-05,0.0044
-4.4200000000000004e-05,0.004
-4.418e-05,0.0032
-4.4160000000000004e-05,0.0032
-4.414e-05,0.0044
-4.4120000000000004e-05,0.0036000000000000003
-4.41e-05,0.0032
-4.4080000000000005e-05,0.0036000000000000003
-4.406e-05,0.004
-4.4040000000000005e-05,0.0036000000000000003
-4.402e-05,0.0032
-4.4000000000000006e-05,0.0024000000000000002
-4.398e-05,0.0032
-4.3960000000000006e-05,0.002
-4.394e-05,0.0016
-4.392e-05,0.0024000000000000002
-4.39e-05,0.0028
-4.388e-05,0.0036000000000000003
-4.3860000000000004e-05,0.004
-4.384e-05,0.0024000000000000002
-4.3820000000000004e-05,0.004
-4.38e-05,0.0044
-4.3780000000000004e-05,0.0024000000000000002
-4.376e-05,0.0032
-4.3740000000000005e-05,0.004
-4.372e-05,0.0048000000000000004
-4.3700000000000005e-05,0.0048000000000000004
-4.368e-05,0.0036000000000000003
-4.3660000000000005e-05,0.0032
-4.364e-05,0.004
-4.3620000000000006e-05,0.002
-4.36e-05,0.0004
-4.358e-05,0.0008
-4.356e-05,0.0012000000000000001
-4.354e-05,0.0024000000000000002
-4.3520000000000003e-05,0.0032
-4.35e-05,0.0032
-4.3480000000000004e-05,0.0028
-4.346e-05,0.0016
-4.3440000000000004e-05,0.0012000000000000001
-4.342e-05,0.0012000000000000001
-4.3400000000000005e-05,0.0024000000000000002
-4.338e-05,0.002
-4.3360000000000005e-05,0.0016
-4.334e-05,0.0028
-4.3320000000000005e-05,0.0044
-4.33e-05,0.004
-4.3280000000000006e-05,0.0048000000000000004
-4.326e-05,0.0028
-4.324e-05,0.0032
-4.322e-05,0.0032
-4.32e-05,0.0012000000000000001
-4.318e-05,0.0016
-4.316e-05,0.0032
-4.3140000000000004e-05,0.0036000000000000003
-4.312e-05,0.0028
-4.3100000000000004e-05,0.0032
-4.308e-05,0.0044
-4.3060000000000004e-05,0.0036000000000000003
-4.304e-05,0.0032
-4.3020000000000005e-05,0.002
-4.3e-05,0.0028
-4.2980000000000005e-05,0.0032
-4.296e-05,0.0024000000000000002
-4.2940000000000006e-05,0.0032
-4.292e-05,0.0032
-4.29e-05,0.005200000000000001
-4.288e-05,0.005200000000000001
-4.2860000000000006e-05,0.0036000000000000003
-4.284e-05,0.0036000000000000003
-4.282e-05,0.0032
-4.2800000000000004e-05,0.0024000000000000002
-4.278e-05,0.0024000000000000002
-4.2760000000000004e-05,0.002
-4.274e-05,0.0016
-4.2720000000000004e-05,0.0024000000000000002
-4.27e-05,0.0016
-4.2680000000000005e-05,0.0028
-4.266e-05,0.0024000000000000002
-4.2640000000000005e-05,0.0028
-4.262e-05,0.0016
-4.2600000000000005e-05,0.0012000000000000001
-4.258e-05,0.0024000000000000002
-4.2560000000000006e-05,0.002
-4.254e-05,0.0012000000000000001
-4.2520000000000006e-05,0.0024000000000000002
-4.25e-05,0.0044
-4.248e-05,0.0048000000000000004
-4.2460000000000003e-05,0.0032
-4.244e-05,0.0028
-4.2420000000000004e-05,0.002
-4.24e-05,0.0024000000000000002
-4.2380000000000004e-05,0.0008
-4.236e-05,0.0004
-4.2340000000000005e-05,0.0016
-4.232e-05,0.0024000000000000002
-4.2300000000000005e-05,0.0032
-4.228e-05,0.0028
-4.2260000000000005e-05,0.0028
-4.224e-05,0.002
-4.2220000000000006e-05,0.0008
-4.22e-05,0.0
-4.2180000000000006e-05,0.0004
-4.216e-05,0.0008
-4.214e-05,0.0012000000000000001
-4.212e-05,0.002
-4.21e-05,0.002
-4.2080000000000004e-05,0.0036000000000000003
-4.206e-05,0.0032
-4.2040000000000004e-05,0.002
-4.202e-05,0.0012000000000000001
-4.2000000000000004e-05,0.0008
-4.198e-05,0.0016
-4.1960000000000005e-05,0.0028
-4.194e-05,0.0024000000000000002
-4.1920000000000005e-05,0.0036000000000000003
-4.19e-05,0.0044
-4.1880000000000006e-05,0.0044
-4.186e-05,0.0048000000000000004
-4.1840000000000006e-05,0.0044
-4.182e-05,0.004
-4.18e-05,0.002
-4.178e-05,0.0024000000000000002
-4.176e-05,0.0036000000000000003
-4.1740000000000004e-05,0.004
-4.172e-05,0.0032
-4.1700000000000004e-05,0.0036000000000000003
-4.168e-05,0.0044
-4.1660000000000004e-05,0.005200000000000001
-4.164e-05,0.0048000000000000004
-4.1620000000000005e-05,0.0032
-4.16e-05,0.0036000000000000003
-4.1580000000000005e-05,0.0036000000000000003
-4.156e-05,0.0024000000000000002
-4.1540000000000005e-05,0.0016
-4.152e-05,0.0024000000000000002
-4.1500000000000006e-05,0.0032
-4.148e-05,0.0028
-4.146e-05,0.0032
-4.144e-05,0.0032
-4.142e-05,0.0036000000000000003
-4.1400000000000003e-05,0.0028
-4.138e-05,0.0016
-4.1360000000000004e-05,0.0016
-4.134e-05,0.0024000000000000002
-4.1320000000000004e-05,0.0024000000000000002
-4.13e-05,0.0028
-4.1280000000000005e-05,0.0032
-4.126e-05,0.004
-4.1240000000000005e-05,0.0048000000000000004
-4.122e-05,0.0028
-4.1200000000000005e-05,0.002
-4.118e-05,0.0016
-4.1160000000000006e-05,0.0032
-4.114e-05,0.0012000000000000001
-4.112e-05,0.0016
-4.11e-05,0.0024000000000000002
-4.1080000000000006e-05,0.0036000000000000003
-4.106e-05,0.0036000000000000003
-4.104e-05,0.002
-4.1020000000000004e-05,0.0024000000000000002
-4.1e-05,0.0016
-4.0980000000000004e-05,0.0012000000000000001
-4.096e-05,0.0012000000000000001
-4.0940000000000004e-05,0.0016
-4.092e-05,0.0032
-4.0900000000000005e-05,0.0024000000000000002
-4.088e-05,0.0024000000000000002
-4.0860000000000005e-05,0.0032
-4.084e-05,0.004
-4.0820000000000006e-05,0.0032
-4.08e-05,0.0012000000000000001
-4.078e-05,0.0008
-4.076e-05,0.0008
-4.0740000000000006e-05,0.0024000000000000002
-4.072e-05,0.0024000000000000002
-4.07e-05,0.0024000000000000002
-4.0680000000000004e-05,0.004
-4.066e-05,0.0032
-4.0640000000000004e-05,0.0032
-4.062e-05,0.0012000000000000001
-4.0600000000000004e-05,0.002
-4.058e-05,0.0024000000000000002
-4.0560000000000005e-05,0.002
-4.054e-05,0.002
-4.0520000000000005e-05,0.0036000000000000003
-4.05e-05,0.0044
-4.0480000000000005e-05,0.0028
-4.046e-05,0.0024000000000000002
-4.044e-05,0.0036000000000000003
-4.042e-05,0.0044
-4.0400000000000006e-05,0.0032
-4.038e-05,0.002
-4.036e-05,0.0012000000000000001
-4.0340000000000003e-05,0.0016
-4.032e-05,0.0024000000000000002
-4.0300000000000004e-05,0.002
-4.028e-05,0.0016
-4.0260000000000004e-05,0.0028
-4.024e-05,0.002
-4.0220000000000005e-05,0.0028
-4.02e-05,0.0032
-4.0180000000000005e-05,0.0028
-4.016e-05,0.0016
-4.0140000000000005e-05,0.0012000000000000001
-4.012e-05,0.0016
-4.01e-05,0.002
-4.008e-05,0.002
-4.0060000000000006e-05,0.0012000000000000001
-4.004e-05,0.002
-4.002e-05,0.0036000000000000003
-4e-05,0.0016
-3.998e-05,0.0012000000000000001
-3.9960000000000004e-05,0.0004
-3.994e-05,0.0004
-3.9920000000000004e-05,0.0008
-3.99e-05,0.0008
-3.9880000000000004e-05,0.0
-3.986e-05,0.0012000000000000001
-3.9840000000000005e-05,0.0016
-3.982e-05,0.0008
-3.9800000000000005e-05,0.0012000000000000001
-3.978e-05,0.002
-3.9760000000000006e-05,0.002
-3.974e-05,0.0008
-3.9720000000000006e-05,0.0012000000000000001
-3.97e-05,0.0016
-3.968e-05,0.0024000000000000002
-3.966e-05,0.002
-3.964e-05,0.0016
-3.9620000000000004e-05,0.002
-3.96e-05,0.004
-3.9580000000000004e-05,0.002
-3.956e-05,0.0008
-3.9540000000000004e-05,0.0004
-3.952e-05,0.0028
-3.9500000000000005e-05,0.0024000000000000002
-3.948e-05,0.0028
-3.9460000000000005e-05,0.0024000000000000002
-3.944e-05,0.0024000000000000002
-3.9420000000000005e-05,0.0024000000000000002
-3.94e-05,0.0012000000000000001
-3.9380000000000006e-05,0.0016
-3.936e-05,0.0024000000000000002
-3.934e-05,0.0016
-3.932e-05,0.002
-3.93e-05,0.0016
-3.9280000000000003e-05,0.0028
-3.926e-05,0.002
-3.9240000000000004e-05,0.0016
-3.922e-05,0.0012000000000000001
-3.9200000000000004e-05,0.0024000000000000002
-3.918e-05,0.0028
-3.9160000000000005e-05,0.0024000000000000002
-3.914e-05,0.0008
-3.9120000000000005e-05,0.0008
-3.91e-05,0.0016
-3.9080000000000005e-05,0.0008
-3.906e-05,0.0008
-3.9040000000000006e-05,0.0008
-3.902e-05,0.0012000000000000001
-3.9e-05,0.0028
-3.898e-05,0.0024000000000000002
-3.8960000000000006e-05,0.0024000000000000002
-3.894e-05,0.0028
-3.892e-05,0.0016
-3.8900000000000004e-05,0.0004
-3.888e-05,0.0004
-3.8860000000000004e-05,0.0004
-3.884e-05,0.0004
-3.8820000000000004e-05,0.0008
-3.88e-05,0.0004
-3.8780000000000005e-05,0.0016
-3.876e-05,0.0016
-3.8740000000000005e-05,0.0004
-3.872e-05,-0.0012000000000000001
-3.8700000000000006e-05,-0.002
-3.868e-05,-0.0016
-3.866e-05,-0.0016
-3.864e-05,-0.0012000000000000001
-3.8620000000000006e-05,0.0
-3.86e-05,0.0012000000000000001
-3.858e-05,0.0012000000000000001
-3.8560000000000004e-05,0.0008
-3.854e-05,0.0004
-3.8520000000000004e-05,0.0
-3.85e-05,0.0
-3.8480000000000004e-05,0.0
-3.846e-05,0.0008
-3.8440000000000005e-05,0.0008
-3.842e-05,0.0016
-3.8400000000000005e-05,0.0008
-3.838e-05,0.0012000000000000001
-3.8360000000000005e-05,0.002
-3.834e-05,0.0016
-3.832e-05,0.0
-3.83e-05,0.0004
-3.8280000000000006e-05,0.0004
-3.826e-05,0.0012000000000000001
-3.824e-05,0.0016
-3.822e-05,0.0016
-3.82e-05,0.0024000000000000002
-3.8180000000000004e-05,0.0024000000000000002
-3.816e-05,0.0016
-3.8140000000000004e-05,0.0016
-3.812e-05,0.0024000000000000002
-3.8100000000000005e-05,0.0016
-3.808e-05,-0.0004
-3.8060000000000005e-05,0.0012000000000000001
-3.804e-05,0.002
-3.8020000000000005e-05,0.002
-3.8e-05,0.0004
-3.798e-05,0.0012000000000000001
-3.796e-05,0.0016
-3.7940000000000006e-05,0.0024000000000000002
-3.792e-05,-0.0004
-3.79e-05,-0.0012000000000000001
-3.788e-05,-0.0004
-3.786e-05,0.0
-3.7840000000000004e-05,0.0004
-3.782e-05,-0.0004
-3.7800000000000004e-05,0.0012000000000000001
-3.778e-05,0.0012000000000000001
-3.7760000000000004e-05,0.0016
-3.774e-05,0.0004
-3.7720000000000005e-05,0.0012000000000000001
-3.77e-05,0.0012000000000000001
-3.7680000000000005e-05,0.0004
-3.766e-05,-0.0004
-3.7640000000000006e-05,-0.0008
-3.762e-05,0.002
-3.7600000000000006e-05,0.0008
-3.758e-05,0.0012000000000000001
-3.756e-05,0.0004
-3.754e-05,0.002
-3.752e-05,0.0008
-3.7500000000000003e-05,-0.0012000000000000001
-3.748e-05,-0.0032
-3.7460000000000004e-05,-0.0016
-3.744e-05,-0.0012000000000000001
-3.7420000000000004e-05,-0.0008
-3.74e-05,-0.0004
-3.7380000000000005e-05,0.0004
-3.736e-05,0.0012000000000000001
-3.7340000000000005e-05,0.0016
-3.732e-05,0.0004
-3.73e-05,0.0004
-3.728e-05,0.0
-3.7260000000000006e-05,0.0
-3.724e-05,0.0
-3.722e-05,0.0
-3.72e-05,0.0024000000000000002
-3.7180000000000007e-05,0.002
-3.716e-05,0.002
-3.714e-05,0.0032
-3.7120000000000004e-05,0.0028
-3.71e-05,0.002
-3.7080000000000004e-05,0.0004
-3.706e-05,0.0008
-3.7040000000000005e-05,0.0016
-3.702e-05,0.0028
-3.7000000000000005e-05,0.0024000000000000002
-3.698e-05,0.002
-3.696e-05,0.0024000000000000002
-3.694e-05,0.002
-3.6920000000000006e-05,0.0016
-3.69e-05,0.0
-3.688e-05,0.0016
-3.686e-05,0.0008
-3.6840000000000006e-05,0.0008
-3.682e-05,0.0012000000000000001
-3.68e-05,0.0024000000000000002
-3.6780000000000004e-05,0.002
-3.676e-05,0.0016
-3.6740000000000004e-05,0.002
-3.672e-05,0.0016
-3.6700000000000004e-05,0.002
-3.668e-05,0.0016
-3.6660000000000005e-05,-0.0004
-3.664e-05,0.0004
-3.6620000000000005e-05,0.0016
-3.66e-05,0.0012000000000000001
-3.6580000000000006e-05,0.0004
-3.656e-05,0.002
-3.654e-05,0.0016
-3.652e-05,0.002
-3.6500000000000006e-05,0.0008
-3.648e-05,0.0008
-3.646e-05,0.0004
-3.6440000000000003e-05,-0.0004
-3.642e-05,0.0
-3.6400000000000004e-05,0.0004
-3.638e-05,0.0016
-3.6360000000000004e-05,0.0016
-3.634e-05,0.0012000000000000001
-3.6320000000000005e-05,0.0008
-3.63e-05,0.0012000000000000001
-3.6280000000000005e-05,0.0008
-3.626e-05,-0.0012000000000000001
-3.6240000000000005e-05,-0.002
-3.622e-05,-0.0008
-3.62e-05,0.0012000000000000001
-3.618e-05,0.0016
-3.6160000000000006e-05,0.0008
-3.614e-05,0.0016
-3.612e-05,0.0028
-3.61e-05,0.0012000000000000001
-3.608e-05,0.0004
-3.6060000000000004e-05,-0.0004
-3.604e-05,0.0004
-3.6020000000000004e-05,0.0004
-3.6e-05,0.0008
-3.5980000000000004e-05,0.002
-3.596e-05,0.0024000000000000002
-3.5940000000000005e-05,0.0012000000000000001
-3.592e-05,0.0004
-3.5900000000000005e-05,0.002
-3.588e-05,0.0024000000000000002
-3.586e-05,0.0008
-3.584e-05,0.0
-3.5820000000000006e-05,-0.0004
-3.58e-05,0.0012000000000000001
-3.578e-05,0.0024000000000000002
-3.576e-05,0.0024000000000000002
-3.574000000000001e-05,0.0028
-3.5720000000000004e-05,0.0036000000000000003
-3.57e-05,0.0032
-3.5680000000000004e-05,0.0024000000000000002
-3.566e-05,0.002
-3.5640000000000004e-05,0.0024000000000000002
-3.562e-05,0.0028
-3.5600000000000005e-05,0.0032
-3.558e-05,0.0024000000000000002
-3.5560000000000005e-05,0.0036000000000000003
-3.554e-05,0.0024000000000000002
-3.552e-05,0.0028
-3.55e-05,0.0016
-3.5480000000000006e-05,0.0028
-3.546e-05,0.0032
-3.544e-05,0.002
-3.542e-05,0.0016
-3.540000000000001e-05,0.0008
-3.5380000000000003e-05,0.002
-3.536e-05,0.002
-3.5340000000000004e-05,0.0016
-3.532e-05,0.0024000000000000002
-3.5300000000000004e-05,0.0028
-3.528e-05,0.002
-3.5260000000000005e-05,0.002
-3.524e-05,0.002
-3.5220000000000005e-05,0.002
-3.52e-05,0.0004
-3.518e-05,0.0004
-3.516e-05,0.0008
-3.5140000000000006e-05,0.002
-3.512e-05,0.0024000000000000002
-3.51e-05,0.0012000000000000001
-3.508e-05,0.0012000000000000001
-3.5060000000000007e-05,0.0012000000000000001
-3.504e-05,0.0012000000000000001
-3.502e-05,0.0
-3.5000000000000004e-05,-0.0008
-3.498e-05,0.0
-3.4960000000000004e-05,0.002
-3.494e-05,0.0008
-3.4920000000000004e-05,0.0012000000000000001
-3.49e-05,0.0016
-3.4880000000000005e-05,0.0016
-3.486e-05,0.002
-3.484e-05,0.0016
-3.482e-05,0.0016
-3.4800000000000006e-05,0.0012000000000000001
-3.478e-05,0.0008
-3.476e-05,0.0012000000000000001
-3.474e-05,0.0024000000000000002
-3.4720000000000006e-05,0.0036000000000000003
-3.47e-05,0.0028
-3.468e-05,0.0012000000000000001
-3.4660000000000004e-05,0.0036000000000000003
-3.464e-05,0.0032
-3.4620000000000004e-05,0.0032
-3.46e-05,0.0004
-3.4580000000000004e-05,0.0012000000000000001
-3.456e-05,0.0028
-3.4540000000000005e-05,0.0016
-3.452e-05,0.0008
-3.4500000000000005e-05,0.0016
-3.448e-05,0.002
-3.4460000000000005e-05,0.0028
-3.444e-05,0.0024000000000000002
-3.442e-05,0.0028
-3.44e-05,0.002
-3.4380000000000006e-05,0.0028
-3.436e-05,0.0016
-3.434e-05,0.002
-3.4320000000000003e-05,0.0024000000000000002
-3.43e-05,0.0028
-3.4280000000000004e-05,0.0032
-3.426e-05,0.0036000000000000003
-3.4240000000000004e-05,0.0044
-3.422e-05,0.0048000000000000004
-3.4200000000000005e-05,0.004
-3.418e-05,0.002
-3.4160000000000005e-05,0.0028
-3.414e-05,0.0036000000000000003
-3.4120000000000005e-05,0.0032
-3.41e-05,0.0028
-3.408e-05,0.0036000000000000003
-3.406e-05,0.004
-3.4040000000000006e-05,0.0036000000000000003
-3.402e-05,0.002
-3.4e-05,0.0008
-3.398e-05,0.0012000000000000001
-3.396e-05,0.0
-3.3940000000000004e-05,0.0
-3.392e-05,0.0016
-3.3900000000000004e-05,0.0012000000000000001
-3.388e-05,0.0024000000000000002
-3.3860000000000004e-05,0.0016
-3.384e-05,0.0024000000000000002
-3.3820000000000005e-05,0.002
-3.38e-05,0.0012000000000000001
-3.3780000000000005e-05,0.0
-3.376e-05,-0.0008
-3.374e-05,0.0016
-3.372e-05,0.0032
-3.3700000000000006e-05,0.0028
-3.368e-05,0.0028
-3.366e-05,0.0044
-3.364e-05,0.004
-3.362000000000001e-05,0.0032
-3.3600000000000004e-05,0.0012000000000000001
-3.358e-05,0.0008
-3.3560000000000004e-05,0.0012000000000000001
-3.354e-05,0.0028
-3.3520000000000004e-05,0.002
-3.35e-05,0.0028
-3.3480000000000005e-05,0.004
-3.346e-05,0.0032
-3.3440000000000005e-05,0.0032
-3.342e-05,0.0036000000000000003
-3.34e-05,0.004
-3.338e-05,0.0028
-3.3360000000000006e-05,0.0016
-3.334e-05,0.0024000000000000002
-3.332e-05,0.0036000000000000003
-3.33e-05,0.004
-3.328000000000001e-05,0.004
-3.3260000000000003e-05,0.0044
-3.324e-05,0.0048000000000000004
-3.3220000000000004e-05,0.004
-3.32e-05,0.0048000000000000004
-3.3180000000000004e-05,0.0036000000000000003
-3.316e-05,0.0032
-3.3140000000000005e-05,0.0028
-3.312e-05,0.002
-3.3100000000000005e-05,0.0016
-3.308e-05,0.0028
-3.306e-05,0.0036000000000000003
-3.304e-05,0.0036000000000000003
-3.3020000000000006e-05,0.0036000000000000003
-3.3e-05,0.0048000000000000004
-3.298e-05,0.0044
-3.296e-05,0.0016
-3.2940000000000006e-05,0.0008
-3.292e-05,0.0016
-3.29e-05,0.004
-3.2880000000000004e-05,0.004
-3.286e-05,0.004
-3.2840000000000004e-05,0.0044
-3.282e-05,0.0056
-3.2800000000000004e-05,0.005200000000000001
-3.278e-05,0.0024000000000000002
-3.2760000000000005e-05,0.0016
-3.274e-05,0.0012000000000000001
-3.272e-05,0.0024000000000000002
-3.27e-05,0.0016
-3.2680000000000006e-05,0.0024000000000000002
-3.266e-05,0.0032
-3.264e-05,0.004
-3.262e-05,0.0028
-3.2600000000000006e-05,0.0028
-3.258e-05,0.0024000000000000002
-3.256e-05,0.002
-3.2540000000000004e-05,0.0012000000000000001
-3.252e-05,0.0012000000000000001
-3.2500000000000004e-05,0.0024000000000000002
-3.248e-05,0.0044
-3.2460000000000004e-05,0.0036000000000000003
-3.244e-05,0.0044
-3.2420000000000005e-05,0.004
-3.24e-05,0.004
-3.2380000000000005e-05,0.0028
-3.236e-05,0.002
-3.2340000000000005e-05,0.0012000000000000001
-3.232e-05,0.002
-3.23e-05,0.004
-3.228e-05,0.0028
-3.2260000000000006e-05,0.0036000000000000003
-3.224e-05,0.0044
-3.222e-05,0.004
-3.2200000000000003e-05,0.0036000000000000003
-3.218e-05,0.0032
-3.2160000000000004e-05,0.0032
-3.214e-05,0.0024000000000000002
-3.2120000000000004e-05,0.0032
-3.21e-05,0.0028
-3.2080000000000005e-05,0.0044
-3.206e-05,0.005200000000000001
-3.2040000000000005e-05,0.0048000000000000004
-3.202e-05,0.0044
-3.2000000000000005e-05,0.004
-3.198e-05,0.0048000000000000004
-3.196e-05,0.0032
-3.194e-05,0.0032
-3.1920000000000006e-05,0.0032
-3.19e-05,0.0036000000000000003
-3.188e-05,0.0032
-3.186e-05,0.0028
-3.184e-05,0.004
-3.1820000000000004e-05,0.0032
-3.18e-05,0.004
-3.1780000000000004e-05,0.0036000000000000003
-3.176e-05,0.0036000000000000003
-3.1740000000000004e-05,0.0036000000000000003
-3.172e-05,0.002
-3.1700000000000005e-05,0.0004
-3.168e-05,0.0024000000000000002
-3.1660000000000005e-05,0.0028
-3.164e-05,0.004
-3.162e-05,0.0032
-3.16e-05,0.0028
-3.1580000000000006e-05,0.0032
-3.156e-05,0.0032
-3.154e-05,0.0012000000000000001
-3.152e-05,0.0008
-3.150000000000001e-05,0.0008
-3.1480000000000004e-05,0.0016
-3.146e-05,0.0024000000000000002
-3.1440000000000004e-05,0.002
-3.142e-05,0.0032
-3.1400000000000004e-05,0.0032
-3.138e-05,0.002
-3.1360000000000005e-05,0.0028
-3.134e-05,0.0032
-3.1320000000000005e-05,0.0024000000000000002
-3.13e-05,0.0016
-3.128e-05,0.002
-3.126e-05,0.004
-3.1240000000000006e-05,0.0044
-3.122e-05,0.0036000000000000003
-3.12e-05,0.0028
-3.118e-05,0.0032
-3.1160000000000007e-05,0.004
-3.1140000000000003e-05,0.0016
-3.112e-05,0.0012000000000000001
-3.1100000000000004e-05,0.0012000000000000001
-3.108e-05,0.0028
-3.1060000000000004e-05,0.0032
-3.104e-05,0.0024000000000000002
-3.1020000000000005e-05,0.0028
-3.1e-05,0.0028
-3.0980000000000005e-05,0.0028
-3.096e-05,0.0024000000000000002
-3.094e-05,0.0032
-3.092e-05,0.0024000000000000002
-3.0900000000000006e-05,0.0028
-3.088e-05,0.0028
-3.086e-05,0.0028
-3.084e-05,0.0044
-3.0820000000000006e-05,0.0044
-3.08e-05,0.0036000000000000003
-3.078e-05,0.0028
-3.0760000000000004e-05,0.0032
-3.074e-05,0.0036000000000000003
-3.0720000000000004e-05,0.0016
-3.07e-05,0.002
-3.0680000000000004e-05,0.0024000000000000002
-3.066e-05,0.0028
-3.0640000000000005e-05,0.0028
-3.062e-05,0.0016
-3.06e-05,0.0024000000000000002
-3.058e-05,0.0024000000000000002
-3.0560000000000006e-05,0.0028
-3.054e-05,0.0032
-3.052e-05,0.0024000000000000002
-3.0500000000000003e-05,0.0024000000000000002
-3.0480000000000003e-05,0.0008
-3.0460000000000003e-05,0.0004
-3.0440000000000003e-05,0.0012000000000000001
-3.0420000000000004e-05,0.0024000000000000002
-3.04e-05,0.0024000000000000002
-3.0380000000000004e-05,0.0016
-3.036e-05,0.0024000000000000002
-3.0340000000000004e-05,0.002
-3.032e-05,0.0012000000000000001
-3.0300000000000005e-05,0.0004
-3.028e-05,-0.0004
-3.0260000000000005e-05,0.0
-3.0240000000000002e-05,0.0004
-3.0220000000000002e-05,0.0008
-3.0200000000000002e-05,0.0008
-3.0180000000000002e-05,0.002
-3.0160000000000003e-05,0.0024000000000000002
-3.0140000000000003e-05,0.0028
-3.0120000000000003e-05,0.0024000000000000002
-3.0100000000000003e-05,0.0028
-3.0080000000000003e-05,0.0016
-3.006e-05,0.0016
-3.0040000000000004e-05,0.002
-3.002e-05,0.0024000000000000002
-3.0000000000000004e-05,0.0032
-2.998e-05,0.0032
-2.9960000000000005e-05,0.0024000000000000002
-2.994e-05,0.0036000000000000003
-2.9920000000000005e-05,0.0028
-2.9900000000000002e-05,0.0028
-2.9880000000000002e-05,0.0016
-2.9860000000000002e-05,0.0008
-2.9840000000000002e-05,0.0016
-2.9820000000000002e-05,0.0024000000000000002
-2.9800000000000003e-05,0.0016
-2.9780000000000003e-05,0.0028
-2.9760000000000003e-05,0.0032
-2.9740000000000003e-05,0.0024000000000000002
-2.9720000000000003e-05,0.0024000000000000002
-2.9700000000000004e-05,0.0024000000000000002
-2.9680000000000004e-05,0.0024000000000000002
-2.9660000000000004e-05,0.0012000000000000001
-2.964e-05,0.0004
-2.962e-05,0.0004
-2.96e-05,0.002
-2.958e-05,0.0028
-2.956e-05,0.0012000000000000001
-2.9540000000000002e-05,0.0024000000000000002
-2.9520000000000002e-05,0.0044
-2.9500000000000002e-05,0.0044
-2.9480000000000002e-05,0.0028
-2.9460000000000003e-05,0.0004
-2.9440000000000003e-05,0.0008
-2.9420000000000003e-05,0.002
-2.9400000000000003e-05,0.002
-2.9380000000000003e-05,0.002
-2.9360000000000003e-05,0.0028
-2.9340000000000004e-05,0.0032
-2.9320000000000004e-05,0.0028
-2.9300000000000004e-05,0.0024000000000000002
-2.928e-05,0.0008
-2.926e-05,0.0004
-2.924e-05,-0.002
-2.922e-05,-0.0024000000000000002
-2.92e-05,-0.0004
-2.9180000000000002e-05,0.0016
-2.9160000000000002e-05,0.0012000000000000001
-2.9140000000000002e-05,0.0008
-2.9120000000000002e-05,0.0004
-2.9100000000000003e-05,0.0012000000000000001
-2.9080000000000003e-05,0.0004
-2.9060000000000003e-05,-0.0012000000000000001
-2.9040000000000003e-05,-0.002
-2.9020000000000003e-05,0.0
-2.9000000000000004e-05,0.0004
-2.8980000000000004e-05,0.0
-2.8960000000000004e-05,0.0004
-2.8940000000000004e-05,0.0016
-2.892e-05,0.0028
-2.89e-05,0.002
-2.888e-05,0.0004
-2.886e-05,0.0004
-2.8840000000000002e-05,0.0
-2.8820000000000002e-05,0.0004
-2.8800000000000002e-05,-0.0004
-2.8780000000000002e-05,0.0016
-2.8760000000000002e-05,0.0024000000000000002
-2.8740000000000003e-05,0.0024000000000000002
-2.8720000000000003e-05,0.0024000000000000002
-2.8700000000000003e-05,0.0012000000000000001
-2.8680000000000003e-05,0.0024000000000000002
-2.8660000000000003e-05,0.002
-2.8640000000000004e-05,0.0
-2.8620000000000004e-05,0.0012000000000000001
-2.8600000000000004e-05,0.0012000000000000001
-2.858e-05,0.0016
-2.856e-05,0.0016
-2.854e-05,0.002
-2.852e-05,0.0028
-2.85e-05,0.0032
-2.8480000000000002e-05,0.0024000000000000002
-2.8460000000000002e-05,0.0028
-2.8440000000000002e-05,0.0024000000000000002
-2.8420000000000002e-05,0.0008
-2.8400000000000003e-05,0.0004
-2.8380000000000003e-05,0.0008
-2.8360000000000003e-05,0.0016
-2.8340000000000003e-05,0.0024000000000000002
-2.8320000000000003e-05,0.0016
-2.8300000000000003e-05,0.0008
-2.8280000000000004e-05,0.0008
-2.8260000000000004e-05,0.0012000000000000001
-2.8240000000000004e-05,0.0
-2.822e-05,-0.0016
-2.82e-05,-0.0004
-2.818e-05,0.0
-2.816e-05,0.0008
-2.814e-05,0.0008
-2.8120000000000002e-05,0.0012000000000000001
-2.8100000000000002e-05,0.0024000000000000002
-2.8080000000000002e-05,0.0016
-2.8060000000000002e-05,0.0016
-2.8040000000000003e-05,0.0008
-2.8020000000000003e-05,-0.0012000000000000001
-2.8000000000000003e-05,-0.0008
-2.7980000000000003e-05,-0.0012000000000000001
-2.7960000000000003e-05,0.0004
-2.7940000000000004e-05,0.0024000000000000002
-2.7920000000000004e-05,0.0024000000000000002
-2.7900000000000004e-05,0.0
-2.7880000000000004e-05,0.0004
-2.786e-05,0.0
-2.784e-05,-0.0008
-2.782e-05,-0.002
-2.78e-05,-0.002
-2.778e-05,-0.0008
-2.7760000000000002e-05,0.0016
-2.7740000000000002e-05,0.0016
-2.7720000000000002e-05,0.0012000000000000001
-2.7700000000000002e-05,0.002
-2.7680000000000003e-05,0.0024000000000000002
-2.7660000000000003e-05,0.0012000000000000001
-2.7640000000000003e-05,0.0
-2.7620000000000003e-05,-0.0004
-2.7600000000000003e-05,0.0004
-2.7580000000000004e-05,0.0
-2.7560000000000004e-05,0.0004
-2.7540000000000004e-05,0.0016
-2.752e-05,0.002
-2.75e-05,0.0016
-2.748e-05,0.0004
-2.746e-05,0.0
-2.744e-05,0.0012000000000000001
-2.7420000000000002e-05,0.0008
-2.7400000000000002e-05,-0.0004
-2.7380000000000002e-05,0.0004
-2.7360000000000002e-05,0.002
-2.7340000000000003e-05,0.0028
-2.7320000000000003e-05,0.0024000000000000002
-2.7300000000000003e-05,0.002
-2.7280000000000003e-05,0.002
-2.7260000000000003e-05,0.002
-2.7240000000000003e-05,0.0028
-2.7220000000000004e-05,0.0024000000000000002
-2.7200000000000004e-05,0.002
-2.7180000000000004e-05,0.0016
-2.716e-05,0.0012000000000000001
-2.714e-05,0.0016
-2.712e-05,0.0028
-2.71e-05,0.0024000000000000002
-2.708e-05,0.002
-2.7060000000000002e-05,0.0016
-2.7040000000000002e-05,0.0016
-2.7020000000000002e-05,0.0012000000000000001
-2.7000000000000002e-05,0.0
-2.6980000000000003e-05,-0.0012000000000000001
-2.6960000000000003e-05,0.0
-2.6940000000000003e-05,0.0016
-2.6920000000000003e-05,0.0012000000000000001
-2.6900000000000003e-05,0.0004
-2.6880000000000004e-05,0.0012000000000000001
-2.6860000000000004e-05,0.0016
-2.6840000000000004e-05,0.0012000000000000001
-2.6820000000000004e-05,0.0004
-2.68e-05,-0.0008
-2.678e-05,0.0004
-2.676e-05,-0.0004
-2.674e-05,0.0
-2.672e-05,0.0008
-2.6700000000000002e-05,0.0024000000000000002
-2.6680000000000002e-05,0.0016
-2.6660000000000002e-05,0.0008
-2.6640000000000002e-05,0.0012000000000000001
-2.6620000000000003e-05,0.0012000000000000001
-2.6600000000000003e-05,0.0012000000000000001
-2.6580000000000003e-05,0.0008
-2.6560000000000003e-05,0.0
-2.6540000000000003e-05,0.0016
-2.6520000000000004e-05,0.0036000000000000003
-2.6500000000000004e-05,0.0032
-2.6480000000000004e-05,0.0032
-2.646e-05,0.0036000000000000003
-2.644e-05,0.0028
-2.642e-05,0.0024000000000000002
-2.64e-05,0.002
-2.638e-05,0.0008
-2.6360000000000002e-05,0.0016
-2.6340000000000002e-05,0.0012000000000000001
-2.6320000000000002e-05,0.0004
-2.6300000000000002e-05,0.0016
-2.6280000000000002e-05,0.0016
-2.6260000000000003e-05,0.0004
-2.6240000000000003e-05,0.0
-2.6220000000000003e-05,0.0004
-2.6200000000000003e-05,0.0008
-2.6180000000000003e-05,0.0012000000000000001
-2.6160000000000004e-05,0.0
-2.6140000000000004e-05,0.0
-2.6120000000000004e-05,0.0012000000000000001
-2.61e-05,0.0016
-2.608e-05,0.0012000000000000001
-2.606e-05,0.0016
-2.604e-05,0.0024000000000000002
-2.602e-05,0.0028
-2.6000000000000002e-05,0.0028
-2.5980000000000002e-05,0.0016
-2.5960000000000002e-05,0.0016
-2.5940000000000002e-05,0.0012000000000000001
-2.5920000000000003e-05,0.0012000000000000001
-2.5900000000000003e-05,0.0008
-2.5880000000000003e-05,0.0012000000000000001
-2.5860000000000003e-05,0.002
-2.5840000000000003e-05,0.002
-2.5820000000000004e-05,0.0012000000000000001
-2.5800000000000004e-05,0.0016
-2.5780000000000004e-05,0.002
-2.5760000000000004e-05,0.0008
-2.574e-05,0.0
-2.572e-05,0.0
-2.57e-05,0.0012000000000000001
-2.568e-05,0.0008
-2.566e-05,0.0012000000000000001
-2.5640000000000002e-05,0.0012000000000000001
-2.5620000000000002e-05,0.0024000000000000002
-2.5600000000000002e-05,0.0028
-2.5580000000000002e-05,0.0008
-2.5560000000000003e-05,0.0004
-2.5540000000000003e-05,0.0
-2.5520000000000003e-05,0.0008
-2.5500000000000003e-05,0.0004
-2.5480000000000003e-05,0.0012000000000000001
-2.5460000000000004e-05,0.0032
-2.5440000000000004e-05,0.0032
-2.5420000000000004e-05,0.002
-2.54e-05,0.0016
-2.538e-05,0.0012000000000000001
-2.536e-05,0.002
-2.534e-05,0.0008
-2.532e-05,0.0016
-2.5300000000000002e-05,0.0012000000000000001
-2.5280000000000002e-05,0.0032
-2.5260000000000002e-05,0.0036000000000000003
-2.5240000000000002e-05,0.0032
-2.5220000000000002e-05,0.0036000000000000003
-2.5200000000000003e-05,0.0032
-2.5180000000000003e-05,0.0028
-2.5160000000000003e-05,0.0012000000000000001
-2.5140000000000003e-05,0.0012000000000000001
-2.5120000000000003e-05,0.0008
-2.5100000000000004e-05,0.0008
-2.5080000000000004e-05,0.0012000000000000001
-2.5060000000000004e-05,0.0024000000000000002
-2.504e-05,0.0032
-2.502e-05,0.0028
-2.5e-05,0.0016
-2.498e-05,0.0012000000000000001
-2.496e-05,0.0016
-2.4940000000000002e-05,0.0008
-2.4920000000000002e-05,0.0
-2.4900000000000002e-05,-0.0004
-2.4880000000000002e-05,0.0008
-2.4860000000000003e-05,0.002
-2.4840000000000003e-05,0.0024000000000000002
-2.4820000000000003e-05,0.002
-2.4800000000000003e-05,0.002
-2.4780000000000003e-05,0.0016
-2.4760000000000003e-05,0.002
-2.4740000000000004e-05,0.0012000000000000001
-2.4720000000000004e-05,0.0004
-2.4700000000000004e-05,0.0004
-2.468e-05,0.0012000000000000001
-2.466e-05,0.0016
-2.464e-05,0.0024000000000000002
-2.462e-05,0.0032
-2.46e-05,0.0028
-2.4580000000000002e-05,0.0024000000000000002
-2.4560000000000002e-05,0.002
-2.4540000000000002e-05,0.002
-2.4520000000000002e-05,0.0008
-2.4500000000000003e-05,0.0004
-2.4480000000000003e-05,0.0008
-2.4460000000000003e-05,0.0024000000000000002
-2.4440000000000003e-05,0.0024000000000000002
-2.4420000000000003e-05,0.0024000000000000002
-2.4400000000000004e-05,0.002
-2.4380000000000004e-05,0.0028
-2.4360000000000004e-05,0.0016
-2.434e-05,0.0004
-2.432e-05,0.0
-2.43e-05,0.0008
-2.428e-05,0.0016
-2.426e-05,0.0016
-2.4240000000000002e-05,0.0024000000000000002
-2.4220000000000002e-05,0.0036000000000000003
-2.4200000000000002e-05,0.0044
-2.4180000000000002e-05,0.0028
-2.4160000000000002e-05,0.0012000000000000001
-2.4140000000000003e-05,0.002
-2.4120000000000003e-05,0.0024000000000000002
-2.4100000000000003e-05,0.002
-2.4080000000000003e-05,0.0024000000000000002
-2.4060000000000003e-05,0.0036000000000000003
-2.4040000000000004e-05,0.004
-2.4020000000000004e-05,0.0044
-2.4000000000000004e-05,0.0028
-2.398e-05,0.0024000000000000002
-2.396e-05,0.0028
-2.394e-05,0.002
-2.392e-05,0.0012000000000000001
-2.39e-05,0.0
-2.3880000000000002e-05,0.002
-2.3860000000000002e-05,0.0016
-2.3840000000000002e-05,0.0032
-2.3820000000000002e-05,0.0032
-2.3800000000000003e-05,0.0032
-2.3780000000000003e-05,0.0032
-2.3760000000000003e-05,0.0012000000000000001
-2.3740000000000003e-05,0.002
-2.3720000000000003e-05,0.0024000000000000002
-2.3700000000000003e-05,0.0016
-2.3680000000000004e-05,0.0016
-2.3660000000000004e-05,0.0008
-2.3640000000000004e-05,0.0032
-2.362e-05,0.0032
-2.36e-05,0.0028
-2.358e-05,0.0028
-2.356e-05,0.0024000000000000002
-2.354e-05,0.0028
-2.3520000000000002e-05,0.0012000000000000001
-2.3500000000000002e-05,0.0
-2.3480000000000002e-05,0.0
-2.3460000000000002e-05,0.0
-2.3440000000000003e-05,0.0016
-2.3420000000000003e-05,0.0028
-2.3400000000000003e-05,0.0032
-2.3380000000000003e-05,0.0044
-2.3360000000000003e-05,0.0036000000000000003
-2.3340000000000004e-05,0.0024000000000000002
-2.3320000000000004e-05,0.002
-2.3300000000000004e-05,0.0016
-2.328e-05,0.0012000000000000001
-2.326e-05,0.0012000000000000001
-2.324e-05,0.0024000000000000002
-2.322e-05,0.0032
-2.32e-05,0.004
-2.318e-05,0.0032
-2.3160000000000002e-05,0.0028
-2.3140000000000002e-05,0.0024000000000000002
-2.3120000000000002e-05,0.0028
-2.3100000000000002e-05,0.0012000000000000001
-2.3080000000000003e-05,0.002
-2.3060000000000003e-05,0.002
-2.3040000000000003e-05,0.0028
-2.3020000000000003e-05,0.0028
-2.3000000000000003e-05,0.0036000000000000003
-2.2980000000000004e-05,0.0044
-2.2960000000000004e-05,0.0032
-2.2940000000000004e-05,0.0024000000000000002
-2.292e-05,0.002
-2.29e-05,0.0032
-2.288e-05,0.0036000000000000003
-2.286e-05,0.0024000000000000002
-2.284e-05,0.0028
-2.2820000000000002e-05,0.004
-2.2800000000000002e-05,0.0044
-2.2780000000000002e-05,0.0028
-2.2760000000000002e-05,0.0024000000000000002
-2.2740000000000003e-05,0.0016
-2.2720000000000003e-05,0.0016
-2.2700000000000003e-05,0.0016
-2.2680000000000003e-05,0.0012000000000000001
-2.2660000000000003e-05,0.002
-2.2640000000000003e-05,0.0028
-2.2620000000000004e-05,0.0028
-2.2600000000000004e-05,0.0028
-2.2580000000000004e-05,0.0032
-2.256e-05,0.0028
-2.254e-05,0.002
-2.252e-05,0.0016
-2.25e-05,0.0024000000000000002
-2.248e-05,0.0028
-2.2460000000000002e-05,0.0032
-2.2440000000000002e-05,0.0016
-2.2420000000000002e-05,0.0012000000000000001
-2.2400000000000002e-05,0.004
-2.2380000000000003e-05,0.0032
-2.2360000000000003e-05,0.0024000000000000002
-2.2340000000000003e-05,0.0016
-2.2320000000000003e-05,0.0032
-2.2300000000000003e-05,0.0028
-2.2280000000000004e-05,0.0024000000000000002
-2.2260000000000004e-05,0.0
-2.2240000000000004e-05,0.0012000000000000001
-2.222e-05,0.0024000000000000002
-2.22e-05,0.0024000000000000002
-2.218e-05,0.0024000000000000002
-2.216e-05,0.0028
-2.214e-05,0.0036000000000000003
-2.212e-05,0.0032
-2.2100000000000002e-05,0.0032
-2.2080000000000002e-05,0.0028
-2.2060000000000002e-05,0.0028
-2.2040000000000002e-05,0.0024000000000000002
-2.2020000000000003e-05,0.0024000000000000002
-2.2000000000000003e-05,0.0024000000000000002
-2.1980000000000003e-05,0.0036000000000000003
-2.1960000000000003e-05,0.0036000000000000003
-2.1940000000000003e-05,0.0036000000000000003
-2.1920000000000004e-05,0.0032
-2.1900000000000004e-05,0.0028
-2.1880000000000004e-05,0.0032
-2.186e-05,0.0036000000000000003
-2.184e-05,0.0028
-2.182e-05,0.0024000000000000002
-2.18e-05,0.0032
-2.178e-05,0.0032
-2.1760000000000002e-05,0.004
-2.1740000000000002e-05,0.0048000000000000004
-2.1720000000000002e-05,0.004
-2.1700000000000002e-05,0.0032
-2.1680000000000002e-05,0.0028
-2.1660000000000003e-05,0.0048000000000000004
-2.1640000000000003e-05,0.0036000000000000003
-2.1620000000000003e-05,0.0028
-2.1600000000000003e-05,0.0032
-2.1580000000000003e-05,0.0032
-2.1560000000000004e-05,0.0036000000000000003
-2.1540000000000004e-05,0.0024000000000000002
-2.1520000000000004e-05,0.0016
-2.15e-05,0.0008
-2.148e-05,0.002
-2.146e-05,0.002
-2.144e-05,0.0016
-2.142e-05,0.0016
-2.1400000000000002e-05,0.002
-2.1380000000000002e-05,0.0028
-2.1360000000000002e-05,0.0032
-2.1340000000000002e-05,0.0032
-2.1320000000000003e-05,0.004
-2.1300000000000003e-05,0.004
-2.1280000000000003e-05,0.0032
-2.1260000000000003e-05,0.0044
-2.1240000000000003e-05,0.004
-2.1220000000000004e-05,0.004
-2.1200000000000004e-05,0.0036000000000000003
-2.1180000000000004e-05,0.0028
-2.116e-05,0.0044
-2.114e-05,0.0044
-2.112e-05,0.0036000000000000003
-2.11e-05,0.0028
-2.108e-05,0.0032
-2.106e-05,0.0036000000000000003
-2.1040000000000002e-05,0.002
-2.1020000000000002e-05,0.0012000000000000001
-2.1000000000000002e-05,0.0016
-2.0980000000000002e-05,0.0024000000000000002
-2.0960000000000003e-05,0.0024000000000000002
-2.0940000000000003e-05,0.0032
-2.0920000000000003e-05,0.0044
-2.0900000000000003e-05,0.004
-2.0880000000000003e-05,0.0036000000000000003
-2.0860000000000004e-05,0.0032
-2.0840000000000004e-05,0.0028
-2.0820000000000004e-05,0.002
-2.08e-05,0.0008
-2.078e-05,0.0012000000000000001
-2.076e-05,0.002
-2.074e-05,0.004
-2.072e-05,0.0044
-2.0700000000000002e-05,0.004
-2.0680000000000002e-05,0.0032
-2.0660000000000002e-05,0.0032
-2.0640000000000002e-05,0.0032
-2.0620000000000002e-05,0.0008
-2.0600000000000003e-05,0.0
-2.0580000000000003e-05,0.0008
-2.0560000000000003e-05,0.002
-2.0540000000000003e-05,0.0028
-2.0520000000000003e-05,0.0032
-2.0500000000000004e-05,0.004
-2.0480000000000004e-05,0.0032
-2.0460000000000004e-05,0.002
-2.044e-05,0.0016
-2.042e-05,0.002
-2.04e-05,0.002
-2.038e-05,0.0024000000000000002
-2.036e-05,0.0016
-2.0340000000000002e-05,0.0032
-2.0320000000000002e-05,0.0036000000000000003
-2.0300000000000002e-05,0.0028
-2.0280000000000002e-05,0.0016
-2.0260000000000003e-05,0.0016
-2.0240000000000003e-05,0.002
-2.0220000000000003e-05,0.002
-2.0200000000000003e-05,0.0004
-2.0180000000000003e-05,0.0004
-2.0160000000000003e-05,0.0016
-2.0140000000000004e-05,0.0024000000000000002
-2.0120000000000004e-05,0.0024000000000000002
-2.01e-05,0.002
-2.008e-05,0.002
-2.006e-05,0.0028
-2.004e-05,0.0024000000000000002
-2.002e-05,0.0024000000000000002
-2e-05,0.0024000000000000002
-1.9980000000000002e-05,0.0024000000000000002
-1.9960000000000002e-05,0.0016
-1.9940000000000002e-05,0.002
-1.9920000000000002e-05,0.0036000000000000003
-1.9900000000000003e-05,0.0056
-1.9880000000000003e-05,0.004
-1.9860000000000003e-05,0.002
-1.9840000000000003e-05,0.0024000000000000002
-1.9820000000000003e-05,0.0016
-1.9800000000000004e-05,0.0012000000000000001
-1.9780000000000004e-05,0.0012000000000000001
-1.9760000000000004e-05,0.0016
-1.974e-05,0.0028
-1.972e-05,0.0028
-1.97e-05,0.0032
-1.968e-05,0.004
-1.966e-05,0.0024000000000000002
-1.9640000000000002e-05,0.0012000000000000001
-1.9620000000000002e-05,0.0004
-1.9600000000000002e-05,0.0008
-1.9580000000000002e-05,0.0008
-1.9560000000000002e-05,0.0008
-1.9540000000000003e-05,0.0012000000000000001
-1.9520000000000003e-05,0.002
-1.9500000000000003e-05,0.0048000000000000004
-1.9480000000000003e-05,0.004
-1.9460000000000003e-05,0.0024000000000000002
-1.9440000000000004e-05,0.0016
-1.9420000000000004e-05,0.0012000000000000001
-1.9400000000000004e-05,0.002
-1.938e-05,0.0012000000000000001
-1.936e-05,0.0008
-1.934e-05,0.0016
-1.932e-05,0.0036000000000000003
-1.93e-05,0.0032
-1.9280000000000002e-05,0.0036000000000000003
-1.9260000000000002e-05,0.0028
-1.9240000000000002e-05,0.002
-1.9220000000000002e-05,0.0004
-1.9200000000000003e-05,0.0004
-1.9180000000000003e-05,0.0
-1.9160000000000003e-05,0.0012000000000000001
-1.9140000000000003e-05,0.0008
-1.9120000000000003e-05,0.0008
-1.9100000000000003e-05,0.0024000000000000002
-1.9080000000000004e-05,0.0028
-1.9060000000000004e-05,0.0012000000000000001
-1.904e-05,0.0012000000000000001
-1.902e-05,0.0008
-1.9e-05,0.0016
-1.898e-05,0.0012000000000000001
-1.896e-05,0.0008
-1.894e-05,0.0012000000000000001
-1.8920000000000002e-05,0.0024000000000000002
-1.8900000000000002e-05,0.0032
-1.8880000000000002e-05,0.0032
-1.8860000000000002e-05,0.0036000000000000003
-1.8840000000000003e-05,0.0024000000000000002
-1.8820000000000003e-05,0.0024000000000000002
-1.8800000000000003e-05,0.0016
-1.8780000000000003e-05,0.0016
-1.8760000000000003e-05,0.0024000000000000002
-1.8740000000000004e-05,0.0032
-1.8720000000000004e-05,0.0028
-1.8700000000000004e-05,0.0024000000000000002
-1.868e-05,0.0028
-1.866e-05,0.0028
-1.864e-05,0.0016
-1.862e-05,0.002
-1.86e-05,0.0008
-1.858e-05,0.0012000000000000001
-1.8560000000000002e-05,0.0012000000000000001
-1.8540000000000002e-05,0.0008
-1.8520000000000002e-05,0.0016
-1.8500000000000002e-05,0.0028
-1.8480000000000003e-05,0.0028
-1.8460000000000003e-05,0.0028
-1.8440000000000003e-05,0.0032
-1.8420000000000003e-05,0.002
-1.8400000000000003e-05,0.0008
-1.8380000000000004e-05,0.0
-1.8360000000000004e-05,0.0
-1.834e-05,0.0008
-1.832e-05,0.0012000000000000001
-1.83e-05,0.002
-1.828e-05,0.0032
-1.826e-05,0.0032
-1.824e-05,0.0024000000000000002
-1.8220000000000002e-05,0.0
-1.8200000000000002e-05,0.0
-1.8180000000000002e-05,0.0012000000000000001
-1.8160000000000002e-05,0.0004
-1.8140000000000003e-05,0.0012000000000000001
-1.8120000000000003e-05,0.0008
-1.8100000000000003e-05,0.0012000000000000001
-1.8080000000000003e-05,0.0024000000000000002
-1.8060000000000003e-05,0.0024000000000000002
-1.8040000000000003e-05,0.002
-1.8020000000000004e-05,0.002
-1.8000000000000004e-05,0.0016
-1.798e-05,0.0
-1.796e-05,0.0008
-1.794e-05,0.0016
-1.792e-05,0.0024000000000000002
-1.79e-05,0.0012000000000000001
-1.788e-05,0.0008
-1.7860000000000002e-05,0.0016
-1.7840000000000002e-05,0.002
-1.7820000000000002e-05,0.0024000000000000002
-1.7800000000000002e-05,0.0008
-1.7780000000000003e-05,0.0016
-1.7760000000000003e-05,0.0028
-1.7740000000000003e-05,0.0024000000000000002
-1.7720000000000003e-05,0.0016
-1.7700000000000003e-05,0.0024000000000000002
-1.7680000000000004e-05,0.002
-1.7660000000000004e-05,0.0024000000000000002
-1.7640000000000004e-05,0.0016
-1.762e-05,0.0024000000000000002
-1.76e-05,0.0024000000000000002
-1.758e-05,0.002
-1.756e-05,0.0012000000000000001
-1.754e-05,0.002
-1.752e-05,0.0024000000000000002
-1.7500000000000002e-05,0.002
-1.7480000000000002e-05,0.0012000000000000001
-1.7460000000000002e-05,0.0008
-1.7440000000000002e-05,0.0012000000000000001
-1.7420000000000003e-05,0.0024000000000000002
-1.7400000000000003e-05,0.0012000000000000001
-1.7380000000000003e-05,0.0012000000000000001
-1.7360000000000003e-05,0.0012000000000000001
-1.7340000000000003e-05,0.0028
-1.7320000000000004e-05,0.0008
-1.7300000000000004e-05,0.0008
-1.728e-05,0.0016
-1.726e-05,0.0016
-1.724e-05,0.0008
-1.722e-05,0.0016
-1.72e-05,0.0008
-1.718e-05,0.0008
-1.7160000000000002e-05,-0.0004
-1.7140000000000002e-05,-0.0012000000000000001
-1.7120000000000002e-05,-0.0008
-1.7100000000000002e-05,0.0004
-1.7080000000000002e-05,0.0008
-1.7060000000000003e-05,0.0008
-1.7040000000000003e-05,0.002
-1.7020000000000003e-05,0.0024000000000000002
-1.7000000000000003e-05,0.0024000000000000002
-1.6980000000000003e-05,0.0004
-1.6960000000000004e-05,-0.0008
-1.6940000000000004e-05,0.0012000000000000001
-1.692e-05,0.0008
-1.69e-05,0.0008
-1.688e-05,0.0012000000000000001
-1.686e-05,0.0008
-1.684e-05,0.0032
-1.682e-05,0.0024000000000000002
-1.6800000000000002e-05,0.002
-1.6780000000000002e-05,0.0016
-1.6760000000000002e-05,0.0012000000000000001
-1.6740000000000002e-05,0.0004
-1.6720000000000003e-05,-0.0004
-1.6700000000000003e-05,0.0
-1.6680000000000003e-05,0.0008
-1.6660000000000003e-05,0.0
-1.6640000000000003e-05,0.0
-1.6620000000000004e-05,0.0004
-1.6600000000000004e-05,0.0016
-1.6580000000000004e-05,0.0012000000000000001
-1.656e-05,0.0016
-1.654e-05,0.0012000000000000001
-1.652e-05,0.0028
-1.65e-05,0.0016
-1.648e-05,0.0008
-1.646e-05,0.0016
-1.6440000000000002e-05,0.0016
-1.6420000000000002e-05,0.0028
-1.6400000000000002e-05,0.0024000000000000002
-1.6380000000000002e-05,0.0028
-1.6360000000000003e-05,0.0032
-1.6340000000000003e-05,0.0028
-1.6320000000000003e-05,0.0008
-1.6300000000000003e-05,0.0
-1.6280000000000003e-05,0.0004
-1.6260000000000004e-05,0.0
-1.6240000000000004e-05,-0.0012000000000000001
-1.622e-05,0.0
-1.62e-05,0.0024000000000000002
-1.618e-05,0.0016
-1.616e-05,0.0
-1.614e-05,0.0
-1.612e-05,0.0004
-1.6100000000000002e-05,0.0
-1.6080000000000002e-05,-0.0008
-1.6060000000000002e-05,0.0
-1.6040000000000002e-05,0.0
-1.6020000000000002e-05,0.0012000000000000001
-1.6000000000000003e-05,0.0016
-1.5980000000000003e-05,0.0016
-1.5960000000000003e-05,0.0012000000000000001
-1.5940000000000003e-05,0.0008
-1.5920000000000003e-05,0.0
-1.5900000000000004e-05,-0.0012000000000000001
-1.5880000000000004e-05,-0.0008
-1.586e-05,0.0
-1.584e-05,0.0004
-1.582e-05,0.0
-1.58e-05,0.0016
-1.578e-05,0.0024000000000000002
-1.576e-05,0.002
-1.5740000000000002e-05,0.0004
-1.5720000000000002e-05,-0.0004
-1.5700000000000002e-05,0.0004
-1.5680000000000002e-05,0.0016
-1.5660000000000003e-05,0.0004
-1.5640000000000003e-05,0.0008
-1.5620000000000003e-05,0.0032
-1.5600000000000003e-05,0.004
-1.5580000000000003e-05,0.0036000000000000003
-1.5560000000000003e-05,0.0024000000000000002
-1.5540000000000004e-05,0.0008
-1.5520000000000004e-05,0.0012000000000000001
-1.55e-05,0.0004
-1.548e-05,0.0004
-1.546e-05,0.0012000000000000001
-1.544e-05,0.0016
-1.542e-05,0.0028
-1.54e-05,0.002
-1.5380000000000002e-05,0.0028
-1.5360000000000002e-05,0.0032
-1.5340000000000002e-05,0.0024000000000000002
-1.5320000000000002e-05,0.0012000000000000001
-1.5300000000000003e-05,0.0008
-1.5280000000000003e-05,0.002
-1.5260000000000003e-05,0.0016
-1.5240000000000003e-05,0.0016
-1.5220000000000003e-05,0.002
-1.5200000000000004e-05,0.0028
-1.5180000000000004e-05,0.004
-1.516e-05,0.0028
-1.514e-05,0.002
-1.5120000000000001e-05,0.002
-1.5100000000000001e-05,0.0008
-1.5080000000000001e-05,0.0008
-1.5060000000000001e-05,0.0008
-1.5040000000000002e-05,0.0012000000000000001
-1.5020000000000002e-05,0.0008
-1.5000000000000002e-05,0.0012000000000000001
-1.4980000000000002e-05,0.0012000000000000001
-1.4960000000000002e-05,0.0028
-1.4940000000000003e-05,0.0028
-1.4920000000000003e-05,0.0008
-1.4900000000000003e-05,0.0004
-1.4880000000000003e-05,0.0008
-1.4860000000000003e-05,0.0016
-1.4840000000000004e-05,0.0008
-1.4820000000000004e-05,0.0004
-1.48e-05,0.0012000000000000001
-1.478e-05,0.0024000000000000002
-1.4760000000000001e-05,0.0024000000000000002
-1.4740000000000001e-05,0.0008
-1.4720000000000001e-05,0.0004
-1.4700000000000002e-05,-0.0008
-1.4680000000000002e-05,-0.0008
-1.4660000000000002e-05,-0.0008
-1.4640000000000002e-05,0.0004
-1.4620000000000002e-05,0.0008
-1.4600000000000003e-05,0.0012000000000000001
-1.4580000000000003e-05,0.0024000000000000002
-1.4560000000000003e-05,0.0028
-1.4540000000000003e-05,0.0032
-1.4520000000000003e-05,0.0016
-1.4500000000000003e-05,-0.0008
-1.4480000000000004e-05,0.0004
-1.446e-05,0.0024000000000000002
-1.4440000000000004e-05,0.0028
-1.4420000000000001e-05,0.0028
-1.4400000000000004e-05,0.0036000000000000003
-1.4380000000000001e-05,0.004
-1.4360000000000005e-05,0.005200000000000001
-1.4340000000000002e-05,0.0032
-1.4320000000000005e-05,0.0024000000000000002
-1.4300000000000002e-05,0.002
-1.4279999999999999e-05,0.0004
-1.4260000000000002e-05,-0.0004
-1.424e-05,0.0004
-1.4220000000000003e-05,0.0024000000000000002
-1.42e-05,0.0024000000000000002
-1.4180000000000003e-05,0.002
-1.416e-05,0.0016
-1.4140000000000004e-05,0.002
-1.412e-05,0.002
-1.4100000000000004e-05,0.0016
-1.408e-05,0.0004
-1.4060000000000004e-05,0.0016
-1.4040000000000001e-05,0.002
-1.4020000000000005e-05,0.0012000000000000001
-1.4000000000000001e-05,0.0004
-1.3980000000000005e-05,0.0016
-1.3960000000000002e-05,0.0028
-1.3940000000000005e-05,0.0028
-1.3920000000000002e-05,0.002
-1.3899999999999999e-05,0.0004
-1.3880000000000003e-05,0.0008
-1.386e-05,0.0004
-1.3840000000000003e-05,-0.0008
-1.382e-05,0.0
-1.3800000000000003e-05,0.0
-1.378e-05,0.002
-1.3760000000000004e-05,0.0008
-1.374e-05,0.0016
-1.3720000000000004e-05,0.0016
-1.3700000000000001e-05,0.002
-1.3680000000000005e-05,0.0012000000000000001
-1.3660000000000001e-05,0.0008
-1.3640000000000005e-05,0.0016
-1.3620000000000002e-05,0.0012000000000000001
-1.3600000000000005e-05,0.0012000000000000001
-1.3580000000000002e-05,0.0024000000000000002
-1.3559999999999999e-05,0.0024000000000000002
-1.3540000000000003e-05,0.0032
-1.352e-05,0.0032
-1.3500000000000003e-05,0.002
-1.348e-05,0.0016
-1.3460000000000003e-05,0.0012000000000000001
-1.344e-05,0.0012000000000000001
-1.3420000000000004e-05,0.0008
-1.34e-05,0.002
-1.3380000000000004e-05,0.0028
-1.336e-05,0.0032
-1.3340000000000004e-05,0.002
-1.3320000000000001e-05,0.002
-1.3300000000000005e-05,0.002
-1.3280000000000002e-05,0.0016
-1.3260000000000005e-05,0.0008
-1.3240000000000002e-05,0.0004
-1.3219999999999999e-05,0.0024000000000000002
-1.3200000000000002e-05,0.0036000000000000003
-1.318e-05,0.0032
-1.3160000000000003e-05,0.0028
-1.314e-05,0.0024000000000000002
-1.3120000000000003e-05,0.0024000000000000002
-1.31e-05,0.0016
-1.3080000000000004e-05,0.0024000000000000002
-1.306e-05,0.0016
-1.3040000000000004e-05,0.0016
-1.302e-05,0.0004
-1.3000000000000004e-05,0.002
-1.2980000000000001e-05,0.0032
-1.2960000000000005e-05,0.0028
-1.2940000000000001e-05,0.002
-1.2920000000000005e-05,0.0016
-1.2900000000000002e-05,0.0028
-1.2880000000000005e-05,0.0032
-1.2860000000000002e-05,0.002
-1.2839999999999999e-05,0.0008
-1.2820000000000003e-05,0.0008
-1.28e-05,0.0016
-1.2780000000000003e-05,0.002
-1.276e-05,0.0008
-1.2740000000000003e-05,0.0016
-1.272e-05,0.0012000000000000001
-1.2700000000000004e-05,0.0032
-1.268e-05,0.002
-1.2660000000000004e-05,0.002
-1.2640000000000001e-05,0.0008
-1.2620000000000005e-05,0.0012000000000000001
-1.2600000000000001e-05,0.0
-1.2580000000000005e-05,0.0004
-1.2560000000000002e-05,0.0016
-1.2540000000000005e-05,0.0016
-1.2520000000000002e-05,0.0008
-1.2499999999999999e-05,0.002
-1.2480000000000002e-05,0.0032
-1.246e-05,0.0028
-1.2440000000000003e-05,0.002
-1.242e-05,0.0012000000000000001
-1.2400000000000003e-05,0.0012000000000000001
-1.238e-05,0.0024000000000000002
-1.2360000000000004e-05,0.002
-1.234e-05,0.0024000000000000002
-1.2320000000000004e-05,0.0028
-1.23e-05,0.0048000000000000004
-1.2280000000000004e-05,0.0032
-1.2260000000000001e-05,0.0032
-1.2240000000000005e-05,0.0028
-1.2220000000000002e-05,0.0032
-1.2200000000000005e-05,0.0032
-1.2180000000000002e-05,0.0028
-1.2159999999999999e-05,0.0032
-1.2140000000000002e-05,0.004
-1.212e-05,0.0036000000000000003
-1.2100000000000003e-05,0.0036000000000000003
-1.208e-05,0.0044
-1.2060000000000003e-05,0.0048000000000000004
-1.204e-05,0.0032
-1.2020000000000004e-05,0.002
-1.2e-05,0.0028
-1.1980000000000004e-05,0.0016
-1.196e-05,0.0032
-1.1940000000000004e-05,0.0024000000000000002
-1.1920000000000001e-05,0.002
-1.1900000000000005e-05,0.0024000000000000002
-1.1880000000000001e-05,0.0032
-1.1860000000000005e-05,0.0028
-1.1840000000000002e-05,0.0028
-1.1820000000000005e-05,0.0016
-1.1800000000000002e-05,0.0016
-1.1779999999999999e-05,0.0016
-1.1760000000000003e-05,0.0024000000000000002
-1.174e-05,0.0024000000000000002
-1.1720000000000003e-05,0.0028
-1.17e-05,0.0036000000000000003
-1.1680000000000003e-05,0.0036000000000000003
-1.166e-05,0.0044
-1.1640000000000004e-05,0.004
-1.162e-05,0.0032
-1.1600000000000004e-05,0.0024000000000000002
-1.1580000000000001e-05,0.0024000000000000002
-1.1560000000000005e-05,0.0028
-1.1540000000000001e-05,0.0024000000000000002
-1.1520000000000005e-05,0.0024000000000000002
-1.1500000000000002e-05,0.0024000000000000002
-1.1480000000000005e-05,0.0044
-1.1460000000000002e-05,0.0044
-1.1439999999999999e-05,0.0028
-1.1420000000000002e-05,0.002
-1.14e-05,0.002
-1.1380000000000003e-05,0.0004
-1.136e-05,0.0
-1.1340000000000003e-05,0.0008
-1.132e-05,0.0024000000000000002
-1.1300000000000004e-05,0.0036000000000000003
-1.128e-05,0.0036000000000000003
-1.1260000000000004e-05,0.0044
-1.124e-05,0.0048000000000000004
-1.1220000000000004e-05,0.0048000000000000004
-1.1200000000000001e-05,0.0032
-1.1180000000000005e-05,0.0012000000000000001
-1.1160000000000002e-05,0.002
-1.1140000000000005e-05,0.0024000000000000002
-1.1120000000000002e-05,0.0028
-1.1099999999999999e-05,0.0036000000000000003
-1.1080000000000002e-05,0.0048000000000000004
-1.1059999999999999e-05,0.0056
-1.1040000000000003e-05,0.0056
-1.102e-05,0.0044
-1.1000000000000003e-05,0.0036000000000000003
-1.098e-05,0.0024000000000000002
-1.0960000000000003e-05,0.0028
-1.094e-05,0.0028
-1.0920000000000004e-05,0.0032
-1.09e-05,0.0048000000000000004
-1.0880000000000004e-05,0.0044
-1.0860000000000001e-05,0.0044
-1.0840000000000005e-05,0.0044
-1.0820000000000001e-05,0.0048000000000000004
-1.0800000000000005e-05,0.004
-1.0780000000000002e-05,0.0012000000000000001
-1.0760000000000005e-05,0.002
-1.0740000000000002e-05,0.0028
-1.0719999999999999e-05,0.0028
-1.0700000000000003e-05,0.0028
-1.068e-05,0.0032
-1.0660000000000003e-05,0.004
-1.064e-05,0.004
-1.0620000000000003e-05,0.0024000000000000002
-1.06e-05,0.0012000000000000001
-1.0580000000000004e-05,0.0012000000000000001
-1.056e-05,0.0016
-1.0540000000000004e-05,0.0016
-1.0520000000000001e-05,0.0024000000000000002
-1.0500000000000005e-05,0.0032
-1.0480000000000001e-05,0.0036000000000000003
-1.0460000000000005e-05,0.0036000000000000003
-1.0440000000000002e-05,0.0028
-1.0420000000000005e-05,0.0028
-1.0400000000000002e-05,0.0032
-1.0379999999999999e-05,0.0016
-1.0360000000000002e-05,0.0016
-1.034e-05,0.0024000000000000002
-1.0320000000000003e-05,0.0036000000000000003
-1.03e-05,0.0032
-1.0280000000000003e-05,0.0028
-1.026e-05,0.0032
-1.0240000000000004e-05,0.0028
-1.022e-05,0.004
-1.0200000000000004e-05,0.002
-1.018e-05,0.0016
-1.0160000000000004e-05,0.002
-1.0140000000000001e-05,0.0016
-1.0120000000000005e-05,0.0012000000000000001
-1.0100000000000002e-05,0.0028
-1.0080000000000005e-05,0.0036000000000000003
-1.0060000000000002e-05,0.0044
-1.0039999999999999e-05,0.0032
-1.0020000000000002e-05,0.0032
-9.999999999999999e-06,0.0032
-9.980000000000003e-06,0.002
-9.96e-06,0.0012000000000000001
-9.940000000000003e-06,-0.0004
-9.92e-06,0.0012000000000000001
-9.900000000000003e-06,0.0028
-9.88e-06,0.0032
-9.860000000000004e-06,0.0036000000000000003
-9.84e-06,0.004
-9.820000000000004e-06,0.0044
-9.800000000000001e-06,0.0032
-9.780000000000005e-06,0.0036000000000000003
-9.760000000000001e-06,0.0024000000000000002
-9.740000000000005e-06,0.002
-9.720000000000002e-06,0.0032
-9.700000000000005e-06,0.0032
-9.680000000000002e-06,0.0044
-9.659999999999999e-06,0.0048000000000000004
-9.640000000000003e-06,0.004
-9.62e-06,0.004
-9.600000000000003e-06,0.0044
-9.58e-06,0.0036000000000000003
-9.560000000000003e-06,0.004
-9.54e-06,0.0012000000000000001
-9.520000000000004e-06,0.002
-9.5e-06,0.0036000000000000003
-9.480000000000004e-06,0.0044
-9.460000000000001e-06,0.0028
-9.440000000000004e-06,0.0016
-9.420000000000001e-06,0.0024000000000000002
-9.400000000000005e-06,0.0024000000000000002
-9.380000000000002e-06,0.0016
-9.360000000000005e-06,0.0008
-9.340000000000002e-06,0.0012000000000000001
-9.319999999999999e-06,0.0028
-9.300000000000002e-06,0.0028
-9.28e-06,0.0028
-9.260000000000003e-06,0.0036000000000000003
-9.24e-06,0.0044
-9.220000000000003e-06,0.0028
-9.2e-06,0.0024000000000000002
-9.180000000000004e-06,0.0032
-9.16e-06,0.0032
-9.140000000000004e-06,0.0024000000000000002
-9.12e-06,0.0012000000000000001
-9.100000000000004e-06,0.0032
-9.080000000000001e-06,0.0032
-9.060000000000005e-06,0.0032
-9.040000000000002e-06,0.0028
-9.020000000000005e-06,0.0032
-9.000000000000002e-06,0.0024000000000000002
-8.979999999999999e-06,0.0032
-8.960000000000002e-06,0.0016
-8.939999999999999e-06,0.0012000000000000001
-8.920000000000003e-06,0.002
-8.9e-06,0.0024000000000000002
-8.880000000000003e-06,0.0028
-8.86e-06,0.0028
-8.840000000000003e-06,0.0044
-8.82e-06,0.0056
-8.800000000000004e-06,0.0036000000000000003
-8.78e-06,0.004
-8.760000000000004e-06,0.004
-8.740000000000001e-06,0.0048000000000000004
-8.720000000000005e-06,0.0036000000000000003
-8.700000000000001e-06,0.0028
-8.680000000000005e-06,0.0028
-8.660000000000002e-06,0.0032
-8.640000000000005e-06,0.0028
-8.620000000000002e-06,0.0032
-8.599999999999999e-06,0.0036000000000000003
-8.580000000000003e-06,0.0036000000000000003
-8.56e-06,0.0024000000000000002
-8.540000000000003e-06,0.0016
-8.52e-06,0.0004
-8.500000000000003e-06,0.0012000000000000001
-8.48e-06,0.0012000000000000001
-8.460000000000004e-06,0.002
-8.44e-06,0.0024000000000000002
-8.420000000000004e-06,0.0028
-8.400000000000001e-06,0.0028
-8.380000000000004e-06,0.002
-8.360000000000001e-06,0.0028
-8.340000000000005e-06,0.0028
-8.320000000000002e-06,0.002
-8.300000000000005e-06,0.0008
-8.280000000000002e-06,0.0016
-8.259999999999999e-06,0.0028
-8.240000000000002e-06,0.0028
-8.22e-06,0.002
-8.200000000000003e-06,0.002
-8.18e-06,0.002
-8.160000000000003e-06,0.0024000000000000002
-8.14e-06,0.0016
-8.120000000000004e-06,0.0012000000000000001
-8.1e-06,0.0016
-8.080000000000004e-06,0.002
-8.06e-06,0.002
-8.040000000000004e-06,0.0016
-8.020000000000001e-06,0.0028
-8.000000000000005e-06,0.0028
-7.980000000000002e-06,0.002
-7.960000000000005e-06,0.0016
-7.940000000000002e-06,0.0032
-7.919999999999999e-06,0.0032
-7.900000000000002e-06,0.0016
-7.879999999999999e-06,0.002
-7.860000000000003e-06,0.002
-7.84e-06,0.0032
-7.820000000000003e-06,0.0024000000000000002
-7.8e-06,0.0024000000000000002
-7.780000000000003e-06,0.002
-7.76e-06,0.0032
-7.740000000000004e-06,0.0032
-7.72e-06,0.002
-7.700000000000004e-06,0.002
-7.680000000000001e-06,0.0016
-7.660000000000005e-06,0.0016
-7.640000000000001e-06,0.0024000000000000002
-7.620000000000005e-06,0.0024000000000000002
-7.600000000000002e-06,0.004
-7.580000000000005e-06,0.0044
-7.560000000000002e-06,0.0032
-7.539999999999999e-06,0.0032
-7.5200000000000025e-06,0.0036000000000000003
-7.499999999999999e-06,0.0032
-7.480000000000003e-06,0.0008
-7.46e-06,0.0004
-7.440000000000003e-06,0.002
-7.42e-06,0.0032
-7.400000000000004e-06,0.0032
-7.3800000000000005e-06,0.0028
-7.360000000000004e-06,0.0028
-7.340000000000001e-06,0.0032
-7.3200000000000045e-06,0.0032
-7.300000000000001e-06,0.0016
-7.280000000000005e-06,0.0008
-7.260000000000002e-06,0.0008
-7.240000000000005e-06,0.002
-7.220000000000002e-06,0.0016
-7.199999999999999e-06,0.0012000000000000001
-7.180000000000002e-06,0.0024000000000000002
-7.159999999999999e-06,0.0024000000000000002
-7.140000000000003e-06,0.0008
-7.12e-06,0.0012000000000000001
-7.100000000000003e-06,0.0016
-7.08e-06,0.0012000000000000001
-7.0600000000000036e-06,0.0
-7.04e-06,-0.0004
-7.020000000000004e-06,-0.0004
-7.000000000000001e-06,0.002
-6.980000000000004e-06,0.0012000000000000001
-6.960000000000001e-06,0.0012000000000000001
-6.940000000000005e-06,0.002
-6.9200000000000015e-06,0.0028
-6.900000000000005e-06,0.002
-6.880000000000002e-06,0.0016
-6.859999999999999e-06,0.0012000000000000001
-6.840000000000002e-06,0.0016
-6.819999999999999e-06,0.0008
-6.800000000000003e-06,0.0024000000000000002
-6.7799999999999995e-06,0.0024000000000000002
-6.760000000000003e-06,0.0032
-6.74e-06,0.0036000000000000003
-6.720000000000003e-06,0.0028
-6.7e-06,0.0028
-6.680000000000004e-06,0.0028
-6.660000000000001e-06,0.0024000000000000002
-6.640000000000004e-06,0.0008
-6.620000000000001e-06,0.0012000000000000001
-6.6000000000000046e-06,0.002
-6.580000000000001e-06,0.002
-6.560000000000005e-06,0.0016
-6.540000000000002e-06,0.0016
-6.520000000000005e-06,0.0024000000000000002
-6.500000000000002e-06,0.0016
-6.479999999999999e-06,0.0012000000000000001
-6.4600000000000025e-06,0.0
-6.439999999999999e-06,0.0008
-6.420000000000003e-06,0.0004
-6.4e-06,0.0012000000000000001
-6.380000000000003e-06,0.0032
-6.36e-06,0.0032
-6.340000000000004e-06,0.0032
-6.3200000000000005e-06,0.0024000000000000002
-6.300000000000004e-06,0.0028
-6.280000000000001e-06,0.0024000000000000002
-6.2600000000000044e-06,0.0012000000000000001
-6.240000000000001e-06,0.0008
-6.220000000000005e-06,0.0008
-6.200000000000002e-06,0.0024000000000000002
-6.180000000000005e-06,0.004
-6.160000000000002e-06,0.0028
-6.139999999999999e-06,0.0028
-6.120000000000002e-06,0.0016
-6.099999999999999e-06,0.0016
-6.080000000000003e-06,0.0008
-6.06e-06,0.0
-6.040000000000003e-06,-0.0016
-6.02e-06,0.0008
-6.0000000000000035e-06,0.0012000000000000001
-5.98e-06,0.002
-5.960000000000004e-06,0.0024000000000000002
-5.940000000000001e-06,0.002
-5.920000000000004e-06,0.0016
-5.900000000000001e-06,0.0
-5.880000000000005e-06,-0.0012000000000000001
-5.8600000000000015e-06,-0.0004
-5.840000000000005e-06,-0.0004
-5.820000000000002e-06,-0.0012000000000000001
-5.799999999999999e-06,0.0
-5.780000000000002e-06,0.0016
-5.759999999999999e-06,0.0024000000000000002
-5.740000000000003e-06,0.0016
-5.7199999999999994e-06,0.0008
-5.700000000000003e-06,0.0012000000000000001
-5.68e-06,0.0008
-5.660000000000003e-06,0.0012000000000000001
-5.64e-06,-0.0004
-5.620000000000004e-06,0.0012000000000000001
-5.600000000000001e-06,0.0016
-5.580000000000004e-06,0.0028
-5.560000000000001e-06,0.0024000000000000002
-5.5400000000000046e-06,0.0012000000000000001
-5.520000000000001e-06,0.002
-5.500000000000005e-06,0.0012000000000000001
-5.480000000000002e-06,0.0008
-5.460000000000005e-06,0.0012000000000000001
-5.440000000000002e-06,0.0016
-5.419999999999999e-06,0.0
-5.4000000000000025e-06,-0.0004
-5.379999999999999e-06,0.0004
-5.360000000000003e-06,0.0016
-5.34e-06,0.0012000000000000001
-5.320000000000003e-06,0.0008
-5.3e-06,0.0
-5.280000000000004e-06,0.0008
-5.2600000000000005e-06,0.0008
-5.240000000000004e-06,0.0004
-5.220000000000001e-06,-0.0012000000000000001
-5.200000000000004e-06,0.0004
-5.180000000000001e-06,0.0012000000000000001
-5.160000000000005e-06,0.0012000000000000001
-5.140000000000002e-06,0.0012000000000000001
-5.120000000000005e-06,0.0004
-5.100000000000002e-06,0.0008
-5.079999999999999e-06,0.0
-5.060000000000002e-06,-0.0012000000000000001
-5.039999999999999e-06,-0.0004
-5.020000000000003e-06,0.0
-4.9999999999999996e-06,0.0004
-4.980000000000003e-06,0.0
-4.96e-06,0.0012000000000000001
-4.9400000000000035e-06,0.0024000000000000002
-4.92e-06,0.0024000000000000002
-4.900000000000004e-06,0.0012000000000000001
-4.880000000000001e-06,0.0004
-4.860000000000004e-06,0.0004
-4.840000000000001e-06,0.0004
-4.820000000000005e-06,-0.0008
-4.8000000000000015e-06,0.0004
-4.780000000000005e-06,0.0016
-4.760000000000002e-06,0.0024000000000000002
-4.739999999999999e-06,0.002
-4.720000000000002e-06,0.0016
-4.699999999999999e-06,0.002
-4.680000000000003e-06,0.0016
-4.6599999999999994e-06,-0.0004
-4.640000000000003e-06,0.0
-4.62e-06,0.0
-4.600000000000003e-06,-0.0004
-4.58e-06,0.0
-4.560000000000004e-06,0.0016
-4.540000000000001e-06,0.0024000000000000002
-4.520000000000004e-06,0.0032
-4.500000000000001e-06,0.0024000000000000002
-4.4800000000000045e-06,0.002
-4.460000000000001e-06,0.0024000000000000002
-4.440000000000005e-06,0.0016
-4.420000000000002e-06,0.002
-4.400000000000005e-06,0.0016
-4.380000000000002e-06,0.0024000000000000002
-4.359999999999999e-06,0.0028
-4.3400000000000025e-06,0.0036000000000000003
-4.319999999999999e-06,0.0028
-4.300000000000003e-06,0.002
-4.28e-06,0.0032
-4.260000000000003e-06,0.0016
-4.24e-06,0.0016
-4.220000000000004e-06,0.0016
-4.2000000000000004e-06,0.0016
-4.180000000000004e-06,0.0008
-4.160000000000001e-06,0.0016
-4.140000000000004e-06,0.0008
-4.120000000000001e-06,0.0024000000000000002
-4.100000000000005e-06,0.0012000000000000001
-4.080000000000002e-06,0.0008
-4.060000000000005e-06,0.0012000000000000001
-4.040000000000002e-06,0.0016
-4.019999999999999e-06,0.002
-4.000000000000002e-06,0.0012000000000000001
-3.979999999999999e-06,0.0004
-3.960000000000003e-06,0.0016
-3.9399999999999995e-06,0.0024000000000000002
-3.920000000000003e-06,0.0028
-3.9e-06,0.0016
-3.8800000000000035e-06,0.0008
-3.86e-06,0.0012000000000000001
-3.840000000000004e-06,0.0008
-3.820000000000001e-06,-0.0004
-3.8000000000000043e-06,-0.0008
-3.780000000000001e-06,0.0
-3.7600000000000047e-06,-0.0004
-3.7400000000000015e-06,0.0008
-3.720000000000005e-06,0.0008
-3.700000000000002e-06,0.0016
-3.6799999999999986e-06,0.0012000000000000001
-3.6600000000000022e-06,0.0008
-3.639999999999999e-06,0.0008
-3.6200000000000026e-06,0.0012000000000000001
-3.5999999999999994e-06,0.0012000000000000001
-3.580000000000003e-06,0.0004
-3.56e-06,0.0008
-3.5400000000000034e-06,0.0024000000000000002
-3.52e-06,0.0024000000000000002
-3.5000000000000038e-06,0.002
-3.4800000000000006e-06,0.0012000000000000001
-3.460000000000004e-06,0.002
-3.440000000000001e-06,0.0016
-3.4200000000000045e-06,0.0004
-3.4000000000000013e-06,0.0008
-3.380000000000005e-06,0.0012000000000000001
-3.3600000000000017e-06,0.0008
-3.3400000000000053e-06,0.0008
-3.320000000000002e-06,0.0
-3.299999999999999e-06,0.0012000000000000001
-3.2800000000000025e-06,0.002
-3.2599999999999993e-06,0.002
-3.240000000000003e-06,0.0016
-3.2199999999999997e-06,0.0004
-3.2000000000000032e-06,0.0024000000000000002
-3.18e-06,0.002
-3.1600000000000036e-06,0.0012000000000000001
-3.1400000000000004e-06,0.0016
-3.120000000000004e-06,0.0024000000000000002
-3.100000000000001e-06,0.0036000000000000003
-3.0800000000000044e-06,0.002
-3.060000000000001e-06,0.0012000000000000001
-3.0400000000000048e-06,0.0024000000000000002
-3.0200000000000016e-06,0.002
-3.000000000000005e-06,0.0012000000000000001
-2.980000000000002e-06,0.0012000000000000001
-2.9599999999999988e-06,0.0008
-2.9400000000000023e-06,0.0008
-2.919999999999999e-06,0.0004
-2.9000000000000027e-06,0.0008
-2.8799999999999995e-06,0.002
-2.860000000000003e-06,0.0016
-2.84e-06,0.0016
-2.8200000000000035e-06,0.0016
-2.8000000000000003e-06,0.0032
-2.780000000000004e-06,0.0028
-2.7600000000000007e-06,0.002
-2.7400000000000043e-06,0.0008
-2.720000000000001e-06,0.002
-2.7000000000000046e-06,0.0032
-2.6800000000000014e-06,0.0028
-2.660000000000005e-06,0.0016
-2.640000000000002e-06,0.0024000000000000002
-2.6199999999999986e-06,0.0024000000000000002
-2.600000000000002e-06,0.0028
-2.579999999999999e-06,0.0008
-2.5600000000000026e-06,0.0004
-2.5399999999999994e-06,0.0012000000000000001
-2.520000000000003e-06,0.0008
-2.4999999999999998e-06,0.0012000000000000001
-2.4800000000000034e-06,0.0016
-2.46e-06,0.0024000000000000002
-2.4400000000000037e-06,0.0024000000000000002
-2.4200000000000005e-06,0.0012000000000000001
-2.400000000000004e-06,0.0012000000000000001
-2.380000000000001e-06,0.0012000000000000001
-2.3600000000000045e-06,0.0008
-2.3400000000000013e-06,0.0008
-2.320000000000005e-06,0.0004
-2.3000000000000017e-06,0.0028
-2.2800000000000053e-06,0.0032
-2.260000000000002e-06,0.0024000000000000002
-2.239999999999999e-06,0.002
-2.2200000000000025e-06,0.0012000000000000001
-2.1999999999999993e-06,0.0016
-2.180000000000003e-06,0.0012000000000000001
-2.1599999999999996e-06,0.0004
-2.1400000000000032e-06,0.0012000000000000001
-2.12e-06,0.002
-2.1000000000000036e-06,0.002
-2.0800000000000004e-06,0.0024000000000000002
-2.060000000000004e-06,0.004
-2.040000000000001e-06,0.0044
-2.0200000000000044e-06,0.0036000000000000003
-2.000000000000001e-06,0.0024000000000000002
-1.9800000000000048e-06,0.0024000000000000002
-1.9600000000000016e-06,0.0028
-1.940000000000005e-06,0.0012000000000000001
-1.920000000000002e-06,0.0004
-1.8999999999999987e-06,0.0016
-1.8800000000000023e-06,0.0024000000000000002
-1.8599999999999991e-06,0.0032
-1.8400000000000027e-06,0.0024000000000000002
-1.8199999999999995e-06,0.0024000000000000002
-1.800000000000003e-06,0.0028
-1.78e-06,0.0024000000000000002
-1.7600000000000035e-06,0.0008
-1.7400000000000003e-06,0.0
-1.7200000000000039e-06,-0.0008
-1.7000000000000007e-06,0.0
-1.6800000000000042e-06,-0.0004
-1.660000000000001e-06,0.0012000000000000001
-1.6400000000000046e-06,0.0024000000000000002
-1.6200000000000014e-06,0.0028
-1.600000000000005e-06,0.0024000000000000002
-1.5800000000000018e-06,0.0008
-1.5599999999999986e-06,0.002
-1.5400000000000022e-06,0.0016
-1.519999999999999e-06,0.0004
-1.5000000000000026e-06,0.0012000000000000001
-1.4799999999999994e-06,0.002
-1.460000000000003e-06,0.0048000000000000004
-1.4399999999999998e-06,0.004
-1.4200000000000033e-06,0.0036000000000000003
-1.4000000000000001e-06,0.0024000000000000002
-1.3800000000000037e-06,0.0028
-1.3600000000000005e-06,0.002
-1.3400000000000041e-06,0.0016
-1.320000000000001e-06,0.0012000000000000001
-1.3000000000000045e-06,0.0032
-1.2800000000000013e-06,0.0028
-1.2600000000000049e-06,0.0032
-1.2400000000000017e-06,0.0036000000000000003
-1.2200000000000053e-06,0.004
-1.200000000000002e-06,0.0032
-1.1799999999999989e-06,0.0016
-1.1600000000000024e-06,0.0008
-1.1399999999999992e-06,0.0028
-1.1200000000000028e-06,0.0016
-1.0999999999999996e-06,0.0016
-1.0800000000000032e-06,0.002
-1.06e-06,0.0032
-1.0400000000000036e-06,0.0044
-1.0200000000000004e-06,0.0024000000000000002
-1.000000000000004e-06,0.0016
-9.800000000000008e-07,0.0012000000000000001
-9.600000000000044e-07,0.0008
-9.400000000000012e-07,0.0008
-9.200000000000047e-07,0.0008
-9.000000000000015e-07,0.0036000000000000003
-8.800000000000051e-07,0.0032
-8.600000000000019e-07,0.0032
-8.399999999999987e-07,0.0044
-8.200000000000023e-07,0.004
-7.999999999999991e-07,0.0036000000000000003
-7.800000000000027e-07,0.0028
-7.599999999999995e-07,0.0016
-7.400000000000031e-07,0.0016
-7.199999999999999e-07,0.0036000000000000003
-7.000000000000035e-07,0.004
-6.800000000000003e-07,0.0028
-6.600000000000038e-07,0.0028
-6.400000000000006e-07,0.004
-6.200000000000042e-07,0.0044
-6.00000000000001e-07,0.0032
-5.800000000000046e-07,0.0012000000000000001
-5.600000000000014e-07,0.002
-5.40000000000005e-07,0.0024000000000000002
-5.200000000000018e-07,0.0016
-4.999999999999986e-07,0.0016
-4.800000000000022e-07,0.002
-4.59999999999999e-07,0.0016
-4.4000000000000256e-07,0.0024000000000000002
-4.1999999999999937e-07,0.002
-4.0000000000000295e-07,0.0032
-3.7999999999999975e-07,0.004
-3.6000000000000333e-07,0.0024000000000000002
-3.4000000000000013e-07,0.0008
-3.200000000000037e-07,0.0016
-3.000000000000005e-07,0.0024000000000000002
-2.800000000000041e-07,0.002
-2.600000000000009e-07,0.0032
-2.400000000000045e-07,0.0032
-2.2000000000000128e-07,0.0044
-2.0000000000000486e-07,0.0044
-1.8000000000000166e-07,0.0036000000000000003
-1.6000000000000524e-07,0.0036000000000000003
-1.4000000000000205e-07,0.0036000000000000003
-1.1999999999999885e-07,0.0032
-1.0000000000000243e-07,0.0028
-7.999999999999923e-08,0.0032
-6.000000000000281e-08,0.0044
-3.999999999999962e-08,0.0048000000000000004
-2.0000000000003197e-08,0.0048000000000000004
0.0,0.0048000000000000004
1.999999999999642e-08,0.0044
3.999999999999962e-08,0.004
5.999999999999604e-08,0.0024000000000000002
7.999999999999923e-08,0.002
9.999999999999565e-08,0.0028
1.1999999999999885e-07,0.0044
1.3999999999999527e-07,0.004
1.5999999999999847e-07,0.0032
1.799999999999949e-07,0.0044
1.9999999999999809e-07,0.004
2.2000000000000128e-07,0.004
2.399999999999977e-07,0.0016
2.600000000000009e-07,0.0024000000000000002
2.799999999999973e-07,0.0028
3.000000000000005e-07,0.0036000000000000003
3.1999999999999694e-07,0.004
3.4000000000000013e-07,0.004
3.5999999999999655e-07,0.0044
3.7999999999999975e-07,0.0048000000000000004
3.9999999999999617e-07,0.0044
4.1999999999999937e-07,0.0036000000000000003
4.399999999999958e-07,0.0028
4.59999999999999e-07,0.0012000000000000001
4.799999999999954e-07,0.0008
4.999999999999986e-07,0.002
5.19999999999995e-07,0.0024000000000000002
5.399999999999982e-07,0.0032
5.600000000000014e-07,0.002
5.799999999999978e-07,0.0024000000000000002
6.00000000000001e-07,0.0032
6.199999999999975e-07,0.002
6.400000000000006e-07,0.0008
6.599999999999971e-07,0.0012000000000000001
6.800000000000003e-07,0.002
6.999999999999967e-07,0.002
7.199999999999999e-07,0.0016
7.399999999999963e-07,0.0016
7.599999999999995e-07,0.0028
7.799999999999959e-07,0.0032
7.999999999999991e-07,0.0028
8.199999999999955e-07,0.0028
8.399999999999987e-07,0.0032
8.599999999999952e-07,0.0028
8.799999999999984e-07,0.0028
8.999999999999948e-07,0.0024000000000000002
9.19999999999998e-07,0.0036000000000000003
9.400000000000012e-07,0.0032
9.599999999999976e-07,0.0012000000000000001
9.800000000000008e-07,0.0028
9.999999999999972e-07,0.0028
1.0200000000000004e-06,0.0036000000000000003
1.0399999999999968e-06,0.0032
1.06e-06,0.0016
1.0799999999999964e-06,0.002
1.0999999999999996e-06,0.0028
1.119999999999996e-06,0.0028
1.1399999999999992e-06,0.0024000000000000002
1.1599999999999957e-06,0.0036000000000000003
1.1799999999999989e-06,0.004
1.1999999999999953e-06,0.0044
1.2199999999999985e-06,0.0044
1.239999999999995e-06,0.0044
1.259999999999998e-06,0.0044
1.2800000000000013e-06,0.0036000000000000003
1.2999999999999977e-06,0.0028
1.320000000000001e-06,0.0028
1.3399999999999973e-06,0.0036000000000000003
1.3600000000000005e-06,0.0048000000000000004
1.379999999999997e-06,0.0036000000000000003
1.4000000000000001e-06,0.0028
1.4199999999999966e-06,0.0024000000000000002
1.4399999999999998e-06,0.0032
1.4599999999999962e-06,0.002
1.4799999999999994e-06,0.0008
1.4999999999999958e-06,0.0008
1.519999999999999e-06,0.0024000000000000002
1.5399999999999954e-06,0.004
1.5599999999999986e-06,0.0028
1.579999999999995e-06,0.0024000000000000002
1.5999999999999982e-06,0.0036000000000000003
1.6200000000000014e-06,0.0024000000000000002
1.6399999999999979e-06,0.0024000000000000002
1.660000000000001e-06,0.0028
1.6799999999999975e-06,0.0032
1.7000000000000007e-06,0.002
1.719999999999997e-06,0.002
1.7400000000000003e-06,0.0028
1.7599999999999967e-06,0.0028
1.78e-06,0.0028
1.7999999999999963e-06,0.0008
1.8199999999999995e-06,0.0004
1.839999999999996e-06,0.0024000000000000002
1.8599999999999991e-06,0.0028
1.8799999999999956e-06,0.0016
1.8999999999999987e-06,0.0004
1.919999999999995e-06,0.0012000000000000001
1.9399999999999984e-06,0.0016
1.9599999999999948e-06,0.0012000000000000001
1.979999999999998e-06,0.0016
2.000000000000001e-06,0.002
2.0199999999999976e-06,0.0028
2.040000000000001e-06,0.002
2.0599999999999972e-06,0.0024000000000000002
2.0800000000000004e-06,0.0024000000000000002
2.099999999999997e-06,0.0036000000000000003
2.12e-06,0.0016
2.1399999999999965e-06,0.0024000000000000002
2.1599999999999996e-06,0.0024000000000000002
2.179999999999996e-06,0.0032
2.1999999999999993e-06,0.0024000000000000002
2.2199999999999957e-06,0.0012000000000000001
2.239999999999999e-06,0.0024000000000000002
2.2599999999999953e-06,0.0032
2.2799999999999985e-06,0.0028
2.299999999999995e-06,0.0024000000000000002
2.319999999999998e-06,0.0016
2.3400000000000013e-06,0.002
2.3599999999999977e-06,0.0028
2.380000000000001e-06,0.0024000000000000002
2.3999999999999974e-06,0.0028
2.4200000000000005e-06,0.002
2.439999999999997e-06,0.0032
2.46e-06,0.0024000000000000002
2.4799999999999966e-06,0.0032
2.4999999999999998e-06,0.0032
2.519999999999996e-06,0.002
2.5399999999999994e-06,0.0016
2.559999999999996e-06,0.0008
2.579999999999999e-06,0.002
2.5999999999999954e-06,0.0024000000000000002
2.6199999999999986e-06,0.002
2.639999999999995e-06,0.0012000000000000001
2.6599999999999982e-06,0.0032
2.6800000000000014e-06,0.0032
2.699999999999998e-06,0.0016
2.720000000000001e-06,0.0012000000000000001
2.7399999999999975e-06,0.002
2.7600000000000007e-06,0.0032
2.779999999999997e-06,0.0032
2.8000000000000003e-06,0.0028
2.8199999999999967e-06,0.0024000000000000002
2.84e-06,0.004
2.8599999999999963e-06,0.0024000000000000002
2.8799999999999995e-06,0.002
2.899999999999996e-06,0.002
2.919999999999999e-06,0.0012000000000000001
2.9399999999999956e-06,0.0004
2.9599999999999988e-06,-0.0004
2.979999999999995e-06,0.0004
2.9999999999999984e-06,0.002
3.019999999999995e-06,0.0016
3.039999999999998e-06,0.0008
3.060000000000001e-06,0.0012000000000000001
3.0799999999999976e-06,0.0012000000000000001
3.100000000000001e-06,0.0016
3.1199999999999972e-06,0.0008
3.1400000000000004e-06,-0.0004
3.159999999999997e-06,0.0004
3.18e-06,0.0012000000000000001
3.1999999999999965e-06,0.0008
3.2199999999999997e-06,0.0012000000000000001
3.239999999999996e-06,0.0028
3.2599999999999993e-06,0.0028
3.2799999999999957e-06,0.0036000000000000003
3.299999999999999e-06,0.0032
3.3199999999999953e-06,0.0028
3.3399999999999985e-06,0.0028
3.359999999999995e-06,0.0016
3.379999999999998e-06,0.0004
3.4000000000000013e-06,0.0004
3.4199999999999977e-06,0.0024000000000000002
3.440000000000001e-06,0.0024000000000000002
3.4599999999999974e-06,0.0024000000000000002
3.4800000000000006e-06,0.0028
3.499999999999997e-06,0.0028
3.52e-06,0.0028
3.5399999999999966e-06,0.0004
3.56e-06,0.0004
3.5799999999999962e-06,0.0004
3.5999999999999994e-06,0.002
3.619999999999996e-06,0.0024000000000000002
3.639999999999999e-06,0.0024000000000000002
3.6599999999999955e-06,0.0024000000000000002
3.6799999999999986e-06,0.0024000000000000002
3.699999999999995e-06,0.0024000000000000002
3.7199999999999983e-06,0.002
3.7400000000000015e-06,0.0016
3.759999999999998e-06,0.0016
3.780000000000001e-06,0.0
3.7999999999999975e-06,0.0016
3.820000000000001e-06,0.002
3.839999999999997e-06,0.0024000000000000002
3.86e-06,0.0024000000000000002
3.879999999999997e-06,0.0016
3.9e-06,0.002
3.919999999999996e-06,0.0016
3.9399999999999995e-06,0.0
3.959999999999996e-06,-0.0004
3.979999999999999e-06,0.0008
3.999999999999996e-06,0.002
4.019999999999999e-06,0.002
4.039999999999995e-06,0.0024000000000000002
4.059999999999998e-06,0.002
4.079999999999995e-06,0.0032
4.099999999999998e-06,0.002
4.120000000000001e-06,0.0012000000000000001
4.139999999999998e-06,0.0012000000000000001
4.160000000000001e-06,0.0012000000000000001
4.179999999999997e-06,0.0012000000000000001
4.2000000000000004e-06,0.0012000000000000001
4.219999999999997e-06,0.0024000000000000002
4.24e-06,0.0028
4.2599999999999965e-06,0.0028
4.28e-06,0.0012000000000000001
4.299999999999996e-06,0.0012000000000000001
4.319999999999999e-06,0.0012000000000000001
4.339999999999996e-06,0.0008
4.359999999999999e-06,-0.0004
4.379999999999995e-06,-0.0008
4.3999999999999985e-06,0.0004
4.419999999999995e-06,0.0016
4.439999999999998e-06,0.0012000000000000001
4.460000000000001e-06,0.0016
4.479999999999998e-06,0.002
4.500000000000001e-06,0.002
4.519999999999997e-06,0.0012000000000000001
4.540000000000001e-06,0.0016
4.559999999999997e-06,0.0016
4.58e-06,0.0012000000000000001
4.599999999999997e-06,0.0008
4.62e-06,0.0008
4.639999999999996e-06,0.002
4.6599999999999994e-06,0.0028
4.679999999999996e-06,0.0028
4.699999999999999e-06,0.0024000000000000002
4.7199999999999955e-06,0.0024000000000000002
4.739999999999999e-06,0.0028
4.759999999999995e-06,0.0028
4.779999999999998e-06,0.0004
4.8000000000000015e-06,0.0
4.819999999999998e-06,0.002
4.840000000000001e-06,0.0028
4.8599999999999975e-06,0.002
4.880000000000001e-06,0.0024000000000000002
4.899999999999997e-06,0.0024000000000000002
4.92e-06,0.0016
4.939999999999997e-06,-0.0008
4.96e-06,0.0
4.979999999999996e-06,-0.0008
